Number of orders: 
100

Number of factories\warehouses: 
5

Number of machines per factory: 
8

Number of types of spare parts: 
15

Number of maintenance strategies: 
4

Number of available workers per strategy: 
3

Transportation cost per unit time: 
3

Transprotation time between factories/warehouses and demand points: 
(Where rows denote factories: 1 to 5 ,and columns denote demand points: 1 to 100.)
85	94	107	63	67	141	101	122	94	56	63	67	59	91	51	149	74	149	55	142	133	86	148	59	63	56	113	85	121	30	96	141	146	147	93	120	30	133	49	95	37	57	53	86	85	129	101	111	61	131	55	52	76	140	59	94	32	123	129	130	128	68	83	147	89	137	127	114	44	66	51	57	82	91	47	75	53	108	67	99	118	95	139	94	122	54	119	35	134	101	92	135	82	32	47	122	141	110	95	126
77	120	144	49	148	98	82	149	123	102	111	31	71	140	60	101	76	50	51	76	113	91	89	117	101	53	129	87	85	89	64	54	140	90	97	52	93	38	131	124	84	49	44	126	149	144	121	130	141	80	30	141	48	74	90	57	94	33	132	43	74	59	55	125	109	40	67	43	148	31	102	91	98	83	124	51	76	83	108	73	134	99	137	94	75	76	99	47	72	99	78	99	47	50	71	84	138	45	40	109
118	61	117	55	33	41	57	73	131	140	54	87	50	122	55	90	139	49	75	105	86	92	37	34	116	90	130	95	98	54	106	136	47	99	74	138	42	62	57	131	149	116	61	83	100	64	52	145	147	75	119	41	62	134	58	55	146	41	116	40	142	53	77	115	60	120	49	121	125	118	48	42	111	122	124	83	61	35	126	107	71	120	31	74	50	104	30	70	106	40	125	99	107	146	39	112	141	114	41	147
55	126	131	62	138	135	95	147	93	77	108	94	91	36	79	122	122	61	77	75	126	79	51	34	79	104	76	140	62	109	32	148	52	110	124	140	62	101	139	39	108	84	38	144	101	90	89	32	101	60	62	39	51	85	117	64	36	40	100	62	51	108	145	61	87	71	71	130	42	119	54	46	88	77	94	31	125	105	138	60	96	125	93	144	67	122	77	107	124	55	145	145	80	66	90	68	105	79	43	144
120	53	39	113	98	55	125	63	82	136	33	95	71	124	37	59	41	69	55	102	63	128	75	96	43	85	88	107	93	138	40	43	126	100	36	142	95	127	116	31	99	45	74	50	40	140	85	101	61	38	62	109	95	97	128	135	40	51	49	44	129	34	145	68	102	38	92	66	68	81	119	39	71	35	109	59	84	95	132	71	56	97	42	140	81	110	125	99	127	52	148	58	104	76	69	45	34	33	35	114

Tranfer time of each worker between two different demand points: 
(Where rows and columns both denote demands points: 1 to 100.)
0	65	77	51	41	58	79	76	53	39	63	35	30	54	77	38	51	74	30	57	37	61	63	71	68	41	43	54	74	55	55	62	36	55	65	35	55	43	73	32	67	50	53	46	49	79	36	79	77	47	65	72	54	37	35	46	32	62	49	68	44	34	48	49	42	79	73	72	75	49	77	60	74	72	32	50	70	64	69	60	65	49	48	76	52	54	53	61	70	34	62	40	30	48	31	43	37	59	65	60
65	0	63	51	34	53	61	68	30	37	46	66	78	69	75	76	59	54	30	48	42	40	41	49	30	42	76	30	32	37	52	33	53	46	59	50	44	77	33	62	53	42	52	44	46	42	47	67	79	56	48	79	72	53	33	45	39	54	64	63	50	58	72	69	41	79	54	53	54	68	75	66	31	49	49	72	30	32	41	61	47	45	61	43	60	63	64	70	52	63	42	67	59	52	44	60	48	77	31	70
77	63	0	49	65	37	50	69	34	31	33	77	73	66	78	55	60	33	63	62	43	62	78	60	34	67	72	44	46	59	77	44	32	34	45	78	70	79	51	33	51	37	68	39	35	78	33	39	45	64	70	49	66	48	34	40	51	68	55	59	63	49	66	62	66	64	60	51	34	33	78	35	80	60	41	74	58	55	33	40	32	71	77	55	52	74	65	42	63	52	67	44	80	30	30	43	41	58	79	43
51	51	49	0	62	40	70	68	41	38	42	50	63	80	37	65	44	75	57	78	41	60	66	53	70	30	65	49	53	62	70	61	62	70	61	51	47	43	46	47	39	62	61	75	42	42	75	48	66	43	52	56	64	74	79	37	73	43	30	79	50	37	47	67	60	58	71	72	67	48	49	66	70	54	74	65	34	62	79	47	39	75	66	33	57	45	41	49	38	64	37	55	75	52	78	30	33	51	80	56
41	34	65	62	0	59	55	64	74	42	34	56	58	77	56	80	56	56	58	30	57	67	40	46	69	59	54	69	79	57	41	46	73	43	79	37	69	78	80	52	62	51	36	40	64	39	59	68	77	59	39	40	44	62	63	79	57	79	47	72	47	68	69	80	62	30	39	32	68	60	38	44	52	36	37	40	70	74	55	70	58	54	56	31	44	46	64	69	58	38	77	46	47	74	80	77	40	46	62	39
58	53	37	40	59	0	49	48	80	67	68	32	60	59	56	53	57	63	46	44	58	43	72	61	75	65	33	34	80	71	39	77	54	62	42	36	67	75	33	62	57	50	43	50	64	38	34	63	33	61	51	73	35	66	34	65	54	44	31	47	39	55	34	75	71	58	60	34	65	47	80	72	69	43	64	48	49	57	47	54	34	60	53	37	50	55	41	31	36	48	47	32	73	77	72	47	39	37	77	52
79	61	50	70	55	49	0	31	36	70	41	42	53	75	37	34	68	64	37	33	76	60	47	42	51	51	77	36	34	80	72	37	31	78	76	53	40	52	68	65	46	78	71	68	37	68	43	62	48	56	49	80	59	46	31	61	67	74	51	66	54	68	61	30	44	67	53	69	47	72	59	39	47	35	42	66	56	61	49	58	45	60	56	57	54	78	52	62	48	50	79	63	33	49	39	70	49	51	77	53
76	68	69	68	64	48	31	0	50	37	32	61	51	75	44	65	48	77	44	52	38	42	35	35	67	32	67	52	33	42	64	70	35	78	56	74	47	55	64	61	42	76	52	53	48	59	56	36	35	56	44	73	79	39	68	32	34	40	58	47	62	30	36	62	63	59	37	64	40	58	50	41	31	42	40	37	35	68	39	58	30	32	34	67	73	65	71	48	55	48	37	32	59	37	38	33	52	35	61	39
53	30	34	41	74	80	36	50	0	72	62	39	56	62	41	79	41	58	50	36	49	61	46	70	51	34	41	42	40	59	54	44	69	80	30	55	54	76	41	50	34	64	38	44	63	59	51	48	45	59	76	80	50	64	49	43	50	57	41	47	34	44	63	68	40	69	51	65	66	77	67	52	44	52	41	70	67	56	77	49	35	50	76	34	78	57	49	77	60	72	46	60	57	62	49	61	39	48	40	55
39	37	31	38	42	67	70	37	72	0	32	73	70	30	77	68	53	42	78	58	48	66	68	68	46	70	43	42	63	40	54	30	33	54	54	57	49	59	56	80	33	41	37	32	68	51	44	56	62	73	60	56	45	48	55	75	32	31	47	80	59	48	80	49	35	50	77	48	64	32	58	53	53	40	49	46	67	33	77	41	72	46	46	34	56	56	70	57	62	40	30	39	31	78	54	30	71	79	30	46
63	46	33	42	34	68	41	32	62	32	0	70	52	43	69	50	46	55	51	67	42	64	42	57	62	62	66	31	43	54	61	79	47	73	76	53	57	58	45	36	78	47	43	76	75	45	58	77	50	45	53	56	68	39	76	63	77	57	75	41	66	54	70	49	69	51	44	71	76	80	37	44	39	65	67	50	43	70	47	48	65	59	42	41	34	65	73	39	60	68	46	78	52	75	47	49	58	67	75	74
35	66	77	50	56	32	42	61	39	73	70	0	69	57	50	52	72	48	70	58	35	36	36	56	43	36	67	43	55	59	66	40	62	43	71	61	30	50	80	38	30	48	37	37	56	48	52	49	70	31	69	77	72	78	61	32	76	31	31	41	51	55	76	56	53	49	32	69	35	60	74	56	59	30	68	59	45	58	55	52	37	57	76	64	47	44	79	58	34	71	57	52	35	56	31	74	37	48	57	62
30	78	73	63	58	60	53	51	56	70	52	69	0	48	55	41	73	34	56	44	53	44	51	68	75	35	69	33	39	79	78	73	30	75	52	36	39	50	65	38	68	49	78	32	79	32	41	49	37	61	69	55	71	65	79	61	48	70	72	35	33	52	30	36	53	52	76	39	39	50	72	35	73	41	75	61	40	38	61	73	68	58	44	61	79	47	53	54	38	59	56	56	50	53	79	74	80	51	44	78
54	69	66	80	77	59	75	75	62	30	43	57	48	0	43	31	37	71	46	32	71	79	77	60	52	77	78	60	70	54	75	37	75	60	77	48	67	32	77	52	43	37	37	60	67	63	73	42	37	53	50	40	66	76	42	40	68	63	39	32	53	73	39	38	78	72	59	68	67	73	69	47	43	33	31	74	51	61	47	42	70	47	74	44	52	60	48	55	65	48	40	33	71	62	56	67	33	45	45	62
77	75	78	37	56	56	37	44	41	77	69	50	55	43	0	52	38	64	66	76	41	30	59	50	63	36	54	72	65	51	37	66	32	57	55	62	58	56	72	44	59	48	46	39	68	34	63	48	58	73	72	35	60	35	46	71	63	61	50	43	38	48	73	69	54	60	52	50	41	48	74	32	55	42	59	31	50	51	70	46	48	53	73	40	35	40	49	64	48	60	79	72	74	38	31	38	79	57	59	37
38	76	55	65	80	53	34	65	79	68	50	52	41	31	52	0	35	46	39	71	65	44	41	45	47	32	35	37	48	35	37	57	46	70	52	54	62	74	30	62	41	62	42	41	48	56	78	44	40	49	34	52	77	71	33	46	79	34	63	61	54	50	31	34	69	54	62	36	74	69	48	42	67	65	56	78	75	80	65	80	77	38	55	60	39	76	42	43	65	77	32	80	30	51	30	55	31	69	58	67
51	59	60	44	56	57	68	48	41	53	46	72	73	37	38	35	0	48	72	35	49	31	32	40	62	34	44	38	52	33	68	71	45	51	75	53	75	37	72	56	73	43	45	66	78	51	80	46	54	33	65	58	62	35	61	38	55	69	71	34	37	42	58	72	65	79	35	68	39	71	40	77	50	55	68	61	67	54	60	78	73	78	65	71	80	70	46	64	62	60	32	45	73	46	63	57	38	58	63	80
74	54	33	75	56	63	64	77	58	42	55	48	34	71	64	46	48	0	66	67	49	53	65	35	51	32	51	44	55	52	78	41	66	39	46	51	80	35	49	75	34	54	43	49	51	74	37	74	58	66	72	78	57	30	33	59	78	63	74	46	31	61	57	30	48	70	42	50	68	40	31	74	42	80	62	60	69	42	60	38	78	49	54	79	79	34	51	70	48	35	76	57	31	42	39	38	48	76	33	56
30	30	63	57	58	46	37	44	50	78	51	70	56	46	66	39	72	66	0	35	61	42	30	38	44	42	54	72	74	41	66	77	57	77	79	41	66	80	75	45	64	67	33	43	48	76	35	57	43	43	41	43	42	37	51	53	60	47	58	59	42	73	38	77	50	62	77	71	75	80	31	55	51	57	70	62	80	47	68	73	60	76	42	69	80	53	49	50	38	51	71	51	51	45	55	37	33	66	46	74
57	48	62	78	30	44	33	52	36	58	67	58	44	32	76	71	35	67	35	0	78	80	59	52	36	63	48	37	50	49	49	50	74	57	57	36	60	30	73	69	49	75	69	39	77	46	61	42	53	79	31	61	40	38	56	41	71	42	34	33	75	68	79	34	51	51	73	65	41	49	44	54	57	39	48	67	80	50	55	54	41	58	30	62	74	57	79	53	75	51	66	39	80	41	79	49	47	53	68	40
37	42	43	41	57	58	76	38	49	48	42	35	53	71	41	65	49	49	61	78	0	58	75	49	48	37	76	43	65	54	58	63	36	32	76	68	35	49	33	66	77	68	76	40	67	66	76	40	62	42	78	71	55	31	59	78	58	75	31	59	54	42	58	71	43	79	58	54	44	69	43	68	44	30	43	39	49	70	67	56	50	42	54	50	59	47	41	57	47	62	34	36	44	72	79	63	80	55	61	44
61	40	62	60	67	43	60	42	61	66	64	36	44	79	30	44	31	53	42	80	58	0	33	51	57	54	75	58	31	75	33	61	69	74	71	39	33	78	55	52	52	65	78	58	62	56	75	61	67	80	53	60	39	66	71	77	41	76	36	73	78	55	51	76	76	32	55	69	37	30	62	68	80	30	56	78	65	62	50	64	46	46	69	40	73	65	43	56	74	75	69	70	57	72	60	58	45	32	54	50
63	41	78	66	40	72	47	35	46	68	42	36	51	77	59	41	32	65	30	59	75	33	0	53	55	64	46	40	60	72	69	41	59	34	70	52	73	41	46	57	70	74	79	40	79	47	79	70	52	51	71	44	71	62	63	64	63	74	62	54	76	52	53	42	70	35	38	44	67	48	54	42	79	30	75	38	41	77	74	43	69	51	59	69	45	59	32	32	51	53	38	44	80	43	59	32	52	46	56	38
71	49	60	53	46	61	42	35	70	68	57	56	68	60	50	45	40	35	38	52	49	51	53	0	53	31	50	49	48	76	40	42	70	66	34	35	43	43	39	56	56	40	76	49	44	68	42	67	39	51	73	52	69	69	39	33	40	58	54	41	71	35	46	44	43	43	63	74	61	54	64	45	40	79	30	70	38	63	71	60	49	52	71	50	68	77	69	76	78	45	66	70	54	41	78	45	33	73	48	46
68	30	34	70	69	75	51	67	51	46	62	43	75	52	63	47	62	51	44	36	48	57	55	53	0	38	66	37	69	63	33	54	72	69	40	56	30	80	47	63	55	49	36	31	49	55	47	34	80	39	35	46	46	42	47	56	57	65	63	66	33	80	44	62	33	62	50	38	64	76	49	75	68	75	67	60	31	42	34	73	64	79	40	57	67	36	31	59	59	34	64	57	62	51	57	72	77	30	50	63
41	42	67	30	59	65	51	32	34	70	62	36	35	77	36	32	34	32	42	63	37	54	64	31	38	0	73	57	37	40	61	42	54	46	50	68	40	47	78	56	40	55	66	44	59	64	41	54	61	65	32	80	57	72	35	30	50	42	64	50	41	37	78	62	67	73	64	33	60	54	36	44	78	42	76	45	40	52	35	67	47	54	59	69	50	78	53	45	56	44	43	66	57	40	69	49	78	35	76	71
43	76	72	65	54	33	77	67	41	43	66	67	69	78	54	35	44	51	54	48	76	75	46	50	66	73	0	79	34	45	31	61	55	48	69	62	40	47	42	36	71	32	71	37	55	47	52	38	57	46	77	47	50	60	48	61	37	69	76	54	80	46	53	34	55	62	76	68	65	60	43	75	49	41	43	77	71	43	30	59	64	64	38	32	76	43	74	53	57	76	65	56	72	76	68	34	56	77	58	46
54	30	44	49	69	34	36	52	42	42	31	43	33	60	72	37	38	44	72	37	43	58	40	49	37	57	79	0	57	44	44	40	70	35	33	38	55	60	63	37	34	37	47	77	40	30	63	63	40	62	68	46	59	66	31	58	49	74	57	31	61	44	44	78	54	73	66	51	75	58	60	34	70	35	54	37	53	58	72	31	38	79	74	35	34	56	67	40	52	73	64	30	62	54	51	44	80	68	54	62
74	32	46	53	79	80	34	33	40	63	43	55	39	70	65	48	52	55	74	50	65	31	60	48	69	37	34	57	0	35	38	45	80	41	30	79	33	35	47	42	70	38	49	33	54	80	66	80	38	62	34	39	75	72	74	61	48	61	54	66	65	77	68	77	37	60	72	66	69	48	71	47	76	32	38	30	79	75	42	51	37	61	75	56	57	54	32	71	68	64	47	52	41	36	51	39	51	73	49	73
55	37	59	62	57	71	80	42	59	40	54	59	79	54	51	35	33	52	41	49	54	75	72	76	63	40	45	44	35	0	80	58	43	31	68	58	60	76	41	66	50	52	44	67	65	45	41	63	42	55	68	54	63	67	34	66	32	57	67	37	43	33	34	60	30	55	38	66	61	36	68	31	36	52	68	50	32	56	42	59	60	78	70	61	45	48	64	72	70	61	31	66	43	44	31	46	79	56	72	52
55	52	77	70	41	39	72	64	54	54	61	66	78	75	37	37	68	78	66	49	58	33	69	40	33	61	31	44	38	80	0	40	36	53	68	57	59	50	60	56	36	73	54	32	32	75	33	71	49	71	44	62	31	38	35	75	70	62	63	62	64	52	55	45	73	60	73	69	60	64	74	46	65	77	40	54	74	64	61	45	38	42	58	34	54	36	72	38	50	62	73	51	56	61	66	55	55	51	46	62
62	33	44	61	46	77	37	70	44	30	79	40	73	37	66	57	71	41	77	50	63	61	41	42	54	42	61	40	45	58	40	0	34	58	71	80	60	79	70	71	68	49	75	72	40	35	68	33	30	80	69	45	52	32	78	58	59	76	55	72	68	58	40	69	30	79	55	62	46	80	36	69	48	63	75	43	74	42	40	80	49	79	80	48	40	33	77	70	68	76	34	71	64	47	34	31	72	64	67	54
36	53	32	62	73	54	31	35	69	33	47	62	30	75	32	46	45	66	57	74	36	69	59	70	72	54	55	70	80	43	36	34	0	78	80	65	75	40	62	37	67	38	50	62	38	64	58	61	75	67	75	49	41	62	41	53	70	64	50	67	34	47	77	76	70	74	59	68	42	36	78	44	65	50	51	65	60	50	34	48	53	64	40	48	36	58	46	33	52	61	51	56	76	51	65	74	57	34	46	48
55	46	34	70	43	62	78	78	80	54	73	43	75	60	57	70	51	39	77	57	32	74	34	66	69	46	48	35	41	31	53	58	78	0	43	54	43	50	55	64	60	72	77	43	62	74	39	46	38	49	53	49	42	52	69	55	32	55	56	72	56	39	67	45	73	76	41	57	73	65	46	66	58	50	78	52	62	45	75	70	51	46	73	47	55	79	41	64	48	36	40	47	34	37	43	64	55	40	38	63
65	59	45	61	79	42	76	56	30	54	76	71	52	77	55	52	75	46	79	57	76	71	70	34	40	50	69	33	30	68	68	71	80	43	0	34	71	73	34	48	53	71	66	77	39	32	75	68	48	79	45	32	63	47	71	33	77	67	80	44	32	34	63	32	69	30	53	76	60	63	66	36	58	44	36	70	47	57	37	58	50	56	77	34	78	40	59	54	47	38	57	54	74	80	35	59	48	38	77	54
35	50	78	51	37	36	53	74	55	57	53	61	36	48	62	54	53	51	41	36	68	39	52	35	56	68	62	38	79	58	57	80	65	54	34	0	41	72	58	55	65	64	64	60	42	64	44	59	34	73	79	44	48	77	57	69	68	31	64	44	61	42	42	74	64	72	45	65	60	65	36	37	68	45	68	79	51	58	66	62	49	47	65	49	61	65	35	43	30	47	61	36	62	69	77	71	73	35	80	31
55	44	70	47	69	67	40	47	54	49	57	30	39	67	58	62	75	80	66	60	35	33	73	43	30	40	40	55	33	60	59	60	75	43	71	41	0	67	34	77	48	30	35	37	37	33	68	37	69	66	52	36	52	33	70	49	50	70	51	40	56	40	39	78	57	34	50	77	38	49	42	63	40	32	61	78	79	51	34	64	50	78	44	37	48	43	70	31	65	42	80	67	74	51	74	38	59	52	65	39
43	77	79	43	78	75	52	55	76	59	58	50	50	32	56	74	37	35	80	30	49	78	41	43	80	47	47	60	35	76	50	79	40	50	73	72	67	0	52	62	80	65	50	48	57	43	68	77	33	74	61	38	73	48	54	80	76	42	32	36	48	67	43	57	33	31	65	34	60	37	33	77	52	46	35	76	50	38	56	33	62	71	61	52	59	30	43	55	37	51	63	49	33	68	30	40	49	58	56	70
73	33	51	46	80	33	68	64	41	56	45	80	65	77	72	30	72	49	75	73	33	55	46	39	47	78	42	63	47	41	60	70	62	55	34	58	34	52	0	41	60	56	38	68	78	56	48	56	47	59	73	55	75	59	32	36	32	71	38	70	58	55	50	63	49	34	45	74	72	64	45	53	74	48	43	47	48	52	41	39	77	74	41	35	55	53	75	34	48	78	50	74	72	71	46	80	72	61	67	52
32	62	33	47	52	62	65	61	50	80	36	38	38	52	44	62	56	75	45	69	66	52	57	56	63	56	36	37	42	66	56	71	37	64	48	55	77	62	41	0	70	61	48	56	45	31	78	45	31	73	52	35	40	30	33	71	66	49	42	32	40	48	52	52	34	32	73	68	63	41	67	63	52	46	46	65	68	38	53	39	42	38	62	44	43	35	55	73	34	61	67	47	30	32	70	56	40	62	64	59
67	53	51	39	62	57	46	42	34	33	78	30	68	43	59	41	73	34	64	49	77	52	70	56	55	40	71	34	70	50	36	68	67	60	53	65	48	80	60	70	0	71	77	31	72	77	46	44	38	73	70	33	36	73	46	36	58	35	65	53	79	76	44	34	49	62	69	36	63	49	33	61	35	33	47	50	49	47	80	74	64	65	32	43	47	44	50	42	39	31	80	64	45	69	49	69	35	45	60	34
50	42	37	62	51	50	78	76	64	41	47	48	49	37	48	62	43	54	67	75	68	65	74	40	49	55	32	37	38	52	73	49	38	72	71	64	30	65	56	61	71	0	50	70	36	69	42	48	64	59	34	68	58	55	59	34	35	56	51	30	59	33	77	31	79	40	65	34	54	48	77	48	76	77	40	55	37	39	62	47	36	40	44	44	74	65	63	38	38	72	74	48	30	54	61	55	80	42	58	40
53	52	68	61	36	43	71	52	38	37	43	37	78	37	46	42	45	43	33	69	76	78	79	76	36	66	71	47	49	44	54	75	50	77	66	64	35	50	38	48	77	50	0	46	50	47	68	79	37	71	40	47	55	71	68	46	70	45	70	32	31	33	30	32	63	45	54	74	74	50	30	36	57	75	32	40	39	59	76	40	44	78	33	78	46	35	79	30	41	57	32	40	52	30	52	59	68	77	44	74
46	44	39	75	40	50	68	53	44	32	76	37	32	60	39	41	66	49	43	39	40	58	40	49	31	44	37	77	33	67	32	72	62	43	77	60	37	48	68	56	31	70	46	0	69	60	67	33	76	32	50	50	53	49	55	66	70	50	42	71	41	41	62	69	40	42	46	69	45	78	30	56	80	42	41	36	64	63	47	41	68	40	44	55	67	63	65	53	68	79	36	54	44	53	55	64	42	74	63	66
49	46	35	42	64	64	37	48	63	68	75	56	79	67	68	48	78	51	48	77	67	62	79	44	49	59	55	40	54	65	32	40	38	62	39	42	37	57	78	45	72	36	50	69	0	42	35	31	79	67	33	67	72	41	49	61	37	38	61	51	58	55	51	70	47	64	33	67	58	32	76	42	55	74	48	71	31	75	53	49	41	56	43	49	34	43	47	35	35	67	34	48	31	55	39	58	60	77	34	34
79	42	78	42	39	38	68	59	59	51	45	48	32	63	34	56	51	74	76	46	66	56	47	68	55	64	47	30	80	45	75	35	64	74	32	64	33	43	56	31	77	69	47	60	42	0	79	42	48	68	40	37	58	34	61	39	67	45	78	49	37	55	76	56	68	69	36	66	76	40	58	53	42	32	50	66	46	72	55	33	65	53	46	44	69	80	58	45	44	38	77	35	80	41	46	62	30	41	34	68
36	47	33	75	59	34	43	56	51	44	58	52	41	73	63	78	80	37	35	61	76	75	79	42	47	41	52	63	66	41	33	68	58	39	75	44	68	68	48	78	46	42	68	67	35	79	0	55	46	50	31	47	39	72	70	51	48	44	45	62	46	72	62	68	68	60	76	44	78	55	35	56	76	47	36	52	33	77	73	40	50	49	33	78	40	62	77	57	41	51	46	59	56	80	44	70	59	53	37	58
79	67	39	48	68	63	62	36	48	56	77	49	49	42	48	44	46	74	57	42	40	61	70	67	34	54	38	63	80	63	71	33	61	46	68	59	37	77	56	45	44	48	79	33	31	42	55	0	74	43	53	30	73	46	53	58	36	64	52	66	39	49	35	49	68	39	77	77	31	30	53	50	31	48	34	50	38	68	69	68	80	40	31	44	54	79	32	46	39	44	32	71	36	57	35	44	39	33	60	43
77	79	45	66	77	33	48	35	45	62	50	70	37	37	58	40	54	58	43	53	62	67	52	39	80	61	57	40	38	42	49	30	75	38	48	34	69	33	47	31	38	64	37	76	79	48	46	74	0	34	75	52	34	45	63	44	68	31	36	80	42	50	47	48	65	34	49	49	44	64	51	35	41	80	72	73	62	31	52	41	70	76	42	57	39	64	60	43	33	62	38	35	69	36	45	47	51	63	71	60
47	56	64	43	59	61	56	56	59	73	45	31	61	53	73	49	33	66	43	79	42	80	51	51	39	65	46	62	62	55	71	80	67	49	79	73	66	74	59	73	73	59	71	32	67	68	50	43	34	0	46	35	70	57	77	56	64	38	59	54	32	30	63	67	54	33	56	34	34	71	75	44	58	79	67	43	66	35	43	66	42	80	39	43	63	71	63	31	48	46	49	47	45	38	48	50	42	76	78	49
65	48	70	52	39	51	49	44	76	60	53	69	69	50	72	34	65	72	41	31	78	53	71	73	35	32	77	68	34	68	44	69	75	53	45	79	52	61	73	52	70	34	40	50	33	40	31	53	75	46	0	30	62	37	53	45	51	38	80	68	36	72	38	61	62	59	62	32	65	76	47	51	44	65	45	41	75	45	53	65	69	67	52	38	33	68	37	59	31	65	48	62	59	60	49	67	65	78	51	37
72	79	49	56	40	73	80	73	80	56	56	77	55	40	35	52	58	78	43	61	71	60	44	52	46	80	47	46	39	54	62	45	49	49	32	44	36	38	55	35	33	68	47	50	67	37	47	30	52	35	30	0	61	35	40	50	67	77	74	72	33	75	35	60	60	66	80	38	54	38	33	36	34	76	69	45	73	34	40	43	49	76	41	59	54	37	39	51	63	30	39	45	73	39	35	65	76	61	36	32
54	72	66	64	44	35	59	79	50	45	68	72	71	66	60	77	62	57	42	40	55	39	71	69	46	57	50	59	75	63	31	52	41	42	63	48	52	73	75	40	36	58	55	53	72	58	39	73	34	70	62	61	0	70	58	49	31	58	33	48	73	67	34	70	79	42	78	71	75	37	37	60	65	52	62	61	64	62	57	44	37	60	34	69	62	59	32	71	51	60	61	35	50	76	37	57	31	75	35	36
37	53	48	74	62	66	46	39	64	48	39	78	65	76	35	71	35	30	37	38	31	66	62	69	42	72	60	66	72	67	38	32	62	52	47	77	33	48	59	30	73	55	71	49	41	34	72	46	45	57	37	35	70	0	78	42	80	34	69	71	47	56	34	72	72	56	40	62	65	55	36	54	30	76	38	75	41	71	52	45	41	40	58	60	62	44	43	76	80	31	79	52	44	64	71	75	78	66	42	78
35	33	34	79	63	34	31	68	49	55	76	61	79	42	46	33	61	33	51	56	59	71	63	39	47	35	48	31	74	34	35	78	41	69	71	57	70	54	32	33	46	59	68	55	49	61	70	53	63	77	53	40	58	78	0	36	70	31	78	62	52	76	52	50	53	34	42	64	30	49	44	80	56	56	67	34	65	47	67	69	38	34	67	72	76	46	66	79	61	58	80	40	58	48	35	53	54	33	30	56
46	45	40	37	79	65	61	32	43	75	63	32	61	40	71	46	38	59	53	41	78	77	64	33	56	30	61	58	61	66	75	58	53	55	33	69	49	80	36	71	36	34	46	66	61	39	51	58	44	56	45	50	49	42	36	0	61	40	51	56	58	54	78	40	71	32	40	51	31	56	36	51	48	53	38	68	35	59	72	77	66	74	62	41	61	48	32	41	65	59	69	68	57	31	47	38	78	67	60	61
32	39	51	73	57	54	67	34	50	32	77	76	48	68	63	79	55	78	60	71	58	41	63	40	57	50	37	49	48	32	70	59	70	32	77	68	50	76	32	66	58	35	70	70	37	67	48	36	68	64	51	67	31	80	70	61	0	40	74	47	30	46	76	67	49	38	63	43	77	51	77	47	41	58	79	77	63	51	53	73	65	73	44	51	36	72	47	75	42	65	68	62	40	68	73	51	30	76	55	30
62	54	68	43	79	44	74	40	57	31	57	31	70	63	61	34	69	63	47	42	75	76	74	58	65	42	69	74	61	57	62	76	64	55	67	31	70	42	71	49	35	56	45	50	38	45	44	64	31	38	38	77	58	34	31	40	40	0	77	49	79	64	56	77	68	50	62	38	36	66	51	64	80	68	69	52	57	66	71	75	39	49	33	67	38	71	59	56	51	65	76	75	78	40	34	41	60	51	30	73
49	64	55	30	47	31	51	58	41	47	75	31	72	39	50	63	71	74	58	34	31	36	62	54	63	64	76	57	54	67	63	55	50	56	80	64	51	32	38	42	65	51	70	42	61	78	45	52	36	59	80	74	33	69	78	51	74	77	0	61	43	61	56	36	47	33	66	52	66	66	33	68	31	53	72	70	74	61	46	55	54	79	44	80	34	70	43	56	46	76	38	73	67	75	42	45	61	36	50	55
68	63	59	79	72	47	66	47	47	80	41	41	35	32	43	61	34	46	59	33	59	73	54	41	66	50	54	31	66	37	62	72	67	72	44	44	40	36	70	32	53	30	32	71	51	49	62	66	80	54	68	72	48	71	62	56	47	49	61	0	58	49	71	46	43	79	41	55	79	38	56	30	55	42	68	45	58	32	64	74	70	48	44	32	78	30	30	64	76	53	59	33	30	57	51	63	47	44	68	55
44	50	63	50	47	39	54	62	34	59	66	51	33	53	38	54	37	31	42	75	54	78	76	71	33	41	80	61	65	43	64	68	34	56	32	61	56	48	58	40	79	59	31	41	58	37	46	39	42	32	36	33	73	47	52	58	30	79	43	58	0	67	73	62	64	43	62	46	50	76	75	34	74	47	75	31	64	40	77	53	69	66	36	46	73	54	33	31	46	65	32	56	30	63	69	52	79	75	74	66
34	58	49	37	68	55	68	30	44	48	54	55	52	73	48	50	42	61	73	68	42	55	52	35	80	37	46	44	77	33	52	58	47	39	34	42	40	67	55	48	76	33	33	41	55	55	72	49	50	30	72	75	67	56	76	54	46	64	61	49	67	0	55	43	42	33	36	66	52	56	39	43	50	66	64	54	41	45	47	62	76	62	35	61	40	65	36	36	49	53	79	57	41	49	44	61	49	55	37	30
48	72	66	47	69	34	61	36	63	80	70	76	30	39	73	31	58	57	38	79	58	51	53	46	44	78	53	44	68	34	55	40	77	67	63	42	39	43	50	52	44	77	30	62	51	76	62	35	47	63	38	35	34	34	52	78	76	56	56	71	73	55	0	35	39	61	60	38	61	45	37	32	30	56	48	77	45	49	47	45	34	76	33	65	51	37	63	56	58	77	58	60	32	63	50	39	55	65	39	35
49	69	62	67	80	75	30	62	68	49	49	56	36	38	69	34	72	30	77	34	71	76	42	44	62	62	34	78	77	60	45	69	76	45	32	74	78	57	63	52	34	31	32	69	70	56	68	49	48	67	61	60	70	72	50	40	67	77	36	46	62	43	35	0	30	56	72	66	54	34	57	51	67	44	73	63	54	77	64	65	30	39	42	59	36	31	66	61	67	76	38	61	47	47	48	41	75	72	75	65
42	41	66	60	62	71	44	63	40	35	69	53	53	78	54	69	65	48	50	51	43	76	70	43	33	67	55	54	37	30	73	30	70	73	69	64	57	33	49	34	49	79	63	40	47	68	68	68	65	54	62	60	79	72	53	71	49	68	47	43	64	42	39	30	0	75	78	40	58	49	78	70	40	32	35	47	56	36	36	39	44	60	30	79	79	69	41	74	71	66	80	62	58	70	48	74	74	54	38	68
79	79	64	58	30	58	67	59	69	50	51	49	52	72	60	54	79	70	62	51	79	32	35	43	62	73	62	73	60	55	60	79	74	76	30	72	34	31	34	32	62	40	45	42	64	69	60	39	34	33	59	66	42	56	34	32	38	50	33	79	43	33	61	56	75	0	48	74	50	75	54	48	62	71	73	58	71	42	72	80	63	80	37	53	63	31	39	66	70	41	43	73	79	43	38	30	59	34	52	67
73	54	60	71	39	60	53	37	51	77	44	32	76	59	52	62	35	42	77	73	58	55	38	63	50	64	76	66	72	38	73	55	59	41	53	45	50	65	45	73	69	65	54	46	33	36	76	77	49	56	62	80	78	40	42	40	63	62	66	41	62	36	60	72	78	48	0	60	60	61	76	49	68	46	46	55	33	58	60	35	72	44	67	69	34	37	45	71	72	41	62	69	57	80	69	58	40	78	56	77
72	53	51	72	32	34	69	64	65	48	71	69	39	68	50	36	68	50	71	65	54	69	44	74	38	33	68	51	66	66	69	62	68	57	76	65	77	34	74	68	36	34	74	69	67	66	44	77	49	34	32	38	71	62	64	51	43	38	52	55	46	66	38	66	40	74	60	0	64	45	76	41	62	52	44	79	38	42	50	76	37	47	39	72	71	61	64	67	73	76	78	79	57	68	36	72	63	52	56	79
75	54	34	67	68	65	47	40	66	64	76	35	39	67	41	74	39	68	75	41	44	37	67	61	64	60	65	75	69	61	60	46	42	73	60	60	38	60	72	63	63	54	74	45	58	76	78	31	44	34	65	54	75	65	30	31	77	36	66	79	50	52	61	54	58	50	60	64	0	44	73	45	49	32	31	67	60	66	75	50	36	64	50	79	38	64	36	35	72	75	68	59	73	36	45	53	35	57	75	78
49	68	33	48	60	47	72	58	77	32	80	60	50	73	48	69	71	40	80	49	69	30	48	54	76	54	60	58	48	36	64	80	36	65	63	65	49	37	64	41	49	48	50	78	32	40	55	30	64	71	76	38	37	55	49	56	51	66	66	38	76	56	45	34	49	75	61	45	44	0	55	47	68	60	58	43	34	60	73	30	73	44	65	75	36	76	43	53	31	47	71	37	50	35	33	76	44	73	56	39
77	75	78	49	38	80	59	50	67	58	37	74	72	69	74	48	40	31	31	44	43	62	54	64	49	36	43	60	71	68	74	36	78	46	66	36	42	33	45	67	33	77	30	30	76	58	35	53	51	75	47	33	37	36	44	36	77	51	33	56	75	39	37	57	78	54	76	76	73	55	0	41	43	62	69	76	46	74	38	67	72	76	62	73	53	74	48	74	55	38	42	37	64	67	58	57	48	55	61	79
60	66	35	66	44	72	39	41	52	53	44	56	35	47	32	42	77	74	55	54	68	68	42	45	75	44	75	34	47	31	46	69	44	66	36	37	63	77	53	63	61	48	36	56	42	53	56	50	35	44	51	36	60	54	80	51	47	64	68	30	34	43	32	51	70	48	49	41	45	47	41	0	64	56	68	41	75	41	66	52	78	62	42	52	52	78	69	64	33	69	47	30	51	33	37	41	68	40	73	77
74	31	80	70	52	69	47	31	44	53	39	59	73	43	55	67	50	42	51	57	44	80	79	40	68	78	49	70	76	36	65	48	65	58	58	68	40	52	74	52	35	76	57	80	55	42	76	31	41	58	44	34	65	30	56	48	41	80	31	55	74	50	30	67	40	62	68	62	49	68	43	64	0	77	46	74	30	70	49	42	55	53	72	59	59	56	72	40	40	58	80	40	79	77	59	43	53	44	40	80
72	49	60	54	36	43	35	42	52	40	65	30	41	33	42	65	55	80	57	39	30	30	30	79	75	42	41	35	32	52	77	63	50	50	44	45	32	46	48	46	33	77	75	42	74	32	47	48	80	79	65	76	52	76	56	53	58	68	53	42	47	66	56	44	32	71	46	52	32	60	62	56	77	0	66	75	62	62	52	32	78	64	71	68	43	53	45	44	31	34	67	77	74	44	63	30	70	79	39	59
32	49	41	74	37	64	42	40	41	49	67	68	75	31	59	56	68	62	70	48	43	56	75	30	67	76	43	54	38	68	40	75	51	78	36	68	61	35	43	46	47	40	32	41	48	50	36	34	72	67	45	69	62	38	67	38	79	69	72	68	75	64	48	73	35	73	46	44	31	58	69	68	46	66	0	32	48	54	41	66	53	51	59	69	39	31	30	33	73	31	52	56	31	40	60	53	40	63	46	31
50	72	74	65	40	48	66	37	70	46	50	59	61	74	31	78	61	60	62	67	39	78	38	70	60	45	77	37	30	50	54	43	65	52	70	79	78	76	47	65	50	55	40	36	71	66	52	50	73	43	41	45	61	75	34	68	77	52	70	45	31	54	77	63	47	58	55	79	67	43	76	41	74	75	32	0	32	68	35	32	73	47	32	30	31	72	56	79	52	37	35	33	74	38	61	78	71	78	69	37
70	30	58	34	70	49	56	35	67	67	43	45	40	51	50	75	67	69	80	80	49	65	41	38	31	40	71	53	79	32	74	74	60	62	47	51	79	50	48	68	49	37	39	64	31	46	33	38	62	66	75	73	64	41	65	35	63	57	74	58	64	41	45	54	56	71	33	38	60	34	46	75	30	62	48	32	0	76	38	78	60	32	39	41	34	79	73	49	80	57	71	39	67	52	61	72	49	72	57	58
64	32	55	62	74	57	61	68	56	33	70	58	38	61	51	80	54	42	47	50	70	62	77	63	42	52	43	58	75	56	64	42	50	45	57	58	51	38	52	38	47	39	59	63	75	72	77	68	31	35	45	34	62	71	47	59	51	66	61	32	40	45	49	77	36	42	58	42	66	60	74	41	70	62	54	68	76	0	30	38	57	71	35	51	63	43	64	51	69	62	65	79	79	77	49	53	65	67	56	53
69	41	33	79	55	47	49	39	77	77	47	55	61	47	70	65	60	60	68	55	67	50	74	71	34	35	30	72	42	42	61	40	34	75	37	66	34	56	41	53	80	62	76	47	53	55	73	69	52	43	53	40	57	52	67	72	53	71	46	64	77	47	47	64	36	72	60	50	75	73	38	66	49	52	41	35	38	30	0	74	62	78	63	49	74	74	56	34	35	76	33	32	79	53	73	69	70	79	79	66
60	61	40	47	70	54	58	58	49	41	48	52	73	42	46	80	78	38	73	54	56	64	43	60	73	67	59	31	51	59	45	80	48	70	58	62	64	33	39	39	74	47	40	41	49	33	40	68	41	66	65	43	44	45	69	77	73	75	55	74	53	62	45	65	39	80	35	76	50	30	67	52	42	32	66	32	78	38	74	0	34	36	48	75	53	45	60	60	60	55	71	69	39	52	67	55	79	36	61	72
65	47	32	39	58	34	45	30	35	72	65	37	68	70	48	77	73	78	60	41	50	46	69	49	64	47	64	38	37	60	38	49	53	51	50	49	50	62	77	42	64	36	44	68	41	65	50	80	70	42	69	49	37	41	38	66	65	39	54	70	69	76	34	30	44	63	72	37	36	73	72	78	55	78	53	73	60	57	62	34	0	41	39	50	44	71	59	38	68	67	34	77	68	64	46	74	64	43	71	70
49	45	71	75	54	60	60	32	50	46	59	57	58	47	53	38	78	49	76	58	42	46	51	52	79	54	64	79	61	78	42	79	64	46	56	47	78	71	74	38	65	40	78	40	56	53	49	40	76	80	67	76	60	40	34	74	73	49	79	48	66	62	76	39	60	80	44	47	64	44	76	62	53	64	51	47	32	71	78	36	41	0	72	66	71	70	74	57	56	79	56	77	63	74	62	67	68	70	54	51
48	61	77	66	56	53	56	34	76	46	42	76	44	74	73	55	65	54	42	30	54	69	59	71	40	59	38	74	75	70	58	80	40	73	77	65	44	61	41	62	32	44	33	44	43	46	33	31	42	39	52	41	34	58	67	62	44	33	44	44	36	35	33	42	30	37	67	39	50	65	62	42	72	71	59	32	39	35	63	48	39	72	0	44	79	72	42	75	50	66	33	35	61	45	36	53	53	64	36	78
76	43	55	33	31	37	57	67	34	34	41	64	61	44	40	60	71	79	69	62	50	40	69	50	57	69	32	35	56	61	34	48	48	47	34	49	37	52	35	44	43	44	78	55	49	44	78	44	57	43	38	59	69	60	72	41	51	67	80	32	46	61	65	59	79	53	69	72	79	75	73	52	59	68	69	30	41	51	49	75	50	66	44	0	57	54	71	57	37	35	52	33	69	76	68	78	38	71	57	68
52	60	52	57	44	50	54	73	78	56	34	47	79	52	35	39	80	79	80	74	59	73	45	68	67	50	76	34	57	45	54	40	36	55	78	61	48	59	55	43	47	74	46	67	34	69	40	54	39	63	33	54	62	62	76	61	36	38	34	78	73	40	51	36	79	63	34	71	38	36	53	52	59	43	39	31	34	63	74	53	44	71	79	57	0	41	77	30	52	34	76	35	56	53	73	36	57	80	58	43
54	63	74	45	46	55	78	65	57	56	65	44	47	60	40	76	70	34	53	57	47	65	59	77	36	78	43	56	54	48	36	33	58	79	40	65	43	30	53	35	44	65	35	63	43	80	62	79	64	71	68	37	59	44	46	48	72	71	70	30	54	65	37	31	69	31	37	61	64	76	74	78	56	53	31	72	79	43	74	45	71	70	72	54	41	0	41	43	49	75	51	54	58	59	40	48	47	63	74	34
53	64	65	41	64	41	52	71	49	70	73	79	53	48	49	42	46	51	49	79	41	43	32	69	31	53	74	67	32	64	72	77	46	41	59	35	70	43	75	55	50	63	79	65	47	58	77	32	60	63	37	39	32	43	66	32	47	59	43	30	33	36	63	66	41	39	45	64	36	43	48	69	72	45	30	56	73	64	56	60	59	74	42	71	77	41	0	48	71	66	43	59	45	70	76	63	45	38	42	30
61	70	42	49	69	31	62	48	77	57	39	58	54	55	64	43	64	70	50	53	57	56	32	76	59	45	53	40	71	72	38	70	33	64	54	43	31	55	34	73	42	38	30	53	35	45	57	46	43	31	59	51	71	76	79	41	75	56	56	64	31	36	56	61	74	66	71	67	35	53	74	64	40	44	33	79	49	51	34	60	38	57	75	57	30	43	48	0	41	77	49	78	62	53	58	41	56	31	69	68
70	52	63	38	58	36	48	55	60	62	60	34	38	65	48	65	62	48	38	75	47	74	51	78	59	56	57	52	68	70	50	68	52	48	47	30	65	37	48	34	39	38	41	68	35	44	41	39	33	48	31	63	51	80	61	65	42	51	46	76	46	49	58	67	71	70	72	73	72	31	55	33	40	31	73	52	80	69	35	60	68	56	50	37	52	49	71	41	0	59	63	35	35	46	45	61	71	69	52	56
34	63	52	64	38	48	50	48	72	40	68	71	59	48	60	77	60	35	51	51	62	75	53	45	34	44	76	73	64	61	62	76	61	36	38	47	42	51	78	61	31	72	57	79	67	38	51	44	62	46	65	30	60	31	58	59	65	65	76	53	65	53	77	76	66	41	41	76	75	47	38	69	58	34	31	37	57	62	76	55	67	79	66	35	34	75	66	77	59	0	30	80	41	40	37	78	32	59	30	40
62	42	67	37	77	47	79	37	46	30	46	57	56	40	79	32	32	76	71	66	34	69	38	66	64	43	65	64	47	31	73	34	51	40	57	61	80	63	50	67	80	74	32	36	34	77	46	32	38	49	48	39	61	79	80	69	68	76	38	59	32	79	58	38	80	43	62	78	68	71	42	47	80	67	52	35	71	65	33	71	34	56	33	52	76	51	43	49	63	30	0	37	73	71	45	50	41	40	61	77
40	67	44	55	46	32	63	32	60	39	78	52	56	33	72	80	45	57	51	39	36	70	44	70	57	66	56	30	52	66	51	71	56	47	54	36	67	49	74	47	64	48	40	54	48	35	59	71	35	47	62	45	35	52	40	68	62	75	73	33	56	57	60	61	62	73	69	79	59	37	37	30	40	77	56	33	39	79	32	69	77	77	35	33	35	54	59	78	35	80	37	0	69	39	74	43	33	31	72	33
30	59	80	75	47	73	33	59	57	31	52	35	50	71	74	30	73	31	51	80	44	57	80	54	62	57	72	62	41	43	56	64	76	34	74	62	74	33	72	30	45	30	52	44	31	80	56	36	69	45	59	73	50	44	58	57	40	78	67	30	30	41	32	47	58	79	57	57	73	50	64	51	79	74	31	74	67	79	79	39	68	63	61	69	56	58	45	62	35	41	73	69	0	37	73	78	31	56	52	40
48	52	30	52	74	77	49	37	62	78	75	56	53	62	38	51	46	42	45	41	72	72	43	41	51	40	76	54	36	44	61	47	51	37	80	69	51	68	71	32	69	54	30	53	55	41	80	57	36	38	60	39	76	64	48	31	68	40	75	57	63	49	63	47	70	43	80	68	36	35	67	33	77	44	40	38	52	77	53	52	64	74	45	76	53	59	70	53	46	40	71	39	37	0	42	49	67	51	75	41
31	44	30	78	80	72	39	38	49	54	47	31	79	56	31	30	63	39	55	79	79	60	59	78	57	69	68	51	51	31	66	34	65	43	35	77	74	30	46	70	49	61	52	55	39	46	44	35	45	48	49	35	37	71	35	47	73	34	42	51	69	44	50	48	48	38	69	36	45	33	58	37	59	63	60	61	61	49	73	67	46	62	36	68	73	40	76	58	45	37	45	74	73	42	0	43	63	39	40	67
43	60	43	30	77	47	70	33	61	30	49	74	74	67	38	55	57	38	37	49	63	58	32	45	72	49	34	44	39	46	55	31	74	64	59	71	38	40	80	56	69	55	59	64	58	62	70	44	47	50	67	65	57	75	53	38	51	41	45	63	52	61	39	41	74	30	58	72	53	76	57	41	43	30	53	78	72	53	69	55	74	67	53	78	36	48	63	41	61	78	50	43	78	49	43	0	43	60	74	66
37	48	41	33	40	39	49	52	39	71	58	37	80	33	79	31	38	48	33	47	80	45	52	33	77	78	56	80	51	79	55	72	57	55	48	73	59	49	72	40	35	80	68	42	60	30	59	39	51	42	65	76	31	78	54	78	30	60	61	47	79	49	55	75	74	59	40	63	35	44	48	68	53	70	40	71	49	65	70	79	64	68	53	38	57	47	45	56	71	32	41	33	31	67	63	43	0	40	62	76
59	77	58	51	46	37	51	35	48	79	67	48	51	45	57	69	58	76	66	53	55	32	46	73	30	35	77	68	73	56	51	64	34	40	38	35	52	58	61	62	45	42	77	74	77	41	53	33	63	76	78	61	75	66	33	67	76	51	36	44	75	55	65	72	54	34	78	52	57	73	55	40	44	79	63	78	72	67	79	36	43	70	64	71	80	63	38	31	69	59	40	31	56	51	39	60	40	0	30	46
65	31	79	80	62	77	77	61	40	30	75	57	44	45	59	58	63	33	46	68	61	54	56	48	50	76	58	54	49	72	46	67	46	38	77	80	65	56	67	64	60	58	44	63	34	34	37	60	71	78	51	36	35	42	30	60	55	30	50	68	74	37	39	75	38	52	56	56	75	56	61	73	40	39	46	69	57	56	79	61	71	54	36	57	58	74	42	69	52	30	61	72	52	75	40	74	62	30	0	38
60	70	43	56	39	52	53	39	55	46	74	62	78	62	37	67	80	56	74	40	44	50	38	46	63	71	46	62	73	52	62	54	48	63	54	31	39	70	52	59	34	40	74	66	34	68	58	43	60	49	37	32	36	78	56	61	30	73	55	55	66	30	35	65	68	67	77	79	78	39	79	77	80	59	31	37	58	53	66	72	70	51	78	68	43	34	30	68	56	40	77	33	40	41	67	66	76	46	38	0

Initial health value of each distributed equipment: 
(Where columns denote demand points: 1 to 100.)
187.68	234.32	151.98	317.25	227.65	285.98	309.88	220.89	300.08	443.52	199.66	210.09	421.20	241.67	515.45	174.33	213.07	201.15	281.61	399.35	153.47	294.15	217.54	153.47	428.28	373.27	192.00	217.28	272.67	375.70	445.40	271.18	182.40	233.24	332.92	254.79	517.08	217.54	256.28	395.50	320.65	184.50	370.08	156.45	263.22	406.98	405.52	215.00	236.91	381.60	574.24	263.34	180.00	197.29	173.31	289.20	485.52	210.09	564.00	287.28	387.71	448.80	233.93	519.76	310.62	198.17	303.16	537.60	186.25	206.91	306.54	281.61	215.38	306.54	413.82	490.68	208.32	366.08	250.32	187.74	362.40	198.17	449.60	156.45	180.29	299.44	224.91	309.69	254.88	205.62	309.40	198.17	293.53	324.65	310.50	462.22	260.75	286.11	563.58	502.25

Spare parts types of different demand points: 
(where columns denote demand points: 1 to 100.)
13	5	12	8	9	13	14	10	6	12	3	15	4	4	15	8	11	14	15	13	4	15	9	13	5	10	13	13	2	15	15	6	1	4	5	14	5	8	6	15	5	1	9	1	11	13	4	2	2	1	1	2	7	8	3	6	6	6	9	15	14	11	12	8	11	8	14	11	8	7	8	9	12	7	9	4	9	12	5	14	9	7	5	10	11	2	15	6	1	6	3	7	1	7	2	5	15	6	5	11

inventory management cost per unit time of different types of orders: 
(where columns denote types of orders: 1 to 15.)
2.8	2	2.9	2.8	1.4	1.4	1.3	1.9	2.6	2.4	1.4	1.6	2.5	1.5	2.1

Maintenance cost per unit time of different worker: 
(Where rows denote strategy: 1 to 4,and columns denote available worker of each strategy: 1 to 3.)
3	3.6	4.7	3.8
4.6	4.7	4.5	4.4
3.9	4.8	3.6	3.2

The weight of tardiness cost of different demand points: 
(where columns denote demand points: 1 to 100.)
4.9	3.4	5.6	4.9	4.7	3.5	5.7	3.5	4	3.1	3.6	4.9	5.9	5.2	3.8	3.3	3.1	4.6	3	5	4.1	5.5	5	3.1	4.6	5.5	4.6	4.8	5.8	3.1	3.3	4.4	4	3.9	3	3.3	4.5	6	3.7	5.7	5.9	4.8	6	4.7	4.8	4.1	3.9	3.4	4.7	5.9	5.1	5.3	4	3.3	5.6	4.5	6	5.7	5.4	4.5	3.2	5.4	4.3	5.8	4.6	3.6	5.2	5.7	3.4	4.3	4.3	5.2	5.7	3.4	3.1	4.8	5.3	4	5.7	4.9	4.1	4.5	5.6	4.2	5	4.7	4.9	3	5.5	3.2	4	3	5.6	3.3	5.7	4.2	5.5	5.7	4.3	3.8

The waste of old spare part per unit time of each distributed equipment: 
(where columns denote demand points: 1 to 100.)
8	6.9	7.3	6.3	7.6	6.4	7.3	6.6	5.8	6.9	7.1	6.5	7.9	7.9	7.5	5.2	7.6	7.3	7.8	5.3	7.9	7.5	7	7.6	5.6	7.9	6.7	6.4	6.4	5.1	8	7.1	7.4	5.4	5.4	7.3	6.5	5.1	6.9	5.1	5.6	5.5	7.9	7.8	7	5.4	5.4	6.6	5.7	5.5	6.1	7.4	5.1	6.4	7.6	6.4	5.5	5.4	7.6	5.3	5.8	5.3	7.4	7.2	7.7	6.9	5.4	6.6	6.7	6.7	6	7.6	7.4	6.1	5.3	6.5	6.2	6.7	6.4	5.1	7	5.6	5.4	7.1	6.8	6.8	7.1	6.1	7.6	7.7	7.6	6	7.7	7	7.7	5.5	5.3	7.3	5.5	5.5

shutdown cost per unit time of each distributed equipment: 
(where columns denote demand points: 1 to 100.)
20.8	24.8	21.4	20.5	20.4	20.9	24	22.2	23.2	22	22.6	21.7	23.1	21.2	24	23.1	23.2	20.8	20.6	24.6	20.3	21.3	22.2	22.9	21.6	24.6	24	22.1	22.2	22.9	23.8	20.5	24.2	21.2	24.6	24.6	24.8	21.8	24.2	21.3	22.1	23.6	21.7	22.2	20.4	21.4	24.3	20.5	22.4	20.3	23.8	22.3	22.2	20.1	23.2	23.5	23.4	23.1	22.7	20.8	24	22.9	24.2	23.1	20.9	22.4	24.4	22	24.6	24.5	22.3	21.6	23.4	21.4	21.8	23.4	20.5	23.5	20.8	21.2	23.8	21.5	23.3	22.7	23.8	23.9	22.4	23.9	21.3	24.1	21.9	20.3	20.1	21.5	24	24	21.9	24.8	22.7	20.2

Deterioration rate of each piece of equipment:
(Where columns denote distributed equipment: 1 to 100.)
1.02	1.16	1.02	1.41	1.45	1.81	1.22	1.11	1.24	1.98	1.34	1.41	1.8	1.43	1.69	1.17	1.43	1.35	1.89	1.63	1.03	1.59	1.46	1.03	1.72	1.63	1.28	1.12	1.83	1.7	1.7	1.82	1.14	1.19	1.64	1.71	1.86	1.46	1.72	1.75	1.21	1.23	1.44	1.05	1.23	1.53	1.37	1.25	1.59	1.44	1.94	1.26	1.2	1.09	1.09	1.2	1.68	1.41	1.88	1.26	1.37	1.7	1.57	1.78	1.86	1.33	1.43	1.92	1.25	1.21	1.31	1.89	1.21	1.17	1.71	1.74	1.24	1.76	1.68	1.26	1.51	1.33	1.6	1.05	1.21	1.52	1.47	1.11	1.08	1.38	1.82	1.33	1.97	1.51	1.15	1.91	1.75	1.53	1.86	1.75

The processing time of different types of spare parts: 
(Where rows denote machines: 1 to 8,and columns denote types: 1 to 15.)
21	12	20	27	20	26	29	27	18	18	24	12	10	14	16
27	26	29	10	13	16	17	10	12	22	14	26	13	18	21
22	22	20	25	18	24	11	19	18	22	10	19	23	26	17
12	19	27	18	25	17	23	27	12	19	11	18	13	29	28
19	15	23	19	29	17	12	14	15	14	11	16	21	15	29
23	12	17	25	17	28	18	11	22	17	12	26	16	29	16
25	14	21	27	28	17	17	25	25	13	24	13	20	21	13
18	14	27	10	13	22	15	12	11	22	10	12	14	15	12

The maintenance time of different workers: 
(Where rows denote strategy: 1 to 4,and columns denote available worker of each strategy: 1 to 3.)
46	39	34	39
32	32	36	31
44	30	42	44

Repair degree of different strategies: 
(Where rows denote strategy: 1 to 43.)
0.63	0.66	0.53	0.63

Quantity of spare parts of each type reserved in each warehouse: 
(where rows denote warehouses£º1 to 10,and columns denote types£º1 to 15.)
9	12
1	1
3	8	13
2	1	1
4	11	12	14
1	1	1	2
11
1
3	6	9	12
1	1	1	1

Initial due date of each order: 
(Where columns denote order: 1 to 100.)
184	202	149	225	157	158	254	199	242	224	149	149	234	169	305	149	149	149	149	245	149	185	149	149	249	229	150	194	149	221	262	149	160	196	203	149	278	149	149	226	265	150	257	149	214	266	296	172	149	265	296	209	150	181	159	241	289	149	300	228	283	264	149	292	167	149	212	280	149	171	234	149	178	262	242	282	168	208	149	149	240	149	281	149	149	197	153	279	236	149	170	149	149	215	270	242	149	187	303	287

Maintenance starting time window of each piece of equipment: 
(Where rows denote Lower and Upper bounds of Maintenance starting time window: 1 to 2,and columns denote distributed equipment: 1 to 100.)
128.8	141.4	104.3	157.5	109.9	110.6	177.8	139.3	169.4	156.8	104.3	104.3	163.8	118.3	213.5	104.3	104.3	104.3	104.3	171.5	104.3	129.5	104.3	104.3	174.3	160.3	105	135.8	104.3	154.7	183.4	104.3	112	137.2	142.1	104.3	194.6	104.3	104.3	158.2	185.5	105	179.9	104.3	149.8	186.2	207.2	120.4	104.3	185.5	207.2	146.3	105	126.7	111.3	168.7	202.3	104.3	210	159.6	198.1	184.8	104.3	204.4	116.9	104.3	148.4	196	104.3	119.7	163.8	104.3	124.6	183.4	169.4	197.4	117.6	145.6	104.3	104.3	168	104.3	196.7	104.3	104.3	137.9	107.1	195.3	165.2	104.3	119	104.3	104.3	150.5	189	169.4	104.3	130.9	212.1	200.9
165.6	181.8	134.1	202.5	141.3	142.2	228.6	179.1	217.8	201.6	134.1	134.1	210.6	152.1	274.5	134.1	134.1	134.1	134.1	220.5	134.1	166.5	134.1	134.1	224.1	206.1	135	174.6	134.1	198.9	235.8	134.1	144	176.4	182.7	134.1	250.2	134.1	134.1	203.4	238.5	135	231.3	134.1	192.6	239.4	266.4	154.8	134.1	238.5	266.4	188.1	135	162.9	143.1	216.9	260.1	134.1	270	205.2	254.7	237.6	134.1	262.8	150.3	134.1	190.8	252	134.1	153.9	210.6	134.1	160.2	235.8	217.8	253.8	151.2	187.2	134.1	134.1	216	134.1	252.9	134.1	134.1	177.3	137.7	251.1	212.4	134.1	153	134.1	134.1	193.5	243	217.8	134.1	168.3	272.7	258.3

