Number of orders: 
100

Number of factories\warehouses: 
3

Number of machines per factory: 
5

Number of types of spare parts: 
5

Number of maintenance strategies: 
4

Number of available workers per strategy: 
4

Transportation cost per unit time: 
3

Transprotation time between factories/warehouses and demand points: 
(Where rows denote factories: 1 to 3 ,and columns denote demand points: 1 to 100.)
49	81	122	77	63	88	129	51	106	63	111	115	62	78	121	36	70	46	61	46	88	123	78	114	34	129	102	105	38	144	63	125	142	147	138	74	41	40	50	31	147	74	31	140	90	86	136	123	127	102	147	138	132	122	134	74	42	145	57	33	70	87	43	75	51	68	131	31	101	85	53	62	86	114	77	95	46	119	114	77	36	68	52	83	48	120	82	93	58	140	70	103	124	90	141	75	147	128	117	140
72	103	69	89	142	117	62	128	124	39	105	112	66	61	96	61	63	115	139	89	136	86	110	70	74	133	33	101	135	122	140	104	145	90	80	148	92	100	50	131	38	133	140	118	40	52	120	140	101	103	88	70	68	82	85	132	126	80	79	73	34	51	115	39	92	61	125	139	113	69	114	98	100	82	87	127	120	124	38	34	48	119	74	129	48	75	62	123	121	60	112	129	50	110	96	127	145	136	147	137
149	78	37	56	87	88	93	52	149	123	62	57	94	102	35	123	103	142	39	105	138	91	131	93	112	44	53	148	82	102	77	144	133	144	118	126	143	88	91	118	121	102	71	87	127	130	56	125	106	83	148	132	123	103	108	131	92	59	130	62	33	31	60	61	72	122	47	45	119	113	99	118	95	45	78	72	83	106	147	128	72	61	97	67	127	91	115	49	47	31	141	56	64	52	49	135	78	79	120	73

Tranfer time of each worker between two different demand points: 
(Where rows and columns both denote demands points: 1 to 100.)
0	70	39	44	79	46	48	50	45	40	46	51	54	37	55	61	64	76	54	43	73	72	45	50	52	75	41	74	37	56	61	53	78	55	37	55	73	44	35	68	64	42	59	52	43	75	62	65	31	63	75	43	51	62	35	41	58	63	47	68	62	73	78	39	66	68	42	63	40	67	70	77	42	71	30	78	43	38	52	48	79	46	69	63	78	50	80	47	43	46	53	77	51	37	48	69	49	33	31	75
70	0	42	79	75	60	35	37	59	78	69	43	72	76	70	62	59	64	71	31	65	40	53	48	66	77	61	73	61	51	75	44	77	43	52	68	38	80	49	58	40	50	57	48	61	65	58	60	66	55	65	43	64	38	32	71	61	57	36	32	59	30	64	34	59	37	69	57	77	69	58	69	40	64	39	58	64	47	60	69	43	46	56	49	38	55	51	79	64	72	50	73	48	41	35	63	71	37	71	39
39	42	0	31	55	39	66	33	48	64	43	66	36	75	71	79	31	39	62	57	58	34	43	62	79	58	33	64	58	46	68	68	30	33	78	30	65	70	60	37	50	54	36	63	49	69	68	57	75	48	47	62	39	62	54	59	72	31	61	51	79	76	75	43	35	55	33	39	32	44	75	59	73	49	30	78	40	33	73	60	56	48	57	59	79	68	54	37	33	39	78	70	60	66	69	46	42	62	69	65
44	79	31	0	38	35	77	67	30	42	60	35	70	48	65	45	36	37	52	70	44	69	71	56	39	42	67	60	65	62	54	45	69	68	45	38	53	49	71	75	31	57	64	42	33	50	78	40	73	71	44	75	39	75	30	57	74	63	55	70	60	76	47	31	62	68	51	49	64	60	35	52	36	58	34	36	61	66	42	36	60	68	45	74	46	50	78	57	69	34	31	68	34	50	34	54	56	62	42	35
79	75	55	38	0	39	65	52	46	56	80	63	49	66	36	39	39	43	78	61	80	53	69	55	55	38	78	59	74	35	44	51	43	49	64	34	73	56	37	37	54	79	30	76	53	65	53	67	31	80	55	70	51	42	62	56	76	72	70	51	59	74	56	56	58	65	75	39	39	67	42	80	66	67	69	34	54	46	53	69	73	71	66	74	40	49	51	48	63	39	69	74	39	45	46	72	64	32	45	36
46	60	39	35	39	0	47	52	61	51	65	39	52	44	71	61	66	69	55	35	67	70	54	54	31	60	53	36	77	55	34	53	78	58	56	80	69	41	67	58	60	36	54	59	55	48	49	53	72	43	76	57	61	39	63	39	42	67	34	80	64	78	58	32	39	66	32	43	68	70	54	54	32	45	54	32	75	73	66	41	50	37	74	75	48	73	62	49	47	36	33	70	60	65	49	76	44	40	78	76
48	35	66	77	65	47	0	30	52	76	70	63	33	37	32	45	57	66	42	41	38	30	43	49	68	39	41	58	69	75	47	75	74	56	44	51	35	37	67	47	45	64	52	70	65	48	76	66	56	44	60	37	73	67	72	69	39	33	51	69	68	57	32	68	49	70	80	48	48	56	61	34	78	77	45	66	73	39	42	55	30	31	51	63	52	64	62	60	48	54	33	34	34	40	51	33	46	75	75	57
50	37	33	67	52	52	30	0	67	58	70	33	75	36	51	44	75	36	31	43	76	45	61	46	74	69	61	58	62	42	54	52	36	43	42	53	73	60	50	69	65	35	66	42	43	67	49	55	62	68	57	38	73	46	68	45	33	34	78	53	62	71	78	47	38	36	73	78	65	66	59	73	57	64	54	58	78	32	53	46	49	51	57	61	71	35	58	69	58	57	30	56	32	69	43	37	45	42	67	47
45	59	48	30	46	61	52	67	0	39	56	56	31	64	33	30	30	56	63	64	49	40	79	65	30	60	73	44	43	63	53	66	66	61	79	57	53	57	77	52	71	79	74	63	62	77	80	74	32	44	76	37	56	52	49	60	63	45	66	39	51	59	36	70	75	64	35	31	80	56	61	76	68	52	55	70	52	57	57	60	63	41	34	34	70	63	46	48	37	55	43	38	78	45	59	53	40	31	42	36
40	78	64	42	56	51	76	58	39	0	32	31	30	65	68	40	77	56	31	75	46	63	41	79	59	68	57	46	46	35	68	68	64	47	46	46	35	33	47	40	65	49	64	31	56	43	79	48	68	54	65	63	34	33	34	65	58	73	39	35	80	75	72	46	54	59	58	69	40	75	56	80	45	54	36	51	47	52	40	38	38	60	57	80	38	46	72	41	38	79	52	53	65	56	50	71	61	49	43	66
46	69	43	60	80	65	70	70	56	32	0	56	61	59	36	77	60	66	46	72	54	48	40	75	31	76	40	36	55	42	49	76	80	38	79	61	80	63	61	52	77	53	41	55	52	72	73	35	33	53	52	32	80	39	77	53	75	56	43	73	46	36	78	45	53	55	37	36	56	57	79	70	64	30	47	68	57	39	48	73	60	36	55	42	30	63	62	54	42	54	52	39	42	53	78	37	41	49	76	75
51	43	66	35	63	39	63	33	56	31	56	0	44	35	30	79	71	57	66	79	39	65	37	40	74	74	73	56	40	33	71	56	75	60	38	50	57	54	64	40	69	47	73	80	36	59	80	49	40	31	80	34	69	31	75	31	79	76	34	31	74	59	51	40	36	54	72	37	35	79	73	39	37	56	68	70	62	33	32	71	64	42	65	77	58	57	69	37	64	64	78	79	35	62	35	47	54	73	65	79
54	72	36	70	49	52	33	75	31	30	61	44	0	72	49	31	50	77	79	51	61	39	78	67	56	54	36	65	54	57	34	35	59	75	37	48	65	41	48	32	63	70	54	53	41	31	77	44	67	37	51	67	31	50	56	36	60	51	69	43	39	61	52	53	75	41	58	61	51	31	33	46	44	73	61	46	30	70	37	49	69	58	39	53	47	72	46	60	42	42	46	38	39	68	47	73	65	40	73	36
37	76	75	48	66	44	37	36	64	65	59	35	72	0	76	78	47	58	37	42	62	67	32	38	50	70	38	61	57	68	73	52	70	77	32	80	78	80	56	51	60	59	79	41	43	47	41	53	57	80	40	48	79	61	36	71	41	41	70	78	61	54	69	32	63	69	31	41	57	54	78	31	31	76	52	63	74	49	51	79	66	53	68	65	70	52	51	52	60	66	33	70	43	66	66	76	71	56	69	47
55	70	71	65	36	71	32	51	33	68	36	30	49	76	0	67	39	36	67	67	54	60	43	72	63	47	70	78	44	71	45	35	79	48	31	72	51	41	59	72	35	70	31	32	61	34	41	68	73	61	67	45	68	62	63	40	68	33	56	73	75	57	40	61	78	55	46	75	40	61	55	45	49	49	69	42	51	66	62	79	67	80	50	78	56	55	38	49	60	65	67	80	49	37	68	71	51	70	52	76
61	62	79	45	39	61	45	44	30	40	77	79	31	78	67	0	54	61	32	72	44	44	66	50	62	49	55	40	77	80	63	77	50	51	50	60	73	72	68	63	78	74	77	32	36	75	69	36	30	68	65	78	52	40	36	62	43	38	60	75	51	71	39	67	58	39	30	56	72	61	47	67	72	53	41	36	58	54	49	67	40	63	57	79	76	65	37	50	72	79	76	75	79	45	32	78	39	78	32	53
64	59	31	36	39	66	57	75	30	77	60	71	50	47	39	54	0	77	44	77	41	36	33	38	45	32	74	42	47	68	42	38	33	54	69	40	51	59	58	40	35	31	49	67	63	48	67	62	60	30	79	37	72	34	37	75	53	59	66	40	80	77	50	75	55	47	57	74	39	73	39	51	64	38	41	68	80	57	58	49	76	75	30	48	53	73	49	72	78	49	42	67	30	64	37	60	48	68	76	62
76	64	39	37	43	69	66	36	56	56	66	57	77	58	36	61	77	0	63	45	62	34	36	31	69	37	36	34	49	30	75	43	39	50	62	31	70	56	39	38	76	37	50	33	53	54	46	80	31	52	76	37	70	64	50	38	69	58	71	71	70	42	79	57	32	59	54	64	35	59	30	35	40	41	67	43	36	65	76	69	71	59	47	60	38	30	46	73	57	39	56	39	63	64	50	62	64	49	61	30
54	71	62	52	78	55	42	31	63	31	46	66	79	37	67	32	44	63	0	62	65	33	79	42	38	64	42	31	68	54	43	32	64	32	57	80	80	51	30	34	41	58	67	56	69	36	77	45	55	37	56	72	72	64	67	68	78	31	66	42	74	44	48	46	58	59	43	77	74	35	68	61	51	38	64	58	60	51	44	35	66	46	60	53	70	71	70	45	71	62	43	76	78	47	74	46	65	45	37	37
43	31	57	70	61	35	41	43	64	75	72	79	51	42	67	72	77	45	62	0	76	60	65	41	58	46	61	34	78	30	77	56	50	75	65	62	50	59	42	43	35	73	78	37	74	46	39	59	36	40	69	66	52	70	74	46	43	41	68	68	51	63	75	73	52	63	78	34	76	64	71	71	68	68	41	65	57	40	38	41	49	69	42	66	71	59	59	53	75	61	42	57	33	69	59	38	59	45	72	61
73	65	58	44	80	67	38	76	49	46	54	39	61	62	54	44	41	62	65	76	0	50	62	71	57	51	34	51	68	49	74	43	74	34	66	45	35	60	68	70	73	54	48	39	71	74	32	32	55	70	40	46	58	38	33	31	37	47	53	63	56	45	40	60	51	77	61	63	40	46	43	73	31	54	30	70	57	45	36	75	37	42	46	41	79	80	30	77	49	50	62	30	51	74	52	42	77	46	30	66
72	40	34	69	53	70	30	45	40	63	48	65	39	67	60	44	36	34	33	60	50	0	33	72	70	34	56	50	32	66	54	77	80	67	38	58	57	49	57	42	57	45	66	33	31	42	67	32	57	46	62	64	53	50	71	39	33	47	47	68	54	36	32	35	48	36	48	62	54	52	66	35	40	60	53	38	39	57	58	60	64	40	79	53	38	73	54	71	43	30	75	61	48	63	79	49	42	34	68	63
45	53	43	71	69	54	43	61	79	41	40	37	78	32	43	66	33	36	79	65	62	33	0	40	35	36	68	60	68	68	40	45	41	49	76	45	71	45	53	61	48	33	61	59	69	66	34	80	65	56	53	76	31	41	67	31	54	43	40	47	59	74	54	73	72	40	52	74	37	37	73	74	74	66	46	72	80	70	41	35	47	53	32	78	41	41	75	57	65	36	70	30	70	50	80	40	30	43	40	57
50	48	62	56	55	54	49	46	65	79	75	40	67	38	72	50	38	31	42	41	71	72	40	0	53	41	51	73	62	69	48	50	63	74	53	55	74	64	61	52	65	50	39	60	62	58	32	75	46	55	32	70	70	47	33	75	76	31	44	38	30	65	44	59	54	68	68	45	52	35	63	36	46	34	76	50	68	78	42	79	50	66	71	50	49	60	55	64	78	34	32	76	47	51	58	78	36	45	43	69
52	66	79	39	55	31	68	74	30	59	31	74	56	50	63	62	45	69	38	58	57	70	35	53	0	77	52	34	31	60	47	79	48	76	67	73	71	32	64	68	33	62	66	46	68	51	35	57	76	75	36	41	31	34	38	68	60	36	66	64	77	39	57	77	37	72	32	80	78	37	60	59	45	79	75	65	73	38	51	72	55	78	65	78	45	50	52	46	71	51	48	41	35	30	79	50	37	59	70	45
75	77	58	42	38	60	39	69	60	68	76	74	54	70	47	49	32	37	64	46	51	34	36	41	77	0	55	52	33	62	47	35	35	60	49	39	43	68	50	54	70	36	35	51	33	38	66	61	45	77	46	41	41	38	50	37	49	34	63	32	35	69	67	40	79	54	44	57	60	60	46	40	47	75	78	39	45	41	45	32	56	69	68	59	76	80	56	45	31	52	67	76	46	42	38	79	33	76	58	44
41	61	33	67	78	53	41	61	73	57	40	73	36	38	70	55	74	36	42	61	34	56	68	51	52	55	0	41	34	76	42	55	64	75	59	40	39	55	64	66	42	75	75	59	50	72	63	57	34	30	49	80	79	69	32	45	61	30	32	39	56	61	57	78	68	39	55	47	76	67	49	32	64	38	36	71	77	58	41	77	46	66	62	32	50	30	56	71	70	80	76	34	74	31	30	69	54	53	56	49
74	73	64	60	59	36	58	58	44	46	36	56	65	61	78	40	42	34	31	34	51	50	60	73	34	52	41	0	50	53	66	62	62	47	50	38	31	50	61	54	72	56	52	43	75	41	58	62	31	77	49	77	73	38	65	73	37	79	71	60	43	60	68	73	66	78	65	30	71	63	38	76	47	43	73	34	59	47	53	43	75	50	40	65	80	30	52	64	31	76	53	60	74	54	46	48	75	30	55	40
37	61	58	65	74	77	69	62	43	46	55	40	54	57	44	77	47	49	68	78	68	32	68	62	31	33	34	50	0	39	54	59	65	72	62	40	65	33	50	47	40	36	56	73	55	49	69	65	74	40	79	34	79	75	58	45	36	78	43	31	60	52	57	56	73	48	67	63	71	78	47	36	64	54	35	36	59	63	44	62	50	46	71	74	60	73	31	55	40	55	35	61	66	40	70	57	37	44	42	74
56	51	46	62	35	55	75	42	63	35	42	33	57	68	71	80	68	30	54	30	49	66	68	69	60	62	76	53	39	0	79	52	80	57	68	36	37	67	61	71	50	40	80	31	31	63	41	51	70	50	40	51	43	62	40	71	62	75	69	78	71	46	54	37	65	55	44	40	41	47	75	77	33	58	48	70	48	55	53	63	46	73	74	47	65	50	40	49	57	41	80	78	56	71	47	37	44	58	66	80
61	75	68	54	44	34	47	54	53	68	49	71	34	73	45	63	42	75	43	77	74	54	40	48	47	47	42	66	54	79	0	34	46	62	50	64	38	60	67	56	76	41	76	78	37	72	62	79	78	72	44	49	34	48	59	60	70	52	58	64	48	71	44	80	42	63	32	60	41	66	68	69	78	68	75	70	33	33	45	55	59	76	53	70	33	37	50	69	43	61	38	33	39	32	76	47	69	80	78	59
53	44	68	45	51	53	75	52	66	68	76	56	35	52	35	77	38	43	32	56	43	77	45	50	79	35	55	62	59	52	34	0	78	53	58	48	57	49	37	52	56	46	61	48	80	32	68	37	51	72	70	58	74	37	56	59	64	53	77	48	70	75	30	70	59	34	41	55	45	58	72	41	72	57	48	32	56	57	31	75	75	77	34	36	49	32	66	75	65	67	35	31	35	34	62	37	61	60	71	40
78	77	30	69	43	78	74	36	66	64	80	75	59	70	79	50	33	39	64	50	74	80	41	63	48	35	64	62	65	80	46	78	0	49	50	56	64	54	43	43	35	47	42	41	64	41	77	66	51	68	49	45	59	78	51	52	39	51	66	58	46	74	55	67	32	45	52	67	50	80	74	70	70	72	31	62	48	69	70	80	60	44	48	64	55	69	36	79	51	64	44	64	62	64	61	76	54	62	47	71
55	43	33	68	49	58	56	43	61	47	38	60	75	77	48	51	54	50	32	75	34	67	49	74	76	60	75	47	72	57	62	53	49	0	63	47	77	65	74	55	75	78	36	52	78	52	44	59	56	39	30	55	58	38	30	71	78	65	59	78	49	63	60	73	70	58	68	80	34	48	65	42	52	79	37	59	49	68	38	68	55	56	62	54	40	62	51	64	44	72	78	44	35	48	36	57	72	43	49	47
37	52	78	45	64	56	44	42	79	46	79	38	37	32	31	50	69	62	57	65	66	38	76	53	67	49	59	50	62	68	50	58	50	63	0	77	40	55	49	68	55	39	71	50	49	68	60	30	53	71	33	45	51	41	58	72	43	57	53	71	71	43	53	62	56	63	72	54	55	52	70	41	69	79	57	48	48	73	39	54	64	66	76	34	71	46	51	54	43	32	57	30	44	60	67	46	64	62	53	33
55	68	30	38	34	80	51	53	57	46	61	50	48	80	72	60	40	31	80	62	45	58	45	55	73	39	40	38	40	36	64	48	56	47	77	0	69	67	37	50	65	40	31	58	78	46	69	70	47	63	57	31	55	56	41	37	39	36	77	71	64	76	66	60	55	58	67	79	60	60	48	54	63	32	60	44	62	41	69	73	60	75	57	80	46	60	70	76	65	47	47	59	60	40	58	60	50	78	31	67
73	38	65	53	73	69	35	73	53	35	80	57	65	78	51	73	51	70	80	50	35	57	71	74	71	43	39	31	65	37	38	57	64	77	40	69	0	53	34	58	57	51	62	68	42	64	63	61	74	39	66	30	58	52	64	33	70	65	41	73	51	66	63	46	60	43	51	41	60	70	70	74	64	66	31	80	39	45	68	73	78	56	51	58	31	72	33	37	68	69	58	43	62	65	78	66	59	71	34	35
44	80	70	49	56	41	37	60	57	33	63	54	41	80	41	72	59	56	51	59	60	49	45	64	32	68	55	50	33	67	60	49	54	65	55	67	53	0	37	66	36	63	47	38	39	34	65	50	74	60	66	73	30	62	34	55	72	59	67	73	44	43	78	67	37	77	54	73	48	31	79	67	54	69	37	35	59	35	59	64	37	79	46	53	38	79	34	42	53	32	49	34	66	31	46	53	56	53	49	46
35	49	60	71	37	67	67	50	77	47	61	64	48	56	59	68	58	39	30	42	68	57	53	61	64	50	64	61	50	61	67	37	43	74	49	37	34	37	0	33	31	39	45	46	71	74	33	62	60	67	45	80	41	76	31	68	58	78	41	78	67	44	52	78	80	44	39	60	76	49	60	41	70	48	67	41	43	60	58	77	42	54	38	55	51	37	54	69	72	56	42	58	41	50	70	78	44	77	34	68
68	58	37	75	37	58	47	69	52	40	52	40	32	51	72	63	40	38	34	43	70	42	61	52	68	54	66	54	47	71	56	52	43	55	68	50	58	66	33	0	52	36	60	76	42	70	57	71	30	32	56	69	48	78	67	30	48	32	34	74	49	38	50	32	72	75	51	61	80	44	80	61	55	39	43	80	45	78	44	71	64	57	53	55	34	32	74	34	68	34	60	74	72	58	60	44	62	64	74	34
64	40	50	31	54	60	45	65	71	65	77	69	63	60	35	78	35	76	41	35	73	57	48	65	33	70	42	72	40	50	76	56	35	75	55	65	57	36	31	52	0	56	60	57	51	48	33	74	42	69	51	47	31	60	44	30	76	44	46	35	65	65	70	73	65	43	63	73	79	48	31	41	58	68	58	80	78	75	50	55	45	61	45	37	38	74	54	34	42	71	34	32	75	40	66	73	47	56	57	74
42	50	54	57	79	36	64	35	79	49	53	47	70	59	70	74	31	37	58	73	54	45	33	50	62	36	75	56	36	40	41	46	47	78	39	40	51	63	39	36	56	0	68	41	52	74	80	32	80	65	67	62	73	53	70	79	42	40	50	57	73	31	38	75	32	44	46	59	46	76	66	66	49	46	73	42	38	42	60	52	74	37	32	66	66	36	39	65	48	73	78	54	59	49	45	51	71	59	74	77
59	57	36	64	30	54	52	66	74	64	41	73	54	79	31	77	49	50	67	78	48	66	61	39	66	35	75	52	56	80	76	61	42	36	71	31	62	47	45	60	60	68	0	70	42	39	50	59	71	45	30	38	37	36	35	76	42	40	32	51	47	46	61	66	31	61	40	35	34	32	38	65	30	74	61	45	34	59	79	71	36	60	69	60	67	75	45	76	70	39	46	39	43	51	75	68	71	73	42	51
52	48	63	42	76	59	70	42	63	31	55	80	53	41	32	32	67	33	56	37	39	33	59	60	46	51	59	43	73	31	78	48	41	52	50	58	68	38	46	76	57	41	70	0	77	77	65	74	53	40	41	76	42	54	57	80	60	72	59	33	32	30	65	78	30	68	64	56	46	79	78	73	69	68	69	40	67	80	57	38	76	31	72	40	77	76	46	61	43	49	35	68	53	68	64	77	40	70	75	43
43	61	49	33	53	55	65	43	62	56	52	36	41	43	61	36	63	53	69	74	71	31	69	62	68	33	50	75	55	31	37	80	64	78	49	78	42	39	71	42	51	52	42	77	0	35	56	78	40	70	61	35	67	62	77	50	74	43	62	57	42	49	76	40	30	38	52	61	54	54	65	59	33	49	46	38	56	72	36	72	78	39	34	53	54	67	80	46	51	32	80	37	70	44	60	61	33	31	76	43
75	65	69	50	65	48	48	67	77	43	72	59	31	47	34	75	48	54	36	46	74	42	66	58	51	38	72	41	49	63	72	32	41	52	68	46	64	34	74	70	48	74	39	77	35	0	45	56	32	41	36	67	73	74	66	62	43	61	42	48	73	80	53	37	46	37	54	35	70	42	66	44	65	58	45	32	64	54	63	35	60	38	60	35	36	37	38	38	78	66	32	49	42	44	51	79	56	67	47	46
62	58	68	78	53	49	76	49	80	79	73	80	77	41	41	69	67	46	77	39	32	67	34	32	35	66	63	58	69	41	62	68	77	44	60	69	63	65	33	57	33	80	50	65	56	45	0	45	30	45	44	55	53	34	54	57	51	59	55	68	32	50	37	60	59	41	66	34	73	52	66	49	55	59	57	35	45	33	70	32	50	75	70	51	58	64	35	79	49	52	75	77	39	63	79	37	61	43	80	75
65	60	57	40	67	53	66	55	74	48	35	49	44	53	68	36	62	80	45	59	32	32	80	75	57	61	57	62	65	51	79	37	66	59	30	70	61	50	62	71	74	32	59	74	78	56	45	0	57	47	66	51	36	66	55	79	37	77	48	32	80	42	40	75	75	63	70	65	54	68	39	52	33	44	47	44	79	32	73	45	69	70	76	43	42	49	74	71	65	46	63	55	69	72	42	55	64	52	54	73
31	66	75	73	31	72	56	62	32	68	33	40	67	57	73	30	60	31	55	36	55	57	65	46	76	45	34	31	74	70	78	51	51	56	53	47	74	74	60	30	42	80	71	53	40	32	30	57	0	51	40	70	70	52	57	70	30	80	78	54	73	62	52	38	45	51	70	67	72	57	61	51	67	75	61	47	34	77	52	76	41	51	48	70	30	40	54	68	52	61	53	62	59	66	31	77	49	65	76	49
63	55	48	71	80	43	44	68	44	54	53	31	37	80	61	68	30	52	37	40	70	46	56	55	75	77	30	77	40	50	72	72	68	39	71	63	39	60	67	32	69	65	45	40	70	41	45	47	51	0	37	38	38	68	58	76	49	59	47	33	42	67	39	50	61	38	60	78	55	45	51	56	50	50	78	77	48	70	59	71	75	72	73	73	70	53	77	66	63	31	45	48	68	57	57	36	43	73	43	79
75	65	47	44	55	76	60	57	76	65	52	80	51	40	67	65	79	76	56	69	40	62	53	32	36	46	49	49	79	40	44	70	49	30	33	57	66	66	45	56	51	67	30	41	61	36	44	66	40	37	0	71	52	40	30	35	49	41	71	77	33	40	59	57	70	72	54	35	56	75	40	44	56	64	49	30	46	69	47	71	51	62	69	39	34	39	31	32	76	69	40	59	62	62	60	56	72	54	63	77
43	43	62	75	70	57	37	38	37	63	32	34	67	48	45	78	37	37	72	66	46	64	76	70	41	41	80	77	34	51	49	58	45	55	45	31	30	73	80	69	47	62	38	76	35	67	55	51	70	38	71	0	75	56	38	54	69	33	58	50	42	72	67	36	74	41	74	67	67	78	42	48	71	43	41	53	55	63	76	70	62	32	65	70	31	61	51	79	52	78	57	66	71	71	73	63	66	62	78	75
51	64	39	39	51	61	73	73	56	34	80	69	31	79	68	52	72	70	72	52	58	53	31	70	31	41	79	73	79	43	34	74	59	58	51	55	58	30	41	48	31	73	37	42	67	73	53	36	70	38	52	75	0	52	49	58	80	46	50	66	79	51	46	80	65	80	36	41	30	44	52	66	63	68	37	32	55	36	72	59	48	40	54	73	76	33	49	58	60	59	77	65	45	74	52	68	60	49	76	56
62	38	62	75	42	39	67	46	52	33	39	31	50	61	62	40	34	64	64	70	38	50	41	47	34	38	69	38	75	62	48	37	78	38	41	56	52	62	76	78	60	53	36	54	62	74	34	66	52	68	40	56	52	0	65	59	36	32	32	37	48	44	35	42	41	76	58	33	44	75	74	74	42	71	37	53	38	36	79	63	45	77	42	45	54	66	66	77	71	69	65	30	78	38	50	61	46	70	47	51
35	32	54	30	62	63	72	68	49	34	77	75	56	36	63	36	37	50	67	74	33	71	67	33	38	50	32	65	58	40	59	56	51	30	58	41	64	34	31	67	44	70	35	57	77	66	54	55	57	58	30	38	49	65	0	67	36	49	76	80	55	59	37	76	37	31	50	37	60	60	50	57	43	69	54	63	65	30	30	76	56	43	73	51	78	52	68	77	66	69	45	62	48	39	35	62	54	50	63	52
41	71	59	57	56	39	69	45	60	65	53	31	36	71	40	62	75	38	68	46	31	39	31	75	68	37	45	73	45	71	60	59	52	71	72	37	33	55	68	30	30	79	76	80	50	62	57	79	70	76	35	54	58	59	67	0	80	36	73	45	44	72	52	30	58	45	52	78	77	69	60	37	72	51	60	77	41	48	73	70	68	37	46	50	41	32	48	60	74	45	37	75	72	31	69	65	69	36	61	61
58	61	72	74	76	42	39	33	63	58	75	79	60	41	68	43	53	69	78	43	37	33	54	76	60	49	61	37	36	62	70	64	39	78	43	39	70	72	58	48	76	42	42	60	74	43	51	37	30	49	49	69	80	36	36	80	0	64	55	70	73	35	75	31	74	49	36	38	78	66	79	62	68	79	70	45	78	37	47	38	66	55	32	39	73	43	46	55	74	64	73	32	44	33	57	42	48	72	38	58
63	57	31	63	72	67	33	34	45	73	56	76	51	41	33	38	59	58	31	41	47	47	43	31	36	34	30	79	78	75	52	53	51	65	57	36	65	59	78	32	44	40	40	72	43	61	59	77	80	59	41	33	46	32	49	36	64	0	32	42	80	44	59	78	47	41	54	56	38	41	52	56	47	45	59	69	38	67	72	75	34	48	58	63	33	59	42	58	80	34	64	49	77	39	33	67	35	40	53	59
47	36	61	55	70	34	51	78	66	39	43	34	69	70	56	60	66	71	66	68	53	47	40	44	66	63	32	71	43	69	58	77	66	59	53	77	41	67	41	34	46	50	32	59	62	42	55	48	78	47	71	58	50	32	76	73	55	32	0	66	46	58	73	40	52	58	74	30	40	77	31	66	40	50	52	53	37	53	60	45	71	65	38	50	50	75	41	69	75	72	63	37	48	30	51	36	55	63	63	77
68	32	51	70	51	80	69	53	39	35	73	31	43	78	73	75	40	71	42	68	63	68	47	38	64	32	39	60	31	78	64	48	58	78	71	71	73	73	78	74	35	57	51	33	57	48	68	32	54	33	77	50	66	37	80	45	70	42	66	0	49	70	54	40	50	59	70	74	57	75	59	67	76	30	70	75	76	34	30	35	79	74	49	45	78	61	40	80	47	53	57	58	54	56	68	46	76	47	34	45
62	59	79	60	59	64	68	62	51	80	46	74	39	61	75	51	80	70	74	51	56	54	59	30	77	35	56	43	60	71	48	70	46	49	71	64	51	44	67	49	65	73	47	32	42	73	32	80	73	42	33	42	79	48	55	44	73	80	46	49	0	79	31	40	73	35	68	59	39	71	43	45	75	43	38	76	76	47	33	60	55	73	74	57	49	54	67	58	60	55	72	61	57	42	41	49	80	60	68	37
73	30	76	76	74	78	57	71	59	75	36	59	61	54	57	71	77	42	44	63	45	36	74	65	39	69	61	60	52	46	71	75	74	63	43	76	66	43	44	38	65	31	46	30	49	80	50	42	62	67	40	72	51	44	59	72	35	44	58	70	79	0	60	53	75	69	41	57	63	63	41	69	56	70	63	57	50	56	43	74	63	69	59	50	42	38	43	33	57	71	49	31	53	56	37	53	59	44	70	51
78	64	75	47	56	58	32	78	36	72	78	51	52	69	40	39	50	79	48	75	40	32	54	44	57	67	57	68	57	54	44	30	55	60	53	66	63	78	52	50	70	38	61	65	76	53	37	40	52	39	59	67	46	35	37	52	75	59	73	54	31	60	0	51	69	70	42	36	42	72	42	39	35	54	65	76	65	58	37	80	45	44	69	31	69	74	79	58	67	52	61	51	35	34	55	37	62	40	39	54
39	34	43	31	56	32	68	47	70	46	45	40	53	32	61	67	75	57	46	73	60	35	73	59	77	40	78	73	56	37	80	70	67	73	62	60	46	67	78	32	73	75	66	78	40	37	60	75	38	50	57	36	80	42	76	30	31	78	40	40	40	53	51	0	36	58	79	60	64	68	67	32	72	66	60	70	67	46	68	74	41	50	40	43	44	69	64	76	44	78	45	42	67	32	54	68	43	80	53	43
66	59	35	62	58	39	49	38	75	54	53	36	75	63	78	58	55	32	58	52	51	48	72	54	37	79	68	66	73	65	42	59	32	70	56	55	60	37	80	72	65	32	31	30	30	46	59	75	45	61	70	74	65	41	37	58	74	47	52	50	73	75	69	36	0	55	37	76	70	48	64	32	37	44	66	60	55	54	47	54	78	75	35	46	59	57	36	62	68	43	40	69	70	59	72	60	59	57	42	42
68	37	55	68	65	66	70	36	64	59	55	54	41	69	55	39	47	59	59	63	77	36	40	68	72	54	39	78	48	55	63	34	45	58	63	58	43	77	44	75	43	44	61	68	38	37	41	63	51	38	72	41	80	76	31	45	49	41	58	59	35	69	70	58	55	0	43	53	58	55	51	42	40	72	47	57	80	51	55	78	67	66	58	72	69	49	74	40	55	73	41	38	39	55	75	38	67	54	40	53
42	69	33	51	75	32	80	73	35	58	37	72	58	31	46	30	57	54	43	78	61	48	52	68	32	44	55	65	67	44	32	41	52	68	72	67	51	54	39	51	63	46	40	64	52	54	66	70	70	60	54	74	36	58	50	52	36	54	74	70	68	41	42	79	37	43	0	74	46	49	55	58	44	54	68	72	66	36	33	56	56	72	46	30	79	45	75	78	51	36	68	70	42	42	52	66	69	64	72	61
63	57	39	49	39	43	48	78	31	69	36	37	61	41	75	56	74	64	77	34	63	62	74	45	80	57	47	30	63	40	60	55	67	80	54	79	41	73	60	61	73	59	35	56	61	35	34	65	67	78	35	67	41	33	37	78	38	56	30	74	59	57	36	60	76	53	74	0	57	71	55	47	56	38	35	60	56	61	73	76	75	73	50	69	64	50	47	77	48	35	75	36	74	50	65	47	67	48	42	80
40	77	32	64	39	68	48	65	80	40	56	35	51	57	40	72	39	35	74	76	40	54	37	52	78	60	76	71	71	41	41	45	50	34	55	60	60	48	76	80	79	46	34	46	54	70	73	54	72	55	56	67	30	44	60	77	78	38	40	57	39	63	42	64	70	58	46	57	0	37	42	74	42	43	42	60	66	68	60	41	37	48	50	50	56	56	73	44	31	41	56	35	43	49	77	60	62	66	35	69
67	69	44	60	67	70	56	66	56	75	57	79	31	54	61	61	73	59	35	64	46	52	37	35	37	60	67	63	78	47	66	58	80	48	52	60	70	31	49	44	48	76	32	79	54	42	52	68	57	45	75	78	44	75	60	69	66	41	77	75	71	63	72	68	48	55	49	71	37	0	69	77	41	34	58	38	38	63	75	61	59	37	56	49	56	56	30	76	45	39	50	76	64	37	48	30	40	68	80	35
70	58	75	35	42	54	61	59	61	56	79	73	33	78	55	47	39	30	68	71	43	66	73	63	60	46	49	38	47	75	68	72	74	65	70	48	70	79	60	80	31	66	38	78	65	66	66	39	61	51	40	42	52	74	50	60	79	52	31	59	43	41	42	67	64	51	55	55	42	69	0	44	66	79	42	67	78	52	68	54	78	37	78	76	45	72	70	54	31	56	66	53	69	77	36	73	37	36	73	61
77	69	59	52	80	54	34	73	76	80	70	39	46	31	45	67	51	35	61	71	73	35	74	36	59	40	32	76	36	77	69	41	70	42	41	54	74	67	41	61	41	66	65	73	59	44	49	52	51	56	44	48	66	74	57	37	62	56	66	67	45	69	39	32	32	42	58	47	74	77	44	0	56	57	37	66	43	34	75	67	45	76	30	37	34	51	53	64	74	52	37	53	64	58	64	54	52	60	54	57
42	40	73	36	66	32	78	57	68	45	64	37	44	31	49	72	64	40	51	68	31	40	74	46	45	47	64	47	64	33	78	72	70	52	69	63	64	54	70	55	58	49	30	69	33	65	55	33	67	50	56	71	63	42	43	72	68	47	40	76	75	56	35	72	37	40	44	56	42	41	66	56	0	38	50	36	47	49	61	58	40	50	34	42	34	61	36	43	37	33	69	37	78	79	53	38	35	30	50	71
71	64	49	58	67	45	77	64	52	54	30	56	73	76	49	53	38	41	38	68	54	60	66	34	79	75	38	43	54	58	68	57	72	79	79	32	66	69	48	39	68	46	74	68	49	58	59	44	75	50	64	43	68	71	69	51	79	45	50	30	43	70	54	66	44	72	54	38	43	34	79	57	38	0	64	69	62	72	74	38	35	48	71	70	40	38	79	30	53	79	73	46	53	74	43	64	42	40	67	77
30	39	30	34	69	54	45	54	55	36	47	68	61	52	69	41	41	67	64	41	30	53	46	76	75	78	36	73	35	48	75	48	31	37	57	60	31	37	67	43	58	73	61	69	46	45	57	47	61	78	49	41	37	37	54	60	70	59	52	70	38	63	65	60	66	47	68	35	42	58	42	37	50	64	0	69	37	30	56	43	57	76	67	67	73	62	72	72	61	35	68	48	52	74	72	77	60	79	41	34
78	58	78	36	34	32	66	58	70	51	68	70	46	63	42	36	68	43	58	65	70	38	72	50	65	39	71	34	36	70	70	32	62	59	48	44	80	35	41	80	80	42	45	40	38	32	35	44	47	77	30	53	32	53	63	77	45	69	53	75	76	57	76	70	60	57	72	60	60	38	67	66	36	69	69	0	47	67	49	75	71	75	33	36	73	79	39	39	73	68	37	40	37	51	39	46	32	41	66	56
43	64	40	61	54	75	73	78	52	47	57	62	30	74	51	58	80	36	60	57	57	39	80	68	73	45	77	59	59	48	33	56	48	49	48	62	39	59	43	45	78	38	34	67	56	64	45	79	34	48	46	55	55	38	65	41	78	38	37	76	76	50	65	67	55	80	66	56	66	38	78	43	47	62	37	47	0	41	42	40	38	76	66	70	48	75	74	34	69	55	34	42	73	64	55	72	64	41	55	72
38	47	33	66	46	73	39	32	57	52	39	33	70	49	66	54	57	65	51	40	45	57	70	78	38	41	58	47	63	55	33	57	69	68	73	41	45	35	60	78	75	42	59	80	72	54	33	32	77	70	69	63	36	36	30	48	37	67	53	34	47	56	58	46	54	51	36	61	68	63	52	34	49	72	30	67	41	0	40	72	49	74	63	33	67	50	47	77	49	35	40	73	42	32	33	36	75	56	60	33
52	60	73	42	53	66	42	53	57	40	48	32	37	51	62	49	58	76	44	38	36	58	41	42	51	45	41	53	44	53	45	31	70	38	39	69	68	59	58	44	50	60	79	57	36	63	70	73	52	59	47	76	72	79	30	73	47	72	60	30	33	43	37	68	47	55	33	73	60	75	68	75	61	74	56	49	42	40	0	36	74	32	48	49	64	73	65	35	66	64	66	64	32	54	74	40	66	69	68	66
48	69	60	36	69	41	55	46	60	38	73	71	49	79	79	67	49	69	35	41	75	60	35	79	72	32	77	43	62	63	55	75	80	68	54	73	73	64	77	71	55	52	71	38	72	35	32	45	76	71	71	70	59	63	76	70	38	75	45	35	60	74	80	74	54	78	56	76	41	61	54	67	58	38	43	75	40	72	36	0	51	45	32	56	57	46	66	34	74	34	45	45	64	56	66	77	45	69	67	66
79	43	56	60	73	50	30	49	63	38	60	64	69	66	67	40	76	71	66	49	37	64	47	50	55	56	46	75	50	46	59	75	60	55	64	60	78	37	42	64	45	74	36	76	78	60	50	69	41	75	51	62	48	45	56	68	66	34	71	79	55	63	45	41	78	67	56	75	37	59	78	45	40	35	57	71	38	49	74	51	0	47	42	51	38	42	51	55	54	69	49	44	45	74	55	35	75	36	71	49
46	46	48	68	71	37	31	51	41	60	36	42	58	53	80	63	75	59	46	69	42	40	53	66	78	69	66	50	46	73	76	77	44	56	66	75	56	79	54	57	61	37	60	31	39	38	75	70	51	72	62	32	40	77	43	37	55	48	65	74	73	69	44	50	75	66	72	73	48	37	37	76	50	48	76	75	76	74	32	45	47	0	70	47	42	67	56	46	73	59	44	77	64	37	35	37	30	39	37	63
69	56	57	45	66	74	51	57	34	57	55	65	39	68	50	57	30	47	60	42	46	79	32	71	65	68	62	40	71	74	53	34	48	62	76	57	51	46	38	53	45	32	69	72	34	60	70	76	48	73	69	65	54	42	73	46	32	58	38	49	74	59	69	40	35	58	46	50	50	56	78	30	34	71	67	33	66	63	48	32	42	70	0	56	30	42	70	41	73	48	76	55	39	69	52	60	35	61	58	48
63	49	59	74	74	75	63	61	34	80	42	77	53	65	78	79	48	60	53	66	41	53	78	50	78	59	32	65	74	47	70	36	64	54	34	80	58	53	55	55	37	66	60	40	53	35	51	43	70	73	39	70	73	45	51	50	39	63	50	45	57	50	31	43	46	72	30	69	50	49	76	37	42	70	67	36	70	33	49	56	51	47	56	0	79	67	55	59	66	54	63	64	40	79	55	51	77	50	41	30
78	38	79	46	40	48	52	71	70	38	30	58	47	70	56	76	53	38	70	71	79	38	41	49	45	76	50	80	60	65	33	49	55	40	71	46	31	38	51	34	38	66	67	77	54	36	58	42	30	70	34	31	76	54	78	41	73	33	50	78	49	42	69	44	59	69	79	64	56	56	45	34	34	40	73	73	48	67	64	57	38	42	30	79	0	56	67	77	75	69	57	60	54	59	60	75	47	46	35	63
50	55	68	50	49	73	64	35	63	46	63	57	72	52	55	65	73	30	71	59	80	73	41	60	50	80	30	30	73	50	37	32	69	62	46	60	72	79	37	32	74	36	75	76	67	37	64	49	40	53	39	61	33	66	52	32	43	59	75	61	54	38	74	69	57	49	45	50	56	56	72	51	61	38	62	79	75	50	73	46	42	67	42	67	56	0	48	75	66	79	31	51	46	68	64	76	68	54	50	35
80	51	54	78	51	62	62	58	46	72	62	69	46	51	38	37	49	46	70	59	30	54	75	55	52	56	56	52	31	40	50	66	36	51	51	70	33	34	54	74	54	39	45	46	80	38	35	74	54	77	31	51	49	66	68	48	46	42	41	40	67	43	79	64	36	74	75	47	73	30	70	53	36	79	72	39	74	47	65	66	51	56	70	55	67	48	0	76	43	37	77	37	43	68	34	63	57	59	38	77
47	79	37	57	48	49	60	69	48	41	54	37	60	52	49	50	72	73	45	53	77	71	57	64	46	45	71	64	55	49	69	75	79	64	54	76	37	42	69	34	34	65	76	61	46	38	79	71	68	66	32	79	58	77	77	60	55	58	69	80	58	33	58	76	62	40	78	77	44	76	54	64	43	30	72	39	34	77	35	34	55	46	41	59	77	75	76	0	44	62	40	67	65	80	56	53	33	31	37	77
43	64	33	69	63	47	48	58	37	38	42	64	42	60	60	72	78	57	71	75	49	43	65	78	71	31	70	31	40	57	43	65	51	44	43	65	68	53	72	68	42	48	70	43	51	78	49	65	52	63	76	52	60	71	66	74	74	80	75	47	60	57	67	44	68	55	51	48	31	45	31	74	37	53	61	73	69	49	66	74	54	73	73	66	75	66	43	44	0	51	52	34	44	68	78	50	50	42	32	43
46	72	39	34	39	36	54	57	55	79	54	64	42	66	65	79	49	39	62	61	50	30	36	34	51	52	80	76	55	41	61	67	64	72	32	47	69	32	56	34	71	73	39	49	32	66	52	46	61	31	69	78	59	69	69	45	64	34	72	53	55	71	52	78	43	73	36	35	41	39	56	52	33	79	35	68	55	35	64	34	69	59	48	54	69	79	37	62	51	0	66	80	62	68	55	61	77	30	53	43
53	50	78	31	69	33	33	30	43	52	52	78	46	33	67	76	42	56	43	42	62	75	70	32	48	67	76	53	35	80	38	35	44	78	57	47	58	49	42	60	34	78	46	35	80	32	75	63	53	45	40	57	77	65	45	37	73	64	63	57	72	49	61	45	40	41	68	75	56	50	66	37	69	73	68	37	34	40	66	45	49	44	76	63	57	31	77	40	52	66	0	73	72	74	76	50	75	74	64	58
77	73	70	68	74	70	34	56	38	53	39	79	38	70	80	75	67	39	76	57	30	61	30	76	41	76	34	60	61	78	33	31	64	44	30	59	43	34	58	74	32	54	39	68	37	49	77	55	62	48	59	66	65	30	62	75	32	49	37	58	61	31	51	42	69	38	70	36	35	76	53	53	37	46	48	40	42	73	64	45	44	77	55	64	60	51	37	67	34	80	73	0	50	31	38	77	52	31	48	59
51	48	60	34	39	60	34	32	78	65	42	35	39	43	49	79	30	63	78	33	51	48	70	47	35	46	74	74	66	56	39	35	62	35	44	60	62	66	41	72	75	59	43	53	70	42	39	69	59	68	62	71	45	78	48	72	44	77	48	54	57	53	35	67	70	39	42	74	43	64	69	64	78	53	52	37	73	42	32	64	45	64	39	40	54	46	43	65	44	62	72	50	0	60	68	31	69	79	60	71
37	41	66	50	45	65	40	69	45	56	53	62	68	66	37	45	64	64	47	69	74	63	50	51	30	42	31	54	40	71	32	34	64	48	60	40	65	31	50	58	40	49	51	68	44	44	63	72	66	57	62	71	74	38	39	31	33	39	30	56	42	56	34	32	59	55	42	50	49	37	77	58	79	74	74	51	64	32	54	56	74	37	69	79	59	68	68	80	68	68	74	31	60	0	67	31	32	72	73	32
48	35	69	34	46	49	51	43	59	50	78	35	47	66	68	32	37	50	74	59	52	79	80	58	79	38	30	46	70	47	76	62	61	36	67	58	78	46	70	60	66	45	75	64	60	51	79	42	31	57	60	73	52	50	35	69	57	33	51	68	41	37	55	54	72	75	52	65	77	48	36	64	53	43	72	39	55	33	74	66	55	35	52	55	60	64	34	56	78	55	76	38	68	67	0	70	56	80	40	42
69	63	46	54	72	76	33	37	53	71	37	47	73	76	71	78	60	62	46	38	42	49	40	78	50	79	69	48	57	37	47	37	76	57	46	60	66	53	78	44	73	51	68	77	61	79	37	55	77	36	56	63	68	61	62	65	42	67	36	46	49	53	37	68	60	38	66	47	60	30	73	54	38	64	77	46	72	36	40	77	35	37	60	51	75	76	63	53	50	61	50	77	31	31	70	0	58	73	49	42
49	71	42	56	64	44	46	45	40	61	41	54	65	71	51	39	48	64	65	59	77	42	30	36	37	33	54	75	37	44	69	61	54	72	64	50	59	56	44	62	47	71	71	40	33	56	61	64	49	43	72	66	60	46	54	69	48	35	55	76	80	59	62	43	59	67	69	67	62	40	37	52	35	42	60	32	64	75	66	45	75	30	35	77	47	68	57	33	50	77	75	52	69	32	56	58	0	55	61	35
33	37	62	62	32	40	75	42	31	49	49	73	40	56	70	78	68	49	45	45	46	34	43	45	59	76	53	30	44	58	80	60	62	43	62	78	71	53	77	64	56	59	73	70	31	67	43	52	65	73	54	62	49	70	50	36	72	40	63	47	60	44	40	80	57	54	64	48	66	68	36	60	30	40	79	41	41	56	69	69	36	39	61	50	46	54	59	31	42	30	74	31	79	72	80	73	55	0	42	44
31	71	69	42	45	78	75	67	42	43	76	65	73	69	52	32	76	61	37	72	30	68	40	43	70	58	56	55	42	66	78	71	47	49	53	31	34	49	34	74	57	74	42	75	76	47	80	54	76	43	63	78	76	47	63	61	38	53	63	34	68	70	39	53	42	40	72	42	35	80	73	54	50	67	41	66	55	60	68	67	71	37	58	41	35	50	38	37	32	53	64	48	60	73	40	49	61	42	0	46
75	39	65	35	36	76	57	47	36	66	75	79	36	47	76	53	62	30	37	61	66	63	57	69	45	44	49	40	74	80	59	40	71	47	33	67	35	46	68	34	74	77	51	43	43	46	75	73	49	79	77	75	56	51	52	61	58	59	77	45	37	51	54	43	42	53	61	80	69	35	61	57	71	77	34	56	72	33	66	66	49	63	48	30	63	35	77	77	43	43	58	59	71	32	42	42	35	44	46	0

Initial health value of each distributed equipment: 
(Where columns denote demand points: 1 to 100.)
617.87	227.43	426.24	244.20	360.68	296.51	344.04	172.84	280.54	210.08	561.08	283.14	592.65	306.60	412.80	753.74	402.28	274.16	211.58	238.58	482.87	506.43	410.40	256.28	472.50	491.25	329.26	301.60	403.20	365.19	234.60	237.60	386.88	552.23	313.04	664.24	388.70	219.03	300.33	234.82	445.06	496.25	536.94	438.44	246.76	259.53	214.56	788.13	233.93	565.92	719.91	535.34	248.83	482.56	564.71	239.89	562.80	772.64	174.33	236.52	571.05	571.29	380.16	693.24	281.30	211.58	736.67	410.76	239.12	281.61	580.80	532.15	188.00	199.66	461.70	643.72	365.40	402.48	268.75	479.46	324.36	439.92	786.25	688.00	289.17	518.98	441.96	215.94	528.90	280.80	337.44	224.99	254.10	409.50	343.14	247.34	408.28	736.10	417.64	590.52

Spare parts types of different demand points: 
(where columns denote demand points: 1 to 100.)
4	4	5	4	5	4	2	5	2	5	1	4	2	1	4	1	5	5	5	5	5	4	5	1	3	5	3	4	1	2	1	5	1	3	2	4	1	4	5	5	4	5	3	4	5	2	4	1	1	5	1	2	3	3	3	4	5	3	5	1	4	2	4	4	5	1	2	1	3	2	5	3	3	3	5	2	4	3	1	4	4	5	1	4	2	1	2	5	5	5	1	3	5	1	2	2	4	4	2	3

inventory management cost per unit time of different types of orders: 
(where columns denote types of orders: 1 to 5.)
2.6	1.7	2	2	2.3

Maintenance cost per unit time of different worker: 
(Where rows denote strategy: 1 to 4,and columns denote available worker of each strategy: 1 to 4.)
4.5	4.1	4.1	3.5
4.4	3.2	4.9	4.2
3.5	3.8	3.6	3.6
4.7	3.6	4.4	4.4

The weight of tardiness cost of different demand points: 
(where columns denote demand points: 1 to 100.)
3.9	3.5	4.5	3.6	4.2	4.2	4.6	3.1	5.4	5.6	4.3	4.4	3	4.9	3.7	4.7	3.5	6	4.5	5.6	3.5	3.9	5.9	4.9	5.2	3.2	5.4	4.9	5.6	4	5.9	5.9	5	5.6	3.6	6	3.7	4.9	4.4	5.1	3.7	5.6	5	3.7	4.7	4.7	4.3	4.8	5.1	3.6	5.6	5	5.3	5.7	4.6	4	3.7	5.2	4.3	5.6	5.4	5.5	4.3	3.1	5	5.3	4.8	4.7	4	5.1	3.7	3.1	5.9	3.3	5.8	5.6	3.3	3.9	3.2	3.4	3.7	3.9	5.9	4.7	3.6	4.5	3.1	4.6	5.8	5	5.2	5.6	5.6	4.2	4.8	5.5	3.4	4.4	4.2	5

The waste of old spare part per unit time of each distributed equipment: 
(where columns denote demand points: 1 to 100.)
6	5.5	7.7	7.7	8	5.4	7.8	7.3	7.4	5.1	6.6	7.9	5	5.2	7.8	5.5	7.5	6.2	6.2	6.4	8	8	6.8	5.3	6.6	5.7	5.9	5.8	5.2	7.5	6.2	7.3	5.1	6.2	6.8	5.7	6.8	7.3	5.2	6.6	6.4	6.5	7.6	5.1	7	8	5.2	7.8	5.2	5.4	5.7	7.1	7.3	5.8	6.8	7.1	7	5	7	7.6	6.8	6.7	5.1	6.8	5.1	7.9	6.1	6.3	5.6	7.1	5.4	6.8	6.4	7.1	7.5	5.4	7.4	6.2	7.7	5.6	6.5	5.2	6.1	6.2	7.6	5.2	6.2	5.1	6.3	6.2	5	7.3	6.8	5.5	6.4	6.3	7	6.2	5.9	5.8

shutdown cost per unit time of each distributed equipment: 
(where columns denote demand points: 1 to 100.)
23	23.2	24.4	23.9	21.7	23	23.3	24.9	23.2	23.7	20.2	23	22	24.3	23.1	21.5	21.8	24.9	21	22.1	23.5	21.2	24.3	24.9	20.2	22.1	21.3	23.8	21	20.1	24.4	22.4	24.5	20.9	23.3	22.3	22.3	21.5	22.1	23.7	21.9	21.9	24.5	21.6	22.7	20.2	23.3	23	23	22.2	21.7	21.5	20.2	20.7	24.4	22.1	24.3	21.8	22.3	21.7	22.8	22	22.9	23.1	21.1	23.7	20.9	22.7	20.2	21.7	23.3	24.9	23.1	24.2	22.4	23.2	24	24.2	22.3	20.2	24.3	23.7	22.9	20.8	24.3	22.3	22.8	21.2	21.9	22.7	20.5	23	20.9	20.2	24.1	21.3	24.4	24.7	22.7	23.7

Deterioration rate of each piece of equipment:
(Where columns denote distributed equipment: 1 to 100.)
1.37	1.33	1.28	1.32	1.42	1.99	1.88	1.16	1.69	1.04	1.69	1.43	1.35	1.4	1.92	1.69	1.13	1.84	1.42	1.51	1.09	1.53	1.08	1.72	1.75	1.31	1.63	1.16	1.8	1.11	1.38	1.44	1.04	1.61	1.72	1.52	1.3	1.47	1.41	1.18	1.87	1.25	1.71	1.94	1.24	1.23	1.44	1.89	1.57	1.31	1.71	1.42	1.67	1.16	1.49	1.61	1.4	1.76	1.17	1.46	1.35	1.37	1.28	1.59	1.45	1.42	1.81	1.26	1.22	1.89	1.32	1.45	1	1.34	1.71	1.54	1.8	1.04	1.25	1.83	1.53	1.17	1.85	1.6	1.89	1.54	1.16	1.22	1.23	1.2	1.11	1.51	1.1	1.75	1.29	1.66	1.73	1.7	1.06	1.48

The processing time of different types of spare parts: 
(Where rows denote machines: 1 to 5,and columns denote types: 1 to 5.)
27	23	15	21	14
12	11	12	22	21
28	18	11	24	10
29	18	12	10	28
29	29	23	24	13

The maintenance time of different workers: 
(Where rows denote strategy: 1 to 4,and columns denote available worker of each strategy: 1 to 4.)
45	30	36	47
46	45	31	36
46	32	41	43
40	44	34	31

Repair degree of different strategies: 
(Where rows denote strategy: 1 to 44.)
0.5	0.51	0.6	0.61

Quantity of spare parts of each type reserved in each warehouse: 
(where rows denote warehouses£º1 to 6,and columns denote types£º1 to 5.)
2	5
3	2
1	2	3	4	5
3	4	2	2	2
1	3	5
1	2	2

Initial due date of each order: 
(Where columns denote order: 1 to 100.)
451	171	333	185	254	149	183	149	166	202	332	198	439	219	215	446	356	149	149	158	443	331	380	149	270	375	202	260	224	329	170	165	372	343	182	437	299	149	213	199	238	397	314	226	199	211	149	417	149	432	421	377	149	416	379	149	402	439	149	162	423	417	297	436	194	149	407	326	196	149	440	367	188	149	270	418	203	387	215	262	212	376	425	430	153	337	381	177	430	234	304	149	231	234	266	149	236	433	394	399

Maintenance starting time window of each piece of equipment: 
(Where rows denote Lower and Upper bounds of Maintenance starting time window: 1 to 2,and columns denote distributed equipment: 1 to 100.)
315.7	119.7	233.1	129.5	177.8	104.3	128.1	104.3	116.2	141.4	232.4	138.6	307.3	153.3	150.5	312.2	249.2	104.3	104.3	110.6	310.1	231.7	266	104.3	189	262.5	141.4	182	156.8	230.3	119	115.5	260.4	240.1	127.4	305.9	209.3	104.3	149.1	139.3	166.6	277.9	219.8	158.2	139.3	147.7	104.3	291.9	104.3	302.4	294.7	263.9	104.3	291.2	265.3	104.3	281.4	307.3	104.3	113.4	296.1	291.9	207.9	305.2	135.8	104.3	284.9	228.2	137.2	104.3	308	256.9	131.6	104.3	189	292.6	142.1	270.9	150.5	183.4	148.4	263.2	297.5	301	107.1	235.9	266.7	123.9	301	163.8	212.8	104.3	161.7	163.8	186.2	104.3	165.2	303.1	275.8	279.3
405.9	153.9	299.7	166.5	228.6	134.1	164.7	134.1	149.4	181.8	298.8	178.2	395.1	197.1	193.5	401.4	320.4	134.1	134.1	142.2	398.7	297.9	342	134.1	243	337.5	181.8	234	201.6	296.1	153	148.5	334.8	308.7	163.8	393.3	269.1	134.1	191.7	179.1	214.2	357.3	282.6	203.4	179.1	189.9	134.1	375.3	134.1	388.8	378.9	339.3	134.1	374.4	341.1	134.1	361.8	395.1	134.1	145.8	380.7	375.3	267.3	392.4	174.6	134.1	366.3	293.4	176.4	134.1	396	330.3	169.2	134.1	243	376.2	182.7	348.3	193.5	235.8	190.8	338.4	382.5	387	137.7	303.3	342.9	159.3	387	210.6	273.6	134.1	207.9	210.6	239.4	134.1	212.4	389.7	354.6	359.1

