Number of orders: 
100

Number of factories\warehouses: 
3

Number of machines per factory: 
8

Number of types of spare parts: 
15

Number of maintenance strategies: 
3

Number of available workers per strategy: 
3

Transportation cost per unit time: 
3

Transprotation time between factories/warehouses and demand points: 
(Where rows denote factories: 1 to 3 ,and columns denote demand points: 1 to 100.)
40	38	140	40	100	90	143	51	98	64	121	80	70	140	113	149	39	123	33	65	33	53	36	35	123	63	51	55	81	59	77	89	131	122	129	106	118	84	146	69	44	115	76	79	44	37	81	100	76	117	123	131	33	143	142	123	141	137	139	49	65	77	109	125	61	85	40	52	79	37	88	114	115	89	53	124	44	32	57	31	130	95	129	136	67	55	35	35	99	66	37	81	80	126	67	117	63	34	82	126
61	90	103	116	43	124	79	126	58	148	105	90	105	44	139	142	71	64	77	108	109	41	61	44	56	49	93	55	74	52	125	58	84	121	89	42	32	119	85	79	131	83	135	86	98	96	76	47	104	102	38	85	99	102	125	73	54	138	51	42	35	119	115	42	46	86	132	120	91	105	47	94	55	99	46	84	122	87	64	90	135	46	138	50	119	124	52	124	140	85	144	46	145	125	91	123	69	66	121	66
128	74	69	141	52	99	82	125	73	121	132	52	57	88	130	103	69	128	101	72	46	88	64	100	97	138	90	44	62	54	116	54	77	107	133	30	128	81	135	57	61	107	115	103	117	99	66	35	73	113	75	55	51	36	130	111	135	64	46	94	120	43	102	38	93	58	38	147	57	80	33	135	126	45	66	32	51	88	74	145	61	73	137	78	53	70	97	134	146	113	30	40	146	54	44	147	69	115	101	116

Tranfer time of each worker between two different demand points: 
(Where rows and columns both denote demands points: 1 to 100.)
0	57	34	59	75	30	43	66	61	56	70	33	58	49	64	48	69	67	33	63	33	66	55	45	45	47	47	46	62	36	36	44	44	74	41	38	70	75	70	65	60	38	62	61	79	64	46	36	58	70	44	50	67	30	76	59	53	57	69	43	47	42	66	41	33	44	71	74	31	35	59	64	51	34	33	37	68	30	80	43	37	37	68	64	44	80	54	68	58	51	65	67	42	74	76	48	59	43	44	63
57	0	48	74	45	78	42	31	39	43	31	48	37	42	79	32	68	79	36	65	58	59	69	38	65	43	31	39	71	44	77	80	38	44	47	36	39	65	69	67	80	35	69	62	38	43	57	62	47	49	48	31	46	68	68	36	70	72	40	75	62	38	50	58	61	65	64	79	43	78	74	73	71	56	58	42	34	66	69	66	67	39	67	70	50	68	69	54	69	45	78	66	50	32	71	78	53	63	74	75
34	48	0	63	50	39	68	54	78	52	66	66	50	80	67	47	64	61	73	34	73	68	48	31	50	35	35	70	64	58	36	64	43	63	37	62	35	51	55	35	56	76	52	42	68	53	35	41	51	68	31	56	35	52	56	58	78	54	51	65	48	53	33	55	79	76	70	58	44	72	52	79	58	32	80	46	44	53	33	68	45	75	46	41	62	61	43	44	61	30	69	35	35	45	71	44	72	33	55	73
59	74	63	0	49	77	69	55	50	80	68	63	35	48	53	46	66	45	70	44	55	45	38	76	77	36	35	79	39	52	69	63	56	54	46	63	73	59	79	51	79	60	42	38	64	55	41	68	64	70	38	40	33	31	50	30	63	79	36	43	60	59	40	67	63	71	74	57	47	70	56	80	46	59	76	37	56	40	38	43	52	46	42	56	55	35	78	63	74	61	44	51	39	40	58	44	57	51	69	63
75	45	50	49	0	50	31	58	47	65	34	78	42	72	35	69	63	74	42	68	80	68	68	52	56	68	44	51	76	69	34	49	48	59	78	61	58	59	50	33	45	66	77	39	38	30	70	37	47	41	73	41	51	34	76	30	60	67	46	68	31	40	40	45	38	56	65	62	49	59	73	45	36	61	59	33	57	69	70	61	67	34	60	41	57	34	51	52	65	36	35	31	60	37	38	46	74	32	64	56
30	78	39	77	50	0	32	76	53	71	36	57	60	63	70	74	41	79	62	33	68	63	45	34	48	47	39	34	53	62	64	37	66	45	36	73	40	60	65	67	39	75	32	55	60	45	31	46	62	63	80	30	71	73	60	71	73	63	56	53	76	38	53	64	63	66	33	50	53	36	41	44	30	41	30	36	64	56	45	62	79	63	73	66	53	74	56	69	36	56	36	38	61	48	74	76	54	69	73	56
43	42	68	69	31	32	0	62	35	36	39	56	35	73	80	79	72	35	48	32	39	58	44	59	36	54	43	80	44	45	59	68	53	68	52	67	42	31	66	46	47	63	80	30	67	52	67	67	41	37	58	47	42	36	31	55	57	41	41	67	42	51	74	54	45	78	55	44	59	65	72	57	37	72	49	35	49	58	63	50	74	75	54	77	33	44	71	36	69	39	57	45	70	51	61	65	47	43	45	48
66	31	54	55	58	76	62	0	70	33	58	53	77	51	60	77	62	75	44	73	58	73	48	70	44	50	63	70	75	43	48	76	67	64	49	39	68	74	56	56	52	78	37	79	42	79	79	78	61	72	30	75	47	41	59	30	41	30	42	48	41	54	43	62	68	75	49	38	46	72	41	36	62	79	80	74	41	58	70	67	42	34	35	78	62	45	40	41	52	47	35	36	56	65	77	72	52	37	43	61
61	39	78	50	47	53	35	70	0	66	79	65	36	38	55	75	42	55	50	74	42	44	72	49	75	36	80	63	48	77	33	63	30	53	76	33	71	50	49	59	67	66	66	63	64	30	30	54	31	54	57	70	66	79	62	68	65	55	55	38	35	68	62	53	63	58	34	52	38	56	50	67	60	63	49	75	62	75	67	55	63	50	75	71	40	74	64	70	65	73	67	41	57	34	53	50	45	44	67	71
56	43	52	80	65	71	36	33	66	0	55	78	32	59	32	37	74	72	49	52	79	38	69	47	53	77	49	37	48	76	49	41	62	77	42	80	32	34	31	56	79	33	39	53	30	78	40	44	78	72	71	65	49	71	61	60	40	65	62	66	49	57	56	30	50	37	56	67	51	79	61	34	67	74	74	30	46	80	54	53	37	74	61	36	36	49	40	50	72	61	63	79	46	42	49	77	69	60	41	36
70	31	66	68	34	36	39	58	79	55	0	61	55	56	34	49	71	80	39	67	60	33	48	40	66	30	61	32	54	72	55	33	65	50	58	61	56	71	60	70	80	51	63	77	60	47	57	43	71	59	66	61	36	78	39	71	77	65	30	52	39	54	49	68	36	52	57	75	71	71	70	54	79	72	37	36	77	70	72	79	66	69	69	37	67	55	57	32	46	51	64	73	52	73	58	74	33	42	34	56
33	48	66	63	78	57	56	53	65	78	61	0	60	45	32	60	75	67	47	68	68	67	44	78	53	74	72	34	49	80	60	71	51	58	53	51	79	32	39	32	49	80	57	49	70	40	45	49	77	76	56	31	61	68	47	56	76	63	70	53	51	66	80	71	52	35	33	67	33	77	53	55	35	41	37	31	70	71	74	31	48	40	34	33	31	45	42	50	33	48	79	40	80	74	51	63	53	41	60	56
58	37	50	35	42	60	35	77	36	32	55	60	0	40	71	77	43	43	62	73	48	78	79	55	80	64	74	74	49	75	58	48	66	42	62	73	30	57	60	75	59	48	44	66	58	59	42	73	37	38	79	30	75	65	60	30	42	69	55	48	59	34	32	79	57	72	57	53	57	77	58	75	57	40	59	68	55	40	77	71	55	66	68	52	65	36	55	63	56	57	50	52	59	33	36	54	62	35	51	58
49	42	80	48	72	63	73	51	38	59	56	45	40	0	77	59	36	54	59	50	42	48	78	45	49	78	51	72	42	38	50	60	38	39	68	71	59	47	76	30	72	65	46	50	65	61	39	36	77	57	47	65	52	33	59	64	63	30	37	51	45	45	58	42	80	57	72	37	73	75	37	45	65	53	38	43	71	68	38	42	45	30	42	32	67	34	79	64	64	37	75	69	56	56	77	37	64	33	37	60
64	79	67	53	35	70	80	60	55	32	34	32	71	77	0	43	79	41	64	80	46	43	77	49	37	78	66	79	58	72	66	67	50	80	39	51	66	73	33	75	32	72	56	63	50	80	70	58	54	59	41	38	56	52	33	71	53	52	57	56	78	44	66	78	80	37	42	75	73	39	66	48	66	68	57	77	55	35	55	61	38	33	42	34	77	60	30	52	68	53	79	60	66	80	60	62	47	31	52	50
48	32	47	46	69	74	79	77	75	37	49	60	77	59	43	0	67	70	51	45	74	62	71	60	80	32	47	75	52	67	73	68	80	72	53	73	72	57	50	74	57	37	47	57	79	35	55	36	38	65	73	37	65	63	67	60	36	44	62	44	60	68	40	48	50	55	44	61	74	37	62	73	68	51	44	77	51	75	50	38	74	76	60	38	65	65	77	56	71	77	71	59	37	52	36	75	60	64	59	38
69	68	64	66	63	41	72	62	42	74	71	75	43	36	79	67	0	75	68	49	61	40	38	53	67	31	65	63	77	80	59	31	71	76	60	59	41	60	41	46	40	53	66	65	61	78	61	51	72	60	79	50	40	40	50	38	63	68	38	40	42	48	63	52	47	30	72	58	57	78	69	66	49	33	46	59	67	55	39	47	41	34	70	76	73	40	53	66	65	58	54	34	37	39	45	40	70	71	57	55
67	79	61	45	74	79	35	75	55	72	80	67	43	54	41	70	75	0	44	65	78	61	35	44	69	76	72	34	57	35	59	53	34	50	54	42	52	47	31	66	69	44	76	62	77	70	33	63	78	79	42	56	42	38	33	62	36	67	38	52	31	60	39	80	39	34	80	33	31	71	41	75	39	79	33	46	60	34	50	77	73	69	70	38	69	46	50	34	53	70	36	61	52	35	55	70	39	62	35	75
33	36	73	70	42	62	48	44	50	49	39	47	62	59	64	51	68	44	0	47	68	57	75	63	46	76	78	61	38	77	74	77	72	67	55	40	55	64	71	74	53	59	64	76	31	33	75	39	48	32	49	39	66	69	61	34	64	79	74	46	34	56	76	55	50	80	48	60	64	63	63	33	68	52	38	30	57	76	50	79	55	48	77	76	60	43	33	36	76	38	36	36	80	79	75	66	49	51	31	66
63	65	34	44	68	33	32	73	74	52	67	68	73	50	80	45	49	65	47	0	54	31	59	76	40	43	53	32	38	76	57	72	70	31	36	59	57	56	67	41	72	56	38	36	33	43	35	36	52	45	33	48	54	63	63	61	70	50	58	48	38	36	78	38	35	55	50	60	39	30	71	43	47	68	63	62	40	64	40	32	67	63	51	66	68	72	78	51	62	78	69	67	77	63	72	58	67	49	80	79
33	58	73	55	80	68	39	58	42	79	60	68	48	42	46	74	61	78	68	54	0	46	41	69	38	69	31	41	64	61	73	43	34	36	66	54	31	51	66	60	37	76	80	72	72	47	42	61	63	36	53	68	59	60	32	45	59	66	52	34	32	35	31	62	78	30	65	72	79	51	65	74	58	34	78	33	61	77	47	35	31	68	35	59	36	40	32	50	56	74	39	76	54	63	31	52	80	74	67	71
66	59	68	45	68	63	58	73	44	38	33	67	78	48	43	62	40	61	57	31	46	0	34	77	39	36	52	46	80	51	57	76	58	80	62	57	58	41	44	35	71	54	36	53	52	46	51	51	79	79	38	69	77	61	66	74	71	79	74	79	64	51	58	52	51	79	38	60	46	35	69	64	64	66	61	46	41	36	31	64	53	64	41	67	73	51	63	71	79	43	56	53	41	65	63	50	53	47	38	51
55	69	48	38	68	45	44	48	72	69	48	44	79	78	77	71	38	35	75	59	41	34	0	56	68	56	43	31	79	72	48	62	60	56	48	43	32	79	67	69	78	78	65	53	80	77	55	74	33	72	70	75	44	31	38	65	45	32	53	38	80	56	32	52	62	40	60	33	72	30	77	32	51	61	71	43	64	53	48	70	63	64	78	58	43	39	44	39	51	37	31	33	53	61	36	69	55	52	49	70
45	38	31	76	52	34	59	70	49	47	40	78	55	45	49	60	53	44	63	76	69	77	56	0	72	68	31	42	52	72	72	73	34	62	55	70	30	76	46	79	60	79	30	77	33	38	78	78	47	70	65	50	66	34	46	76	49	44	77	44	32	68	53	66	50	72	65	79	40	75	62	42	79	60	45	42	75	76	49	41	76	63	42	46	68	42	73	43	69	35	30	39	32	38	53	56	71	55	80	40
45	65	50	77	56	48	36	44	75	53	66	53	80	49	37	80	67	69	46	40	38	39	68	72	0	76	64	75	77	37	55	43	63	57	75	39	53	44	32	35	50	67	31	47	36	71	54	36	48	80	72	71	72	78	55	34	38	67	55	37	79	53	53	39	66	68	78	51	56	70	49	74	34	77	78	58	39	38	50	69	33	51	53	40	53	49	75	68	37	56	61	36	70	47	74	32	67	35	79	70
47	43	35	36	68	47	54	50	36	77	30	74	64	78	78	32	31	76	76	43	69	36	56	68	76	0	41	72	66	75	69	49	47	79	52	51	46	69	63	36	75	59	62	77	46	77	36	79	43	51	43	63	44	52	47	56	31	73	76	35	36	42	64	47	60	76	60	53	61	42	40	76	42	55	41	75	40	41	48	77	64	40	39	51	35	68	56	66	33	72	44	62	66	77	76	64	49	61	39	68
47	31	35	35	44	39	43	63	80	49	61	72	74	51	66	47	65	72	78	53	31	52	43	31	64	41	0	38	69	44	65	47	34	52	76	62	69	61	34	54	47	48	42	80	79	44	41	51	32	37	76	54	48	45	78	65	35	48	42	41	50	39	52	37	39	77	76	51	69	38	77	64	59	60	46	70	74	46	43	30	73	66	73	79	48	39	59	60	59	50	52	75	78	79	75	42	49	63	79	80
46	39	70	79	51	34	80	70	63	37	32	34	74	72	79	75	63	34	61	32	41	46	31	42	75	72	38	0	36	69	70	47	45	38	34	30	40	30	78	41	80	70	59	39	74	58	50	42	53	76	67	79	39	80	37	54	67	43	50	56	56	54	61	37	47	76	61	55	70	71	47	37	57	30	43	40	65	43	69	66	64	68	34	32	42	63	70	58	39	34	53	61	39	50	35	44	66	64	54	67
62	71	64	39	76	53	44	75	48	48	54	49	49	42	58	52	77	57	38	38	64	80	79	52	77	66	69	36	0	51	78	39	50	62	49	68	55	36	72	79	42	57	30	68	65	68	32	53	74	35	50	45	77	48	56	54	79	69	30	55	49	34	73	44	58	79	54	75	48	77	43	62	32	71	44	49	38	45	31	39	52	79	32	34	35	38	61	72	35	53	57	32	34	48	64	65	70	77	68	56
36	44	58	52	69	62	45	43	77	76	72	80	75	38	72	67	80	35	77	76	61	51	72	72	37	75	44	69	51	0	37	48	37	41	57	39	53	61	47	36	42	59	44	43	69	75	72	63	40	59	78	61	77	56	52	78	58	72	37	43	42	46	45	52	40	50	38	78	33	56	61	38	48	45	64	56	46	33	58	41	72	53	71	75	79	39	65	70	65	33	69	59	51	43	53	55	54	60	60	65
36	77	36	69	34	64	59	48	33	49	55	60	58	50	66	73	59	59	74	57	73	57	48	72	55	69	65	70	78	37	0	78	44	78	69	68	33	44	74	33	43	76	59	61	40	76	55	56	47	58	70	38	37	51	51	54	43	41	68	78	63	51	58	57	73	75	51	61	61	45	37	59	75	49	78	42	34	53	34	62	34	53	64	56	34	47	38	67	67	35	56	72	74	47	53	60	75	58	56	61
44	80	64	63	49	37	68	76	63	41	33	71	48	60	67	68	31	53	77	72	43	76	62	73	43	49	47	47	39	48	78	0	75	32	69	35	60	56	55	50	68	68	75	52	62	69	53	41	34	45	44	68	72	55	30	77	47	30	75	37	55	42	57	49	75	71	50	55	46	76	48	71	31	38	47	71	70	44	45	43	32	60	38	33	38	31	65	42	32	32	54	31	49	69	62	36	43	44	66	63
44	38	43	56	48	66	53	67	30	62	65	51	66	38	50	80	71	34	72	70	34	58	60	34	63	47	34	45	50	37	44	75	0	48	52	73	37	80	40	62	34	52	44	50	38	45	66	32	46	32	69	33	39	53	44	49	37	37	59	33	62	73	44	60	68	75	32	37	77	48	36	67	53	52	31	65	47	73	60	61	43	73	30	76	54	34	69	65	52	42	45	61	66	47	66	45	45	33	60	41
74	44	63	54	59	45	68	64	53	77	50	58	42	39	80	72	76	50	67	31	36	80	56	62	57	79	52	38	62	41	78	32	48	0	73	52	63	40	68	48	30	59	41	31	63	33	72	56	66	44	80	41	32	33	50	58	76	72	67	47	74	30	53	37	60	76	55	80	65	36	53	46	45	67	33	51	76	44	61	68	62	65	31	48	33	48	67	32	43	68	51	71	63	46	77	77	45	79	80	36
41	47	37	46	78	36	52	49	76	42	58	53	62	68	39	53	60	54	55	36	66	62	48	55	75	52	76	34	49	57	69	69	52	73	0	36	70	69	68	30	34	34	62	64	74	53	58	56	65	48	38	76	71	50	70	53	45	46	41	67	58	60	62	74	37	31	64	78	31	57	78	80	78	72	70	44	60	57	46	63	52	38	72	64	56	69	50	40	50	64	66	37	57	80	66	69	56	66	76	54
38	36	62	63	61	73	67	39	33	80	61	51	73	71	51	73	59	42	40	59	54	57	43	70	39	51	62	30	68	39	68	35	73	52	36	0	36	57	68	49	67	66	62	32	65	40	40	44	69	69	61	69	33	76	56	47	47	79	49	32	48	70	70	55	75	76	30	55	34	61	49	36	40	50	77	37	77	36	76	71	36	63	48	34	78	52	72	44	30	64	63	58	59	49	41	31	31	43	42	64
70	39	35	73	58	40	42	68	71	32	56	79	30	59	66	72	41	52	55	57	31	58	32	30	53	46	69	40	55	53	33	60	37	63	70	36	0	39	32	41	53	32	66	64	69	30	31	55	32	42	57	63	35	80	61	35	31	60	43	38	79	74	32	80	79	69	51	35	77	39	43	34	72	49	35	67	77	78	48	61	55	40	37	64	39	59	37	63	39	77	46	54	47	45	61	68	67	74	36	54
75	65	51	59	59	60	31	74	50	34	71	32	57	47	73	57	60	47	64	56	51	41	79	76	44	69	61	30	36	61	44	56	80	40	69	57	39	0	64	52	49	74	55	75	58	34	48	78	42	54	61	42	36	53	52	49	56	71	72	53	70	77	79	54	61	61	68	73	66	42	66	65	45	62	50	31	36	80	45	60	39	51	75	42	51	36	68	57	36	42	57	68	60	69	48	62	66	70	75	78
70	69	55	79	50	65	66	56	49	31	60	39	60	76	33	50	41	31	71	67	66	44	67	46	32	63	34	78	72	47	74	55	40	68	68	68	32	64	0	33	50	70	64	63	53	66	65	61	33	58	66	64	37	60	58	63	35	51	32	47	62	44	72	46	50	34	31	64	67	62	39	53	36	65	42	69	36	32	80	32	40	79	58	55	76	42	70	36	54	75	33	46	42	66	39	61	38	70	73	50
65	67	35	51	33	67	46	56	59	56	70	32	75	30	75	74	46	66	74	41	60	35	69	79	35	36	54	41	79	36	33	50	62	48	30	49	41	52	33	0	49	30	45	52	44	34	75	40	70	43	36	72	58	79	68	58	30	41	30	58	80	71	74	60	71	49	58	33	37	31	43	66	67	40	58	48	53	43	65	76	48	78	32	39	77	63	80	41	54	53	44	64	79	30	67	80	60	68	47	70
60	80	56	79	45	39	47	52	67	79	80	49	59	72	32	57	40	69	53	72	37	71	78	60	50	75	47	80	42	42	43	68	34	30	34	67	53	49	50	49	0	35	79	76	79	35	40	50	64	42	66	78	55	42	41	76	37	45	70	69	56	54	74	72	76	67	63	39	80	47	51	77	30	71	76	39	66	53	58	60	31	36	46	54	47	55	41	41	30	34	77	73	59	52	57	57	77	70	57	41
38	35	76	60	66	75	63	78	66	33	51	80	48	65	72	37	53	44	59	56	76	54	78	79	67	59	48	70	57	59	76	68	52	59	34	66	32	74	70	30	35	0	64	71	33	74	53	32	50	65	72	42	78	42	46	44	35	33	33	61	39	53	53	51	68	34	62	53	60	34	45	30	64	76	43	50	36	52	61	42	56	72	38	61	34	30	47	47	67	32	58	80	69	43	65	72	31	61	44	44
62	69	52	42	77	32	80	37	66	39	63	57	44	46	56	47	66	76	64	38	80	36	65	30	31	62	42	59	30	44	59	75	44	41	62	62	66	55	64	45	79	64	0	59	58	67	35	56	42	76	69	45	54	50	30	34	71	58	72	63	38	79	39	55	48	64	72	45	57	40	50	47	46	51	72	49	78	41	36	56	64	79	74	45	80	33	34	57	65	54	58	60	58	78	38	42	60	73	60	51
61	62	42	38	39	55	30	79	63	53	77	49	66	50	63	57	65	62	76	36	72	53	53	77	47	77	80	39	68	43	61	52	50	31	64	32	64	75	63	52	76	71	59	0	60	67	77	47	66	37	66	56	69	63	80	39	57	51	71	79	75	38	60	74	72	79	50	32	37	49	40	32	80	31	35	65	38	69	47	73	45	64	73	77	30	61	59	80	75	39	77	78	60	40	30	63	78	69	31	65
79	38	68	64	38	60	67	42	64	30	60	70	58	65	50	79	61	77	31	33	72	52	80	33	36	46	79	74	65	69	40	62	38	63	74	65	69	58	53	44	79	33	58	60	0	57	63	66	36	45	33	66	69	46	74	72	60	73	64	51	39	79	66	45	48	45	71	58	66	52	70	43	73	79	72	62	67	58	41	33	48	52	55	64	51	54	39	34	60	43	77	62	47	35	68	74	36	30	32	50
64	43	53	55	30	45	52	79	30	78	47	40	59	61	80	35	78	70	33	43	47	46	77	38	71	77	44	58	68	75	76	69	45	33	53	40	30	34	66	34	35	74	67	67	57	0	47	39	69	62	71	78	65	43	73	52	55	33	46	55	61	65	73	32	72	61	48	31	52	55	65	76	53	55	59	77	53	52	30	44	62	38	31	36	61	33	78	62	43	67	68	69	71	53	63	71	79	40	69	68
46	57	35	41	70	31	67	79	30	40	57	45	42	39	70	55	61	33	75	35	42	51	55	78	54	36	41	50	32	72	55	53	66	72	58	40	31	48	65	75	40	53	35	77	63	47	0	38	41	34	36	43	78	62	36	68	76	48	51	64	35	77	37	55	42	68	76	57	56	43	40	58	33	30	55	69	38	51	57	32	34	67	60	77	74	51	40	39	66	34	40	44	30	63	62	64	45	41	36	76
36	62	41	68	37	46	67	78	54	44	43	49	73	36	58	36	51	63	39	36	61	51	74	78	36	79	51	42	53	63	56	41	32	56	56	44	55	78	61	40	50	32	56	47	66	39	38	0	41	36	74	75	66	42	59	56	79	74	59	74	35	30	30	46	76	80	68	39	61	51	37	39	79	57	47	68	71	63	72	64	78	75	75	37	72	62	37	38	78	36	69	43	65	74	46	39	37	46	35	66
58	47	51	64	47	62	41	61	31	78	71	77	37	77	54	38	72	78	48	52	63	79	33	47	48	43	32	53	74	40	47	34	46	66	65	69	32	42	33	70	64	50	42	66	36	69	41	41	0	78	40	51	69	77	42	74	44	51	32	69	71	76	41	30	33	56	60	70	35	49	73	68	42	31	42	76	38	54	57	52	56	39	52	31	67	65	41	45	67	74	53	51	77	68	51	73	43	78	73	59
70	49	68	70	41	63	37	72	54	72	59	76	38	57	59	65	60	79	32	45	36	79	72	70	80	51	37	76	35	59	58	45	32	44	48	69	42	54	58	43	42	65	76	37	45	62	34	36	78	0	75	56	44	54	63	65	56	47	77	76	61	48	35	46	73	47	64	66	43	31	34	36	49	60	77	33	61	43	31	49	80	42	63	53	65	62	80	45	57	55	58	72	54	77	34	56	58	33	39	37
44	48	31	38	73	80	58	30	57	71	66	56	79	47	41	73	79	42	49	33	53	38	70	65	72	43	76	67	50	78	70	44	69	80	38	61	57	61	66	36	66	72	69	66	33	71	36	74	40	75	0	51	31	75	47	31	58	54	78	74	52	80	65	33	58	39	38	63	49	66	40	78	64	75	31	40	75	76	49	42	52	67	41	36	54	40	69	31	45	42	76	70	75	66	35	66	48	35	43	64
50	31	56	40	41	30	47	75	70	65	61	31	30	65	38	37	50	56	39	48	68	69	75	50	71	63	54	79	45	61	38	68	33	41	76	69	63	42	64	72	78	42	45	56	66	78	43	75	51	56	51	0	34	30	60	62	73	80	56	33	39	35	30	76	80	32	68	68	52	62	45	74	57	39	34	70	70	52	56	48	67	34	61	67	68	66	46	43	67	32	68	52	66	35	43	43	42	33	36	41
67	46	35	33	51	71	42	47	66	49	36	61	75	52	56	65	40	42	66	54	59	77	44	66	72	44	48	39	77	77	37	72	39	32	71	33	35	36	37	58	55	78	54	69	69	65	78	66	69	44	31	34	0	34	38	44	52	74	31	73	68	47	72	31	45	49	39	59	74	54	63	62	74	73	39	60	73	68	62	73	37	39	44	73	64	80	78	54	79	78	57	42	75	67	58	47	35	63	41	61
30	68	52	31	34	73	36	41	79	71	78	68	65	33	52	63	40	38	69	63	60	61	31	34	78	52	45	80	48	56	51	55	53	33	50	76	80	53	60	79	42	42	50	63	46	43	62	42	77	54	75	30	34	0	33	45	45	36	63	39	65	77	73	52	52	54	58	68	58	33	79	68	51	68	80	80	75	31	63	62	68	76	45	53	54	71	74	46	57	48	79	63	78	68	51	39	49	63	72	76
76	68	56	50	76	60	31	59	62	61	39	47	60	59	33	67	50	33	61	63	32	66	38	46	55	47	78	37	56	52	51	30	44	50	70	56	61	52	58	68	41	46	30	80	74	73	36	59	42	63	47	60	38	33	0	45	78	32	65	71	67	46	77	64	43	79	49	42	51	32	47	69	67	76	58	72	41	54	61	65	53	48	66	45	62	67	70	67	32	80	41	72	65	39	62	39	52	63	57	48
59	36	58	30	30	71	55	30	68	60	71	56	30	64	71	60	38	62	34	61	45	74	65	76	34	56	65	54	54	78	54	77	49	58	53	47	35	49	63	58	76	44	34	39	72	52	68	56	74	65	31	62	44	45	45	0	73	54	62	76	33	39	75	72	68	65	32	46	41	47	37	67	59	51	46	35	78	49	51	41	31	59	70	42	38	45	40	63	78	33	61	67	56	80	72	80	35	80	71	35
53	70	78	63	60	73	57	41	65	40	77	76	42	63	53	36	63	36	64	70	59	71	45	49	38	31	35	67	79	58	43	47	37	76	45	47	31	56	35	30	37	35	71	57	60	55	76	79	44	56	58	73	52	45	78	73	0	42	54	75	30	46	31	63	74	72	32	77	63	67	49	49	77	60	71	68	78	42	59	40	50	63	64	45	78	48	41	59	42	68	58	64	69	30	36	32	37	43	40	36
57	72	54	79	67	63	41	30	55	65	65	63	69	30	52	44	68	67	79	50	66	79	32	44	67	73	48	43	69	72	41	30	37	72	46	79	60	71	51	41	45	33	58	51	73	33	48	74	51	47	54	80	74	36	32	54	42	0	55	64	66	41	77	49	63	80	49	61	51	50	71	35	53	46	70	49	44	37	44	55	45	55	47	32	70	37	68	41	36	71	60	42	30	52	50	71	62	34	68	80
69	40	51	36	46	56	41	42	55	62	30	70	55	37	57	62	38	38	74	58	52	74	53	77	55	76	42	50	30	37	68	75	59	67	41	49	43	72	32	30	70	33	72	71	64	46	51	59	32	77	78	56	31	63	65	62	54	55	0	42	51	71	42	43	56	35	52	35	80	33	32	45	31	73	45	59	43	30	30	46	77	32	75	54	55	54	80	43	64	45	70	40	79	63	48	30	48	50	52	74
43	75	65	43	68	53	67	48	38	66	52	53	48	51	56	44	40	52	46	48	34	79	38	44	37	35	41	56	55	43	78	37	33	47	67	32	38	53	47	58	69	61	63	79	51	55	64	74	69	76	74	33	73	39	71	76	75	64	42	0	57	44	68	43	58	74	47	37	79	68	44	75	67	46	70	44	75	54	67	78	74	58	48	34	52	50	52	68	60	35	56	36	67	71	73	55	73	57	33	37
47	62	48	60	31	76	42	41	35	49	39	51	59	45	78	60	42	31	34	38	32	64	80	32	79	36	50	56	49	42	63	55	62	74	58	48	79	70	62	80	56	39	38	75	39	61	35	35	71	61	52	39	68	65	67	33	30	66	51	57	0	56	37	51	43	49	76	76	54	59	63	68	54	65	42	73	72	74	67	31	45	57	56	72	57	64	69	33	32	31	41	62	38	53	41	32	69	62	63	60
42	38	53	59	40	38	51	54	68	57	54	66	34	45	44	68	48	60	56	36	35	51	56	68	53	42	39	54	34	46	51	42	73	30	60	70	74	77	44	71	54	53	79	38	79	65	77	30	76	48	80	35	47	77	46	39	46	41	71	44	56	0	31	37	60	70	40	62	78	72	66	53	68	38	64	79	40	70	65	68	61	35	41	31	56	31	56	72	60	73	73	71	55	49	70	54	31	68	31	64
66	50	33	40	40	53	74	43	62	56	49	80	32	58	66	40	63	39	76	78	31	58	32	53	53	64	52	61	73	45	58	57	44	53	62	70	32	79	72	74	74	53	39	60	66	73	37	30	41	35	65	30	72	73	77	75	31	77	42	68	37	31	0	39	80	36	60	67	65	77	63	68	48	35	69	34	39	57	55	61	32	56	70	45	48	33	79	60	33	61	40	65	38	42	57	68	54	67	72	46
41	58	55	67	45	64	54	62	53	30	68	71	79	42	78	48	52	80	55	38	62	52	52	66	39	47	37	37	44	52	57	49	60	37	74	55	80	54	46	60	72	51	55	74	45	32	55	46	30	46	33	76	31	52	64	72	63	49	43	43	51	37	39	0	61	46	50	59	71	37	56	64	31	47	51	45	42	49	34	49	63	38	51	80	41	70	40	60	31	37	70	37	61	65	63	45	58	44	53	74
33	61	79	63	38	63	45	68	63	50	36	52	57	80	80	50	47	39	50	35	78	51	62	50	66	60	39	47	58	40	73	75	68	60	37	75	79	61	50	71	76	68	48	72	48	72	42	76	33	73	58	80	45	52	43	68	74	63	56	58	43	60	80	61	0	39	40	77	80	42	32	80	49	76	70	31	42	68	43	37	50	73	48	73	72	80	52	66	68	59	41	40	63	47	73	34	63	55	37	49
44	65	76	71	56	66	78	75	58	37	52	35	72	57	37	55	30	34	80	55	30	79	40	72	68	76	77	76	79	50	75	71	75	76	31	76	69	61	34	49	67	34	64	79	45	61	68	80	56	47	39	32	49	54	79	65	72	80	35	74	49	70	36	46	39	0	55	41	62	65	65	79	78	57	73	37	77	69	46	47	77	50	56	57	58	47	51	71	50	63	32	38	30	30	54	47	48	59	65	40
71	64	70	74	65	33	55	49	34	56	57	33	57	72	42	44	72	80	48	50	65	38	60	65	78	60	76	61	54	38	51	50	32	55	64	30	51	68	31	58	63	62	72	50	71	48	76	68	60	64	38	68	39	58	49	32	32	49	52	47	76	40	60	50	40	55	0	74	47	48	59	37	54	75	79	50	63	36	50	79	69	40	61	41	43	38	54	67	47	76	37	65	34	79	45	34	63	71	43	50
74	79	58	57	62	50	44	38	52	67	75	67	53	37	75	61	58	33	60	60	72	60	33	79	51	53	51	55	75	78	61	55	37	80	78	55	35	73	64	33	39	53	45	32	58	31	57	39	70	66	63	68	59	68	42	46	77	61	35	37	76	62	67	59	77	41	74	0	69	58	45	47	43	67	58	78	75	37	64	55	60	65	43	50	68	74	54	64	67	38	37	65	42	79	67	65	56	36	31	74
31	43	44	47	49	53	59	46	38	51	71	33	57	73	73	74	57	31	64	39	79	46	72	40	56	61	69	70	48	33	61	46	77	65	31	34	77	66	67	37	80	60	57	37	66	52	56	61	35	43	49	52	74	58	51	41	63	51	80	79	54	78	65	71	80	62	47	69	0	53	68	31	51	31	71	73	57	33	79	34	45	62	70	61	62	68	43	47	35	66	41	74	80	57	65	42	33	49	54	71
35	78	72	70	59	36	65	72	56	79	71	77	77	75	39	37	78	71	63	30	51	35	30	75	70	42	38	71	77	56	45	76	48	36	57	61	39	42	62	31	47	34	40	49	52	55	43	51	49	31	66	62	54	33	32	47	67	50	33	68	59	72	77	37	42	65	48	58	53	0	57	72	71	30	77	50	32	48	75	72	68	78	42	34	48	71	46	47	76	59	77	36	57	56	61	40	79	65	41	42
59	74	52	56	73	41	72	41	50	61	70	53	58	37	66	62	69	41	63	71	65	69	77	62	49	40	77	47	43	61	37	48	36	53	78	49	43	66	39	43	51	45	50	40	70	65	40	37	73	34	40	45	63	79	47	37	49	71	32	44	63	66	63	56	32	65	59	45	68	57	0	71	54	80	77	70	41	58	73	35	42	34	40	37	32	55	35	75	41	66	54	30	79	60	78	43	64	52	41	41
64	73	79	80	45	44	57	36	67	34	54	55	75	45	48	73	66	75	33	43	74	64	32	42	74	76	64	37	62	38	59	71	67	46	80	36	34	65	53	66	77	30	47	32	43	76	58	39	68	36	78	74	62	68	69	67	49	35	45	75	68	53	68	64	80	79	37	47	31	72	71	0	45	74	35	32	53	79	44	44	76	61	64	77	51	43	49	47	69	35	46	76	33	47	75	39	42	59	40	34
51	71	58	46	36	30	37	62	60	67	79	35	57	65	66	68	49	39	68	47	58	64	51	79	34	42	59	57	32	48	75	31	53	45	78	40	72	45	36	67	30	64	46	80	73	53	33	79	42	49	64	57	74	51	67	59	77	53	31	67	54	68	48	31	49	78	54	43	51	71	54	45	0	67	52	41	54	77	48	52	62	47	55	79	79	58	56	60	53	74	46	49	73	79	41	56	67	46	45	80
34	56	32	59	61	41	72	79	63	74	72	41	40	53	68	51	33	79	52	68	34	66	61	60	77	55	60	30	71	45	49	38	52	67	72	50	49	62	65	40	71	76	51	31	79	55	30	57	31	60	75	39	73	68	76	51	60	46	73	46	65	38	35	47	76	57	75	67	31	30	80	74	67	0	34	32	58	75	76	51	33	47	69	30	44	59	57	78	52	43	71	71	37	52	52	43	66	53	65	44
33	58	80	76	59	30	49	80	49	74	37	37	59	38	57	44	46	33	38	63	78	61	71	45	78	41	46	43	44	64	78	47	31	33	70	77	35	50	42	58	76	43	72	35	72	59	55	47	42	77	31	34	39	80	58	46	71	70	45	70	42	64	69	51	70	73	79	58	71	77	77	35	52	34	0	32	63	36	30	67	78	33	34	48	36	38	52	52	34	35	41	60	40	71	74	45	78	78	43	38
37	42	46	37	33	36	35	74	75	30	36	31	68	43	77	77	59	46	30	62	33	46	43	42	58	75	70	40	49	56	42	71	65	51	44	37	67	31	69	48	39	50	49	65	62	77	69	68	76	33	40	70	60	80	72	35	68	49	59	44	73	79	34	45	31	37	50	78	73	50	70	32	41	32	32	0	66	33	76	53	73	37	37	62	77	53	44	47	38	50	36	66	75	75	30	74	71	57	68	60
68	34	44	56	57	64	49	41	62	46	77	70	55	71	55	51	67	60	57	40	61	41	64	75	39	40	74	65	38	46	34	70	47	76	60	77	77	36	36	53	66	36	78	38	67	53	38	71	38	61	75	70	73	75	41	78	78	44	43	75	72	40	39	42	42	77	63	75	57	32	41	53	54	58	63	66	0	52	57	55	38	36	74	56	67	71	47	37	76	54	44	31	52	32	80	51	55	47	63	39
30	66	53	40	69	56	58	58	75	80	70	71	40	68	35	75	55	34	76	64	77	36	53	76	38	41	46	43	45	33	53	44	73	44	57	36	78	80	32	43	53	52	41	69	58	52	51	63	54	43	76	52	68	31	54	49	42	37	30	54	74	70	57	49	68	69	36	37	33	48	58	79	77	75	36	33	52	0	67	72	32	65	48	41	73	72	48	69	52	70	76	70	45	31	79	49	47	34	32	71
80	69	33	38	70	45	63	70	67	54	72	74	77	38	55	50	39	50	50	40	47	31	48	49	50	48	43	69	31	58	34	45	60	61	46	76	48	45	80	65	58	61	36	47	41	30	57	72	57	31	49	56	62	63	61	51	59	44	30	67	67	65	55	34	43	46	50	64	79	75	73	44	48	76	30	76	57	67	0	64	77	71	46	54	53	54	31	58	38	72	80	51	67	36	48	58	52	59	52	75
43	66	68	43	61	62	50	67	55	53	79	31	71	42	61	38	47	77	79	32	35	64	70	41	69	77	30	66	39	41	62	43	61	68	63	71	61	60	32	76	60	42	56	73	33	44	32	64	52	49	42	48	73	62	65	41	40	55	46	78	31	68	61	49	37	47	79	55	34	72	35	44	52	51	67	53	55	72	64	0	56	55	68	39	62	59	72	48	66	38	65	30	62	67	64	72	57	31	59	71
37	67	45	52	67	79	74	42	63	37	66	48	55	45	38	74	41	73	55	67	31	53	63	76	33	64	73	64	52	72	34	32	43	62	52	36	55	39	40	48	31	56	64	45	48	62	34	78	56	80	52	67	37	68	53	31	50	45	77	74	45	61	32	63	50	77	69	60	45	68	42	76	62	33	78	73	38	32	77	56	0	57	46	44	68	73	46	57	51	45	49	31	51	66	65	58	42	38	57	35
37	39	75	46	34	63	75	34	50	74	69	40	66	30	33	76	34	69	48	63	68	64	64	63	51	40	66	68	79	53	53	60	73	65	38	63	40	51	79	78	36	72	79	64	52	38	67	75	39	42	67	34	39	76	48	59	63	55	32	58	57	35	56	38	73	50	40	65	62	78	34	61	47	47	33	37	36	65	71	55	57	0	66	79	41	57	53	70	80	43	80	57	69	74	62	45	44	53	57	51
68	67	46	42	60	73	54	35	75	61	69	34	68	42	42	60	70	70	77	51	35	41	78	42	53	39	73	34	32	71	64	38	30	31	72	48	37	75	58	32	46	38	74	73	55	31	60	75	52	63	41	61	44	45	66	70	64	47	75	48	56	41	70	51	48	56	61	43	70	42	40	64	55	69	34	37	74	48	46	68	46	66	0	53	56	77	39	50	66	61	80	42	32	30	40	40	66	42	77	37
64	70	41	56	41	66	77	78	71	36	37	33	52	32	34	38	76	38	76	66	59	67	58	46	40	51	79	32	34	75	56	33	76	48	64	34	64	42	55	39	54	61	45	77	64	36	77	37	31	53	36	67	73	53	45	42	45	32	54	34	72	31	45	80	73	57	41	50	61	34	37	77	79	30	48	62	56	41	54	39	44	79	53	0	65	63	33	54	38	54	66	78	64	41	77	61	49	68	66	66
44	50	62	55	57	53	33	62	40	36	67	31	65	67	77	65	73	69	60	68	36	73	43	68	53	35	48	42	35	79	34	38	54	33	56	78	39	51	76	77	47	34	80	30	51	61	74	72	67	65	54	68	64	54	62	38	78	70	55	52	57	56	48	41	72	58	43	68	62	48	32	51	79	44	36	77	67	73	53	62	68	41	56	65	0	42	60	62	64	66	73	39	31	77	49	31	62	34	70	42
80	68	61	35	34	74	44	45	74	49	55	45	36	34	60	65	40	46	43	72	40	51	39	42	49	68	39	63	38	39	47	31	34	48	69	52	59	36	42	63	55	30	33	61	54	33	51	62	65	62	40	66	80	71	67	45	48	37	54	50	64	31	33	70	80	47	38	74	68	71	55	43	58	59	38	53	71	72	54	59	73	57	77	63	42	0	72	73	65	43	52	56	57	37	76	77	65	35	36	39
54	69	43	78	51	56	71	40	64	40	57	42	55	79	30	77	53	50	33	78	32	63	44	73	75	56	59	70	61	65	38	65	69	67	50	72	37	68	70	80	41	47	34	59	39	78	40	37	41	80	69	46	78	74	70	40	41	68	80	52	69	56	79	40	52	51	54	54	43	46	35	49	56	57	52	44	47	48	31	72	46	53	39	33	60	72	0	58	71	64	41	36	39	72	51	61	37	37	35	63
68	54	44	63	52	69	36	41	70	50	32	50	63	64	52	56	66	34	36	51	50	71	39	43	68	66	60	58	72	70	67	42	65	32	40	44	63	57	36	41	41	47	57	80	34	62	39	38	45	45	31	43	54	46	67	63	59	41	43	68	33	72	60	60	66	71	67	64	47	47	75	47	60	78	52	47	37	69	58	48	57	70	50	54	62	73	58	0	45	48	36	46	35	62	51	32	42	76	45	44
58	69	61	74	65	36	69	52	65	72	46	33	56	64	68	71	65	53	76	62	56	79	51	69	37	33	59	39	35	65	67	32	52	43	50	30	39	36	54	54	30	67	65	75	60	43	66	78	67	57	45	67	79	57	32	78	42	36	64	60	32	60	33	31	68	50	47	67	35	76	41	69	53	52	34	38	76	52	38	66	51	80	66	38	64	65	71	45	0	74	45	67	69	51	41	35	50	46	52	73
51	45	30	61	36	56	39	47	73	61	51	48	57	37	53	77	58	70	38	78	74	43	37	35	56	72	50	34	53	33	35	32	42	68	64	64	77	42	75	53	34	32	54	39	43	67	34	36	74	55	42	32	78	48	80	33	68	71	45	35	31	73	61	37	59	63	76	38	66	59	66	35	74	43	35	50	54	70	72	38	45	43	61	54	66	43	64	48	74	0	32	69	48	33	71	76	34	43	74	50
65	78	69	44	35	36	57	35	67	63	64	79	50	75	79	71	54	36	36	69	39	56	31	30	61	44	52	53	57	69	56	54	45	51	66	63	46	57	33	44	77	58	58	77	77	68	40	69	53	58	76	68	57	79	41	61	58	60	70	56	41	73	40	70	41	32	37	37	41	77	54	46	46	71	41	36	44	76	80	65	49	80	80	66	73	52	41	36	45	32	0	65	54	75	65	36	69	51	79	79
67	66	35	51	31	38	45	36	41	79	73	40	52	69	60	59	34	61	36	67	76	53	33	39	36	62	75	61	32	59	72	31	61	71	37	58	54	68	46	64	73	80	60	78	62	69	44	43	51	72	70	52	42	63	72	67	64	42	40	36	62	71	65	37	40	38	65	65	74	36	30	76	49	71	60	66	31	70	51	30	31	57	42	78	39	56	36	46	67	69	65	0	59	64	46	35	62	78	80	56
42	50	35	39	60	61	70	56	57	46	52	80	59	56	66	37	37	52	80	77	54	41	53	32	70	66	78	39	34	51	74	49	66	63	57	59	47	60	42	79	59	69	58	60	47	71	30	65	77	54	75	66	75	78	65	56	69	30	79	67	38	55	38	61	63	30	34	42	80	57	79	33	73	37	40	75	52	45	67	62	51	69	32	64	31	57	39	35	69	48	54	59	0	30	35	34	76	43	51	45
74	32	45	40	37	48	51	65	34	42	73	74	33	56	80	52	39	35	79	63	63	65	61	38	47	77	79	50	48	43	47	69	47	46	80	49	45	69	66	30	52	43	78	40	35	53	63	74	68	77	66	35	67	68	39	80	30	52	63	71	53	49	42	65	47	30	79	79	57	56	60	47	79	52	71	75	32	31	36	67	66	74	30	41	77	37	72	62	51	33	75	64	30	0	37	43	72	57	70	72
76	71	71	58	38	74	61	77	53	49	58	51	36	77	60	36	45	55	75	72	31	63	36	53	74	76	75	35	64	53	53	62	66	77	66	41	61	48	39	67	57	65	38	30	68	63	62	46	51	34	35	43	58	51	62	72	36	50	48	73	41	70	57	63	73	54	45	67	65	61	78	75	41	52	74	30	80	79	48	64	65	62	40	77	49	76	51	51	41	71	65	46	35	37	0	40	33	40	42	80
48	78	44	44	46	76	65	72	50	77	74	63	54	37	62	75	40	70	66	58	52	50	69	56	32	64	42	44	65	55	60	36	45	77	69	31	68	62	61	80	57	72	42	63	74	71	64	39	73	56	66	43	47	39	39	80	32	71	30	55	32	54	68	45	34	47	34	65	42	40	43	39	56	43	45	74	51	49	58	72	58	45	40	61	31	77	61	32	35	76	36	35	34	43	40	0	36	53	77	50
59	53	72	57	74	54	47	52	45	69	33	53	62	64	47	60	70	39	49	67	80	53	55	71	67	49	49	66	70	54	75	43	45	45	56	31	67	66	38	60	77	31	60	78	36	79	45	37	43	58	48	42	35	49	52	35	37	62	48	73	69	31	54	58	63	48	63	56	33	79	64	42	67	66	78	71	55	47	52	57	42	44	66	49	62	65	37	42	50	34	69	62	76	72	33	36	0	31	73	51
43	63	33	51	32	69	43	37	44	60	42	41	35	33	31	64	71	62	51	49	74	47	52	55	35	61	63	64	77	60	58	44	33	79	66	43	74	70	70	68	70	61	73	69	30	40	41	46	78	33	35	33	63	63	63	80	43	34	50	57	62	68	67	44	55	59	71	36	49	65	52	59	46	53	78	57	47	34	59	31	38	53	42	68	34	35	37	76	46	43	51	78	43	57	40	53	31	0	80	33
44	74	55	69	64	73	45	43	67	41	34	60	51	37	52	59	57	35	31	80	67	38	49	80	79	39	79	54	68	60	56	66	60	80	76	42	36	75	73	47	57	44	60	31	32	69	36	35	73	39	43	36	41	72	57	71	40	68	52	33	63	31	72	53	37	65	43	31	54	41	41	40	45	65	43	68	63	32	52	59	57	57	77	66	70	36	35	45	52	74	79	80	51	70	42	77	73	80	0	45
63	75	73	63	56	56	48	61	71	36	56	56	58	60	50	38	55	75	66	79	71	51	70	40	70	68	80	67	56	65	61	63	41	36	54	64	54	78	50	70	41	44	51	65	50	68	76	66	59	37	64	41	61	76	48	35	36	80	74	37	60	64	46	74	49	40	50	74	71	42	41	34	80	44	38	60	39	71	75	71	35	51	37	66	42	39	63	44	73	50	79	56	45	72	80	50	51	33	45	0

Initial health value of each distributed equipment: 
(Where columns denote demand points: 1 to 100.)
627.77	352.17	505.08	229.46	236.91	302.82	805.35	342.28	276.93	306.36	315.15	348.48	462.40	260.75	321.11	377.52	694.12	248.83	703.84	766.33	679.36	668.16	265.68	316.16	172.84	393.90	280.90	342.78	604.50	467.61	885.55	617.60	192.21	598.60	298.70	681.07	432.32	491.40	657.04	275.65	397.80	642.40	289.38	501.84	425.88	403.62	530.95	391.68	380.21	246.16	281.61	595.92	205.62	395.93	455.88	776.49	505.26	522.88	235.52	276.90	291.25	211.06	265.59	678.24	362.25	370.24	226.48	582.12	258.72	649.38	562.38	287.57	409.50	497.20	218.42	270.10	596.96	379.26	237.15	287.10	608.85	480.24	218.00	493.74	272.67	584.64	298.48	441.60	387.45	285.60	380.81	382.33	573.52	864.36	197.64	263.52	510.40	689.71	564.20	591.36

Spare parts types of different demand points: 
(where columns denote demand points: 1 to 100.)
6	15	7	4	2	15	1	8	13	14	13	2	4	6	6	13	8	13	5	3	9	1	14	7	3	1	5	6	5	12	10	5	12	5	14	8	2	14	12	6	2	5	10	13	9	2	11	14	3	13	1	2	8	5	2	1	5	8	13	10	8	11	13	4	7	12	3	13	12	2	7	9	4	13	3	4	1	6	8	9	1	11	14	15	6	7	5	3	7	4	8	7	7	7	4	9	11	8	4	11

inventory management cost per unit time of different types of orders: 
(where columns denote types of orders: 1 to 15.)
2.4	2.1	2.2	2.8	1.3	1.1	1.3	2.2	2.4	1.9	1.4	2.2	2.9	2.5	2.8

Maintenance cost per unit time of different worker: 
(Where rows denote strategy: 1 to 3,and columns denote available worker of each strategy: 1 to 3.)
4.7	4.2	3.9
3.8	3.2	4.9
4.7	4.4	3.6

The weight of tardiness cost of different demand points: 
(where columns denote demand points: 1 to 100.)
4.1	4.8	5.2	3.6	5.9	5	4.8	5	3.3	4.9	5.2	5.7	4.1	5.5	5.5	5.9	3.3	5.6	3.6	5.3	6	4.9	4.2	3.6	5.6	4.8	3.3	4.1	5.3	3.4	3.3	3.9	4	5	3.9	5.7	5.7	4	5.8	5	5.6	3.4	5.1	3.6	5.6	4.5	4.8	3.4	4.7	4.2	4.1	3.2	3.5	5.9	4.5	4.3	5.6	5.6	3.9	3.2	4.1	5.8	5.7	3.9	4.3	5.7	6	3	3.2	3.1	4.9	4.4	5.4	4	4.8	6	3.1	4.1	3.4	3.1	4	4.7	5.3	4.9	4.6	4.3	5.5	3.2	4.5	3.2	5.2	4.8	4.5	3.2	5.1	4.7	3	3.5	5.7	3.5

The waste of old spare part per unit time of each distributed equipment: 
(where columns denote demand points: 1 to 100.)
7.4	7.3	7.6	6.8	7.1	5.9	6.8	6.7	5.6	8	6.9	6.9	7.3	7.4	7.3	7.7	6.3	6	5.1	5.2	6.2	6.1	5.1	5.2	7.1	5.1	5.8	6.4	7.8	7.1	5.1	7	5	7.9	7.6	7.6	5.1	7.4	6.3	6.2	7.9	5.6	6.9	7.3	6.9	5.2	7.9	7.7	5.7	7.4	5	5.4	7.2	5	7.6	6.2	5.3	5.9	6.9	5.6	5.7	7.2	5	6.4	6.4	7.3	6.2	5.8	7.9	6.5	6.4	7.2	5.6	5.1	6.4	5.8	5.5	7.6	6.5	7.5	5.3	6.5	7.7	6.5	6	6.8	6.2	6.6	6.2	6.8	7.4	5.9	6.7	6.1	5.1	7.8	5.2	5.3	5.1	5.6

shutdown cost per unit time of each distributed equipment: 
(where columns denote demand points: 1 to 100.)
21.3	24.1	24.8	20.5	23.1	24.3	24.1	24.5	21.3	22.9	20.6	23.4	23.8	22.4	21.1	21.4	22.3	24.6	22.5	23.9	24.1	20.8	24.3	23.5	20.4	22.9	24.9	23.3	22.2	25	20.3	20.5	20.5	24.3	20.9	22.3	21	21.5	22.6	22.6	20.6	21.4	24.3	20.7	21.9	20.5	22.2	22	20.5	23.6	23.9	23.6	22.3	24.6	22.7	24	22.5	22.8	23.5	24.3	23.3	23	21.5	22.9	22	20.2	21.6	21.6	22.9	22.6	22.7	24.5	21.9	20.5	24.1	23.9	23.9	24.5	23.5	21.2	21.8	20.6	20.3	24.9	22.4	23.1	21.6	20.6	21.5	22.5	21.5	23.5	23.9	22	20.8	21.4	22.5	21.7	20.5	22.8

Deterioration rate of each piece of equipment:
(Where columns denote distributed equipment: 1 to 100.)
1.43	1.29	1.38	1.54	1.59	1.03	1.95	1.99	1.81	1.38	1.91	1.98	1.7	1.75	1.97	1.32	1.48	1.67	1.66	1.97	1.76	1.74	1.64	1.52	1.16	1.01	1.06	1.74	1.3	1.09	1.99	1.6	1.29	1.46	1.45	1.69	1.93	1.56	1.72	1.85	1.53	1.46	1.06	1.23	1.26	1.86	1.85	1.44	1.93	1.36	1.89	1.56	1.38	1.37	1.16	1.81	1.26	1.72	1.28	1.42	1.25	1.22	1.17	1.57	1.75	1.04	1.52	1.98	1.54	1.58	1.82	1.93	1.82	1.13	1.34	1.46	1.82	1.29	1.53	1.1	1.35	1.16	1.09	1.17	1.83	1.26	1.82	1.92	1.35	1.36	1.13	1.73	1.34	1.96	1.22	1.44	1.16	1.67	1.4	1.28

The processing time of different types of spare parts: 
(Where rows denote machines: 1 to 8,and columns denote types: 1 to 15.)
16	14	28	11	24	22	27	20	25	24	17	29	11	13	16
19	10	18	24	23	25	23	13	25	17	24	17	14	26	22
20	10	13	13	15	10	12	29	10	11	10	24	16	20	12
26	24	19	24	25	21	11	26	24	23	24	24	10	19	24
10	15	10	20	20	25	25	28	22	10	26	24	10	23	29
22	16	11	12	25	22	29	15	10	22	21	10	15	26	24
14	23	26	13	19	27	13	18	14	13	15	26	28	28	22
21	26	18	26	17	22	19	11	14	10	13	17	14	12	23

The maintenance time of different workers: 
(Where rows denote strategy: 1 to 3,and columns denote available worker of each strategy: 1 to 3.)
32	39	37
39	44	31
33	37	48

Repair degree of different strategies: 
(Where rows denote strategy: 1 to 33.)
0.56	0.67	0.66

Quantity of spare parts of each type reserved in each warehouse: 
(where rows denote warehouses£º1 to 6,and columns denote types£º1 to 15.)
1	3	5	6	8	9	10	15
1	1	1	1	1	1	1	1
10	15
1	3
2	4	9	10	11
1	1	1	1	1

Initial due date of each order: 
(Where columns denote order: 1 to 100.)
439	273	366	149	149	294	413	172	153	222	165	176	272	149	163	286	469	149	424	389	386	384	162	208	149	390	265	197	465	429	445	386	149	410	206	403	224	315	382	149	260	440	273	408	338	217	287	272	197	181	149	382	149	289	393	429	401	304	184	195	233	173	227	432	207	356	149	294	168	411	309	149	225	440	163	185	328	294	155	261	451	414	200	422	149	464	164	230	287	210	337	221	428	441	162	183	440	413	403	462

Maintenance starting time window of each piece of equipment: 
(Where rows denote Lower and Upper bounds of Maintenance starting time window: 1 to 2,and columns denote distributed equipment: 1 to 100.)
307.3	191.1	256.2	104.3	104.3	205.8	289.1	120.4	107.1	155.4	115.5	123.2	190.4	104.3	114.1	200.2	328.3	104.3	296.8	272.3	270.2	268.8	113.4	145.6	104.3	273	185.5	137.9	325.5	300.3	311.5	270.2	104.3	287	144.2	282.1	156.8	220.5	267.4	104.3	182	308	191.1	285.6	236.6	151.9	200.9	190.4	137.9	126.7	104.3	267.4	104.3	202.3	275.1	300.3	280.7	212.8	128.8	136.5	163.1	121.1	158.9	302.4	144.9	249.2	104.3	205.8	117.6	287.7	216.3	104.3	157.5	308	114.1	129.5	229.6	205.8	108.5	182.7	315.7	289.8	140	295.4	104.3	324.8	114.8	161	200.9	147	235.9	154.7	299.6	308.7	113.4	128.1	308	289.1	282.1	323.4
395.1	245.7	329.4	134.1	134.1	264.6	371.7	154.8	137.7	199.8	148.5	158.4	244.8	134.1	146.7	257.4	422.1	134.1	381.6	350.1	347.4	345.6	145.8	187.2	134.1	351	238.5	177.3	418.5	386.1	400.5	347.4	134.1	369	185.4	362.7	201.6	283.5	343.8	134.1	234	396	245.7	367.2	304.2	195.3	258.3	244.8	177.3	162.9	134.1	343.8	134.1	260.1	353.7	386.1	360.9	273.6	165.6	175.5	209.7	155.7	204.3	388.8	186.3	320.4	134.1	264.6	151.2	369.9	278.1	134.1	202.5	396	146.7	166.5	295.2	264.6	139.5	234.9	405.9	372.6	180	379.8	134.1	417.6	147.6	207	258.3	189	303.3	198.9	385.2	396.9	145.8	164.7	396	371.7	362.7	415.8

