Number of orders: 
100

Number of factories\warehouses: 
5

Number of machines per factory: 
5

Number of types of spare parts: 
5

Number of maintenance strategies: 
3

Number of available workers per strategy: 
4

Transportation cost per unit time: 
3

Transprotation time between factories/warehouses and demand points: 
(Where rows denote factories: 1 to 5 ,and columns denote demand points: 1 to 100.)
100	85	128	34	42	67	104	57	88	98	120	115	78	69	149	146	66	41	105	134	102	49	120	90	105	87	78	59	133	59	110	99	86	105	61	74	52	45	110	76	83	50	48	50	58	41	82	115	88	80	42	43	104	59	84	45	103	55	38	149	59	30	68	97	60	87	135	143	72	121	70	99	92	52	68	42	110	42	76	45	128	54	85	137	60	109	144	85	106	108	102	96	134	47	30	73	69	102	142	79
44	75	137	52	135	112	105	118	70	122	110	135	71	140	96	130	86	106	93	30	123	85	47	96	31	105	144	130	137	57	86	78	33	40	80	99	101	77	97	45	43	31	138	110	60	62	57	123	59	62	105	53	68	45	100	37	108	143	120	84	95	76	125	68	72	109	94	118	39	86	122	84	41	61	86	76	48	49	67	130	89	111	129	83	46	77	115	46	67	111	61	38	34	138	75	86	139	42	77	49
129	124	83	111	140	44	140	125	136	41	57	110	116	117	125	76	118	102	124	51	119	130	59	75	86	88	48	144	90	43	60	130	86	38	97	69	109	54	47	77	36	124	132	52	104	65	90	123	131	45	112	126	114	62	42	62	143	103	105	100	83	149	39	131	64	132	78	41	81	38	136	83	88	73	147	72	94	37	143	35	113	109	147	67	80	70	34	130	142	105	75	47	142	140	142	140	117	106	42	64
146	69	91	36	121	68	61	99	78	31	116	98	86	71	142	113	109	129	58	146	57	62	141	103	48	98	36	67	113	122	146	97	50	122	79	61	34	97	66	76	145	47	64	33	137	88	95	75	104	40	76	140	39	86	37	40	136	112	138	127	72	91	63	66	145	84	145	128	104	99	69	78	53	101	37	30	117	66	56	31	111	82	66	82	82	125	144	66	121	45	124	57	134	74	37	141	132	122	141	94
42	49	67	34	117	66	68	35	134	107	38	61	77	111	110	54	92	77	109	42	120	97	54	41	133	134	116	105	133	76	60	138	136	121	105	140	105	66	142	56	41	82	90	115	41	61	141	109	37	76	51	42	129	100	78	125	99	113	101	120	66	66	128	101	87	106	101	49	148	121	33	123	144	145	56	54	137	49	129	69	47	56	132	44	90	84	37	114	66	62	41	45	40	69	45	40	84	53	103	59

Tranfer time of each worker between two different demand points: 
(Where rows and columns both denote demands points: 1 to 100.)
0	41	49	37	37	66	32	37	78	36	57	56	48	32	77	47	59	30	32	75	50	45	36	71	55	59	68	35	71	51	68	66	72	43	31	48	74	32	74	77	69	43	51	42	65	78	61	41	57	44	32	77	37	51	62	54	47	37	58	63	49	35	61	49	51	67	44	55	61	35	62	47	30	71	44	42	78	69	61	56	77	56	46	65	75	40	43	33	80	62	43	34	74	42	43	71	64	52	31	51
41	0	63	74	51	50	39	45	41	39	68	40	43	71	62	61	69	32	80	72	73	79	79	60	70	34	45	56	77	66	67	45	58	53	63	47	58	37	30	59	77	70	30	47	77	72	77	60	37	30	80	79	69	78	54	80	38	62	67	44	74	64	54	74	70	59	65	35	70	64	43	62	49	44	48	68	51	40	53	60	31	60	52	49	61	39	33	72	55	49	62	55	34	61	45	56	68	55	74	78
49	63	0	75	64	31	64	61	66	35	34	68	36	66	61	31	45	65	77	56	64	43	51	80	71	49	67	57	79	65	58	40	78	43	74	61	57	51	33	79	39	53	30	31	61	36	66	44	69	53	52	51	30	63	76	39	39	72	37	68	61	37	58	54	34	63	37	52	33	78	61	73	40	58	47	34	33	73	72	58	50	68	42	74	74	49	74	75	75	57	55	77	54	80	51	71	45	54	78	70
37	74	75	0	58	39	49	35	69	33	43	43	36	40	68	51	42	36	34	48	44	57	42	68	53	52	67	50	47	40	80	38	77	64	51	42	65	53	50	54	77	69	77	62	44	56	58	46	45	57	67	67	49	51	55	79	48	38	69	38	38	41	65	47	42	41	65	60	30	77	53	68	67	56	42	59	52	34	34	64	68	44	72	79	43	51	80	78	72	55	44	45	52	35	41	80	44	33	36	67
37	51	64	58	0	59	57	75	43	59	30	46	78	61	58	41	75	68	47	34	68	50	65	52	49	38	37	65	39	56	55	77	39	52	61	59	32	47	52	53	35	42	43	40	48	72	55	56	66	64	30	70	48	80	33	60	31	51	69	47	70	38	53	43	70	80	73	80	67	55	65	61	68	56	42	61	61	57	45	77	67	43	64	55	68	56	32	77	71	51	49	52	77	71	65	52	34	76	64	35
66	50	31	39	59	0	55	75	62	39	76	71	45	71	60	54	64	36	69	60	63	59	39	52	62	39	56	37	70	33	74	51	63	57	39	30	36	43	47	31	46	49	74	66	55	51	40	53	34	37	77	38	67	50	32	30	78	65	35	75	40	33	79	52	42	60	72	63	56	43	52	40	30	56	52	51	41	45	42	76	76	38	70	32	41	34	37	52	45	62	47	31	57	59	49	46	60	73	57	63
32	39	64	49	57	55	0	53	31	55	42	32	41	51	52	44	65	65	58	69	61	80	65	51	71	59	32	64	39	63	46	51	31	55	67	65	35	36	50	39	56	57	72	44	57	36	69	55	57	72	39	65	73	52	36	65	32	49	60	54	41	36	71	80	45	68	36	49	40	30	58	75	35	70	62	34	65	52	53	49	49	32	58	48	51	40	72	50	42	69	39	48	60	70	35	43	37	70	35	78
37	45	61	35	75	75	53	0	70	31	74	37	39	80	31	66	58	39	43	69	38	45	80	68	64	42	51	52	72	75	43	56	50	59	44	60	78	43	49	30	50	68	68	48	44	40	50	57	80	74	63	52	48	51	78	42	34	80	79	60	50	77	38	72	61	42	39	54	73	74	32	54	38	60	35	69	61	45	58	32	71	80	31	56	62	72	35	45	42	35	59	58	45	57	50	68	56	67	69	53
78	41	66	69	43	62	31	70	0	63	70	71	61	36	32	56	67	77	70	58	33	69	41	77	46	64	52	31	73	80	59	53	80	79	47	42	46	32	71	31	71	35	30	68	48	48	48	43	53	62	56	41	37	51	75	65	31	47	54	68	74	40	65	64	44	47	37	35	40	34	68	78	45	59	30	43	34	40	58	56	63	56	46	66	52	66	60	67	68	40	80	63	49	37	58	75	40	65	52	61
36	39	35	33	59	39	55	31	63	0	47	69	32	33	31	45	35	39	75	60	68	57	48	44	35	41	71	46	44	36	64	71	36	50	50	32	73	58	45	57	38	61	78	51	64	45	62	45	54	61	71	31	60	77	41	48	33	34	43	47	33	69	70	56	53	58	55	49	78	45	55	60	75	70	33	52	31	43	75	51	47	50	71	52	46	57	74	30	61	73	63	65	79	62	33	31	35	74	66	68
57	68	34	43	30	76	42	74	70	47	0	34	64	42	79	53	31	37	49	66	35	30	67	55	74	46	34	47	42	61	56	71	34	58	52	80	50	72	64	45	64	65	67	34	35	68	31	42	38	41	78	74	33	75	74	47	80	62	40	63	61	66	41	79	70	67	53	42	39	53	61	42	62	58	56	44	73	46	54	76	80	33	33	51	59	38	42	31	70	55	73	67	53	33	69	55	79	75	64	34
56	40	68	43	46	71	32	37	71	69	34	0	45	74	53	65	40	37	36	80	63	66	43	56	55	31	75	58	77	47	52	80	59	62	49	77	79	49	41	31	31	39	74	39	36	75	34	75	48	47	54	53	68	78	60	64	44	39	39	42	53	49	34	73	68	34	61	38	32	47	51	46	71	77	40	75	42	43	66	48	59	62	52	42	43	43	60	67	34	80	46	44	52	44	50	47	64	52	55	74
48	43	36	36	78	45	41	39	61	32	64	45	0	53	64	34	35	63	68	42	41	72	63	52	51	57	53	68	58	66	61	48	67	48	35	66	58	42	51	52	40	74	58	66	30	63	34	46	71	58	59	37	38	62	46	73	62	72	38	70	42	47	35	31	73	45	58	60	61	65	80	32	77	48	48	75	78	49	36	64	55	41	50	52	59	46	65	30	49	77	40	75	76	53	37	73	55	75	32	43
32	71	66	40	61	71	51	80	36	33	42	74	53	0	36	31	46	73	54	31	80	75	67	80	75	44	39	62	79	73	42	65	64	67	62	61	49	53	60	54	71	74	58	44	40	58	48	44	57	77	55	72	78	73	59	39	35	35	41	31	71	33	79	54	71	68	68	31	30	55	50	59	37	66	60	74	79	48	59	57	68	79	56	48	42	57	53	70	32	72	35	41	51	34	65	50	67	71	45	51
77	62	61	68	58	60	52	31	32	31	79	53	64	36	0	52	59	47	72	41	50	36	51	55	69	57	76	47	57	64	48	71	43	47	48	62	33	56	51	58	76	52	75	71	62	46	50	56	52	77	66	80	45	57	45	61	43	46	43	40	50	30	52	50	50	42	50	42	35	57	54	55	39	48	58	42	40	40	75	76	77	48	59	41	69	56	37	32	73	48	54	37	53	51	57	54	35	44	43	60
47	61	31	51	41	54	44	66	56	45	53	65	34	31	52	0	48	70	78	73	68	31	79	68	57	59	46	59	74	36	43	42	80	66	34	31	46	35	46	68	65	65	76	41	47	57	41	79	72	57	67	56	77	61	39	58	41	38	33	60	50	35	72	80	57	71	74	56	54	58	45	69	39	47	60	42	45	79	47	32	71	44	67	72	73	50	34	33	43	54	38	36	63	77	65	39	51	67	62	64
59	69	45	42	75	64	65	58	67	35	31	40	35	46	59	48	0	47	34	58	65	32	38	35	56	63	35	40	63	54	48	35	72	49	49	36	79	78	51	45	42	62	51	44	40	70	50	44	41	63	39	64	76	53	35	39	36	70	72	55	41	60	56	57	42	70	39	72	52	45	80	35	69	35	57	36	42	53	57	59	36	51	43	75	70	56	79	33	45	41	36	32	78	40	51	61	39	51	51	50
30	32	65	36	68	36	65	39	77	39	37	37	63	73	47	70	47	0	62	34	71	55	64	45	72	61	70	69	66	79	44	45	64	43	67	67	65	74	47	63	69	65	35	79	58	51	65	52	61	43	47	77	32	51	34	48	74	70	51	76	39	45	43	44	64	80	42	70	30	59	38	73	31	54	57	65	38	65	48	72	54	69	72	51	51	37	73	42	50	77	79	63	56	68	70	64	74	59	44	66
32	80	77	34	47	69	58	43	70	75	49	36	68	54	72	78	34	62	0	72	58	71	33	34	38	40	71	55	62	69	71	31	48	52	52	42	57	36	75	73	38	37	63	75	40	56	54	51	37	68	51	43	62	53	33	41	42	30	60	74	67	36	63	66	80	46	46	74	79	48	32	59	64	52	62	34	33	64	38	59	31	64	35	78	35	50	48	72	62	48	70	76	44	80	36	75	32	32	65	53
75	72	56	48	34	60	69	69	58	60	66	80	42	31	41	73	58	34	72	0	45	80	67	41	36	39	37	50	59	48	39	49	72	53	51	75	71	62	40	71	49	71	44	36	61	34	51	31	33	40	47	31	79	59	57	66	73	37	43	38	78	73	50	65	57	75	47	42	46	40	80	36	75	34	36	56	69	43	51	56	41	60	80	51	44	47	30	39	48	62	45	46	79	42	53	34	69	65	30	40
50	73	64	44	68	63	61	38	33	68	35	63	41	80	50	68	65	71	58	45	0	65	55	72	30	44	36	71	73	76	48	39	52	50	78	50	53	37	68	32	70	64	72	56	51	72	47	40	78	76	62	59	70	71	80	32	44	36	47	78	33	37	76	45	67	41	77	43	36	55	33	35	51	78	78	79	48	51	43	40	80	42	64	43	59	44	51	40	34	46	43	33	57	34	41	57	49	66	39	48
45	79	43	57	50	59	80	45	69	57	30	66	72	75	36	31	32	55	71	80	65	0	34	55	33	33	58	62	66	76	74	41	58	30	71	63	53	51	70	51	64	69	50	38	47	67	60	65	79	39	56	43	62	75	75	39	41	33	65	70	46	64	55	45	59	77	40	51	75	66	58	52	61	46	80	55	78	35	71	59	37	64	43	75	63	45	36	66	55	77	80	41	68	41	50	64	79	42	36	77
36	79	51	42	65	39	65	80	41	48	67	43	63	67	51	79	38	64	33	67	55	34	0	53	50	72	33	76	75	58	63	66	52	42	50	61	66	48	66	62	64	69	71	62	80	63	48	71	64	73	58	40	65	74	41	72	67	34	37	60	36	63	47	55	39	79	34	50	66	41	61	40	39	59	33	38	36	68	58	66	37	31	47	41	34	71	33	48	45	62	44	76	38	60	36	76	34	61	73	80
71	60	80	68	52	52	51	68	77	44	55	56	52	80	55	68	35	45	34	41	72	55	53	0	46	55	37	72	71	73	50	30	59	56	53	44	41	76	48	62	35	71	63	34	79	59	60	62	75	68	60	51	69	79	35	63	53	59	42	33	58	59	56	74	45	46	69	39	71	51	60	51	34	62	71	54	48	66	65	54	36	55	79	35	38	55	43	40	63	75	45	79	76	76	39	54	57	38	32	39
55	70	71	53	49	62	71	64	46	35	74	55	51	75	69	57	56	72	38	36	30	33	50	46	0	80	45	57	78	44	72	55	66	79	39	65	56	80	47	36	55	34	43	31	36	39	64	33	46	70	80	58	30	74	31	34	76	41	56	70	63	40	47	31	47	49	30	41	75	52	79	48	67	59	76	75	66	62	55	77	71	78	56	54	39	40	73	47	42	47	40	63	75	31	37	49	45	31	36	36
59	34	49	52	38	39	59	42	64	41	46	31	57	44	57	59	63	61	40	39	44	33	72	55	80	0	65	30	47	54	66	50	45	75	59	50	45	78	40	70	54	65	49	66	50	72	32	59	56	73	68	62	31	33	69	31	52	56	67	38	34	36	74	31	46	73	37	40	77	32	41	79	63	66	79	61	43	46	74	42	59	57	77	43	35	44	32	58	56	54	56	31	79	45	76	79	36	49	77	66
68	45	67	67	37	56	32	51	52	71	34	75	53	39	76	46	35	70	71	37	36	58	33	37	45	65	0	41	38	76	68	47	58	69	31	51	33	37	30	38	33	31	41	30	53	76	32	37	51	46	32	73	58	63	42	77	65	54	45	49	68	76	62	35	78	38	62	75	70	52	69	62	78	41	56	80	67	74	73	49	42	55	38	54	71	41	78	66	79	42	68	68	80	65	42	50	53	38	41	67
35	56	57	50	65	37	64	52	31	46	47	58	68	62	47	59	40	69	55	50	71	62	76	72	57	30	41	0	57	75	64	39	34	70	58	55	59	71	39	36	75	31	63	73	80	75	77	65	54	48	57	80	73	33	78	61	56	65	49	42	65	43	69	67	40	71	53	33	31	37	59	60	41	48	73	56	60	36	74	41	76	70	75	36	49	33	74	57	65	32	45	66	56	43	79	77	47	62	33	32
71	77	79	47	39	70	39	72	73	44	42	77	58	79	57	74	63	66	62	59	73	66	75	71	78	47	38	57	0	31	53	78	36	42	60	45	55	60	71	41	63	78	50	64	66	31	59	30	37	67	31	66	70	39	56	42	74	36	54	54	52	63	53	45	48	42	72	46	41	49	31	50	37	63	44	47	67	39	70	35	54	73	70	63	71	57	78	41	39	49	51	45	45	75	78	75	36	79	80	69
51	66	65	40	56	33	63	75	80	36	61	47	66	73	64	36	54	79	69	48	76	76	58	73	44	54	76	75	31	0	77	40	59	78	35	64	49	48	63	48	33	37	38	79	73	41	40	38	78	54	49	74	44	54	64	39	78	46	51	70	50	67	55	35	68	38	43	80	37	36	42	77	68	72	59	45	37	41	66	73	35	41	41	65	57	64	33	35	78	43	75	63	44	71	48	65	77	59	58	40
68	67	58	80	55	74	46	43	59	64	56	52	61	42	48	43	48	44	71	39	48	74	63	50	72	66	68	64	53	77	0	46	31	60	53	41	38	69	48	77	48	72	35	49	58	72	79	70	62	43	30	34	74	33	63	53	63	30	44	46	55	44	37	52	30	52	33	45	47	80	77	54	43	56	36	53	31	41	30	39	57	37	37	71	45	68	37	32	73	62	67	32	51	59	56	46	68	68	43	39
66	45	40	38	77	51	51	56	53	71	71	80	48	65	71	42	35	45	31	49	39	41	66	30	55	50	47	39	78	40	46	0	69	65	56	52	36	67	31	41	54	61	63	65	42	78	76	55	53	48	34	35	74	34	33	69	38	32	40	40	76	78	38	30	63	48	34	42	31	60	40	78	57	48	55	78	77	75	54	68	47	66	45	46	55	77	64	65	51	36	47	57	39	72	41	69	80	39	48	45
72	58	78	77	39	63	31	50	80	36	34	59	67	64	43	80	72	64	48	72	52	58	52	59	66	45	58	34	36	59	31	69	0	31	43	40	63	49	53	63	35	60	41	51	35	56	38	33	61	58	53	69	68	38	34	38	61	33	59	58	74	36	32	47	37	70	77	65	45	72	66	34	69	75	44	59	39	34	67	73	50	75	71	30	66	74	79	61	44	63	41	62	53	56	60	36	79	39	62	30
43	53	43	64	52	57	55	59	79	50	58	62	48	67	47	66	49	43	52	53	50	30	42	56	79	75	69	70	42	78	60	65	31	0	44	64	75	30	79	57	40	45	67	63	58	48	38	34	52	73	73	56	76	72	44	61	36	35	53	67	71	69	45	79	44	44	44	48	75	80	55	74	46	64	45	46	46	76	44	68	70	47	45	31	55	78	63	33	44	79	77	78	52	37	36	60	34	77	40	42
31	63	74	51	61	39	67	44	47	50	52	49	35	62	48	34	49	67	52	51	78	71	50	53	39	59	31	58	60	35	53	56	43	44	0	64	61	74	53	76	57	42	59	80	68	63	78	45	46	58	78	59	47	78	52	70	34	43	46	80	55	62	30	67	32	33	50	43	39	64	57	73	60	76	68	74	34	74	59	67	78	61	66	53	68	50	80	66	46	72	30	38	74	73	75	68	62	50	50	60
48	47	61	42	59	30	65	60	42	32	80	77	66	61	62	31	36	67	42	75	50	63	61	44	65	50	51	55	45	64	41	52	40	64	64	0	76	70	34	70	66	36	38	61	70	78	80	41	42	51	43	37	59	48	70	31	52	56	41	79	34	75	53	47	43	37	57	53	42	41	44	48	70	57	51	66	55	70	60	71	74	53	41	65	77	73	37	35	51	78	78	33	75	35	37	55	47	47	69	58
74	58	57	65	32	36	35	78	46	73	50	79	58	49	33	46	79	65	57	71	53	53	66	41	56	45	33	59	55	49	38	36	63	75	61	76	0	46	42	44	72	72	42	68	70	73	63	64	32	51	78	70	77	73	60	66	50	38	62	44	62	45	34	56	56	35	48	58	36	61	51	46	30	33	33	33	61	63	51	77	40	50	49	49	64	73	74	43	41	45	44	46	73	39	80	51	39	77	76	54
32	37	51	53	47	43	36	43	32	58	72	49	42	53	56	35	78	74	36	62	37	51	48	76	80	78	37	71	60	48	69	67	49	30	74	70	46	0	53	57	58	42	74	38	78	38	31	66	77	34	45	63	32	54	46	72	50	31	66	50	63	45	38	70	60	64	50	50	46	30	57	61	79	50	37	44	76	47	31	69	52	51	40	75	77	58	62	72	40	43	33	53	54	73	60	68	40	44	73	73
74	30	33	50	52	47	50	49	71	45	64	41	51	60	51	46	51	47	75	40	68	70	66	48	47	40	30	39	71	63	48	31	53	79	53	34	42	53	0	32	33	65	44	64	58	40	70	57	47	52	52	57	57	70	63	31	50	67	36	41	45	73	67	80	37	41	56	31	45	52	59	49	64	60	45	34	53	78	78	69	48	46	43	54	50	74	47	67	47	51	47	59	30	33	69	33	65	70	79	63
77	59	79	54	53	31	39	30	31	57	45	31	52	54	58	68	45	63	73	71	32	51	62	62	36	70	38	36	41	48	77	41	63	57	76	70	44	57	32	0	53	78	41	57	40	70	57	75	60	79	76	34	56	52	54	41	70	52	73	34	36	33	79	36	70	57	80	37	65	73	53	38	55	43	69	58	73	53	42	39	59	50	37	69	71	51	37	51	41	77	52	70	54	68	62	62	50	73	78	58
69	77	39	77	35	46	56	50	71	38	64	31	40	71	76	65	42	69	38	49	70	64	64	35	55	54	33	75	63	33	48	54	35	40	57	66	72	58	33	53	0	37	44	56	63	64	79	52	78	72	77	42	51	42	50	44	31	74	54	45	34	44	33	49	49	47	33	31	73	69	58	68	72	42	76	73	77	45	50	74	70	49	40	31	74	45	30	77	76	39	35	73	71	79	74	31	39	77	65	62
43	70	53	69	42	49	57	68	35	61	65	39	74	74	52	65	62	65	37	71	64	69	69	71	34	65	31	31	78	37	72	61	60	45	42	36	72	42	65	78	37	0	34	51	43	34	79	43	48	44	37	48	47	55	49	79	35	40	68	56	40	78	47	31	55	51	48	34	66	37	34	36	30	37	78	52	48	37	39	53	60	37	56	48	42	53	75	66	76	75	75	60	66	61	35	59	41	38	80	51
51	30	30	77	43	74	72	68	30	78	67	74	58	58	75	76	51	35	63	44	72	50	71	63	43	49	41	63	50	38	35	63	41	67	59	38	42	74	44	41	44	34	0	68	51	70	68	58	42	50	72	51	76	77	54	76	38	44	55	40	38	59	44	72	34	42	61	46	74	41	54	77	69	56	78	51	59	35	31	38	80	51	76	71	69	79	32	75	54	65	74	40	65	30	74	55	78	59	42	64
42	47	31	62	40	66	44	48	68	51	34	39	66	44	71	41	44	79	75	36	56	38	62	34	31	66	30	73	64	79	49	65	51	63	80	61	68	38	64	57	56	51	68	0	49	74	57	46	46	53	56	54	35	57	76	61	79	65	54	44	34	47	60	30	44	66	40	51	75	78	36	51	76	38	77	74	39	60	54	52	50	51	77	47	30	48	79	49	45	71	47	67	47	63	58	49	36	37	68	35
65	77	61	44	48	55	57	44	48	64	35	36	30	40	62	47	40	58	40	61	51	47	80	79	36	50	53	80	66	73	58	42	35	58	68	70	70	78	58	40	63	43	51	49	0	57	67	31	53	52	49	49	51	50	59	36	35	72	75	47	49	47	75	67	52	50	64	76	56	45	44	32	52	49	43	58	37	63	38	57	44	72	60	75	68	45	48	79	48	73	51	75	39	38	41	34	56	67	34	72
78	72	36	56	72	51	36	40	48	45	68	75	63	58	46	57	70	51	56	34	72	67	63	59	39	72	76	75	31	41	72	78	56	48	63	78	73	38	40	70	64	34	70	74	57	0	53	51	51	34	51	55	52	60	56	37	79	70	80	60	55	73	30	67	42	61	79	49	39	49	48	71	46	65	53	76	57	71	64	78	39	58	36	40	49	44	77	65	32	78	59	37	43	41	62	66	60	68	37	74
61	77	66	58	55	40	69	50	48	62	31	34	34	48	50	41	50	65	54	51	47	60	48	60	64	32	32	77	59	40	79	76	38	38	78	80	63	31	70	57	79	79	68	57	67	53	0	76	71	40	50	77	61	43	41	67	41	59	43	44	54	33	67	43	67	71	41	48	50	49	46	75	70	33	34	31	78	48	66	69	54	77	71	38	68	78	78	51	51	52	49	65	69	65	52	38	40	53	53	57
41	60	44	46	56	53	55	57	43	45	42	75	46	44	56	79	44	52	51	31	40	65	71	62	33	59	37	65	30	38	70	55	33	34	45	41	64	66	57	75	52	43	58	46	31	51	76	0	69	77	42	30	71	44	36	48	47	78	62	72	41	42	42	71	42	52	44	62	41	73	75	56	74	71	77	74	73	46	63	42	43	58	31	31	38	49	38	51	49	80	67	31	33	44	36	64	65	34	78	38
57	37	69	45	66	34	57	80	53	54	38	48	71	57	52	72	41	61	37	33	78	79	64	75	46	56	51	54	37	78	62	53	61	52	46	42	32	77	47	60	78	48	42	46	53	51	71	69	0	77	58	77	42	44	33	58	74	31	45	79	62	49	43	70	40	70	44	68	50	77	59	54	58	73	48	77	71	77	30	69	79	48	59	45	46	76	60	60	49	67	71	35	74	50	37	75	56	39	43	53
44	30	53	57	64	37	72	74	62	61	41	47	58	77	77	57	63	43	68	40	76	39	73	68	70	73	46	48	67	54	43	48	58	73	58	51	51	34	52	79	72	44	50	53	52	34	40	77	77	0	42	66	51	57	48	70	67	48	77	40	33	30	40	70	76	52	39	32	65	33	30	75	73	37	52	74	36	47	75	35	52	39	48	70	59	37	40	69	44	64	45	58	58	53	37	54	64	65	55	56
32	80	52	67	30	77	39	63	56	71	78	54	59	55	66	67	39	47	51	47	62	56	58	60	80	68	32	57	31	49	30	34	53	73	78	43	78	45	52	76	77	37	72	56	49	51	50	42	58	42	0	69	30	36	58	39	48	63	66	57	61	65	30	48	35	79	57	35	65	69	43	67	59	76	77	64	62	72	77	32	67	39	43	71	45	52	79	46	33	47	67	75	39	46	56	46	65	63	73	80
77	79	51	67	70	38	65	52	41	31	74	53	37	72	80	56	64	77	43	31	59	43	40	51	58	62	73	80	66	74	34	35	69	56	59	37	70	63	57	34	42	48	51	54	49	55	77	30	77	66	69	0	46	73	70	37	68	47	49	33	77	38	55	58	34	76	34	31	74	45	62	34	70	80	78	66	41	52	79	64	64	43	68	35	43	64	39	55	65	43	47	60	59	64	45	39	33	45	45	45
37	69	30	49	48	67	73	48	37	60	33	68	38	78	45	77	76	32	62	79	70	62	65	69	30	31	58	73	70	44	74	74	68	76	47	59	77	32	57	56	51	47	76	35	51	52	61	71	42	51	30	46	0	56	60	60	43	43	71	30	47	61	36	34	51	76	35	56	54	42	80	61	80	57	47	63	43	60	69	52	34	51	33	75	49	55	68	32	51	49	42	72	48	70	41	66	59	45	54	51
51	78	63	51	80	50	52	51	51	77	75	78	62	73	57	61	53	51	53	59	71	75	74	79	74	33	63	33	39	54	33	34	38	72	78	48	73	54	70	52	42	55	77	57	50	60	43	44	44	57	36	73	56	0	56	51	47	45	75	35	50	68	59	49	60	78	53	58	36	74	63	76	50	67	60	74	40	74	41	56	57	70	62	66	62	57	56	63	32	44	77	55	49	54	50	39	43	55	75	39
62	54	76	55	33	32	36	78	75	41	74	60	46	59	45	39	35	34	33	57	80	75	41	35	31	69	42	78	56	64	63	33	34	44	52	70	60	46	63	54	50	49	54	76	59	56	41	36	33	48	58	70	60	56	0	79	45	44	58	80	64	75	65	32	61	30	38	69	38	80	52	71	72	55	71	78	58	32	59	58	68	78	75	38	68	69	35	55	34	41	52	36	54	78	57	79	65	31	74	33
54	80	39	79	60	30	65	42	65	48	47	64	73	39	61	58	39	48	41	66	32	39	72	63	34	31	77	61	42	39	53	69	38	61	70	31	66	72	31	41	44	79	76	61	36	37	67	48	58	70	39	37	60	51	79	0	78	55	65	64	36	44	33	68	78	69	32	45	62	56	49	67	36	45	67	34	31	61	47	67	63	64	72	48	56	42	41	59	76	51	47	71	40	42	56	56	66	43	78	49
47	38	39	48	31	78	32	34	31	33	80	44	62	35	43	41	36	74	42	73	44	41	67	53	76	52	65	56	74	78	63	38	61	36	34	52	50	50	50	70	31	35	38	79	35	79	41	47	74	67	48	68	43	47	45	78	0	40	69	41	80	71	44	61	38	43	71	32	46	70	33	46	37	40	39	30	59	69	40	38	58	48	59	42	40	68	67	35	53	46	64	62	80	77	35	46	38	80	79	63
37	62	72	38	51	65	49	80	47	34	62	39	72	35	46	38	70	70	30	37	36	33	34	59	41	56	54	65	36	46	30	32	33	35	43	56	38	31	67	52	74	40	44	65	72	70	59	78	31	48	63	47	43	45	44	55	40	0	64	37	65	72	67	77	52	67	34	35	61	30	66	61	75	42	64	64	37	60	76	54	67	77	68	61	68	66	47	80	60	77	41	51	77	50	39	69	56	34	60	75
58	67	37	69	69	35	60	79	54	43	40	39	38	41	43	33	72	51	60	43	47	65	37	42	56	67	45	49	54	51	44	40	59	53	46	41	62	66	36	73	54	68	55	54	75	80	43	62	45	77	66	49	71	75	58	65	69	64	0	53	57	39	39	57	47	63	49	59	71	32	53	47	68	56	31	50	31	42	77	78	39	49	66	43	51	45	55	74	56	54	41	68	39	70	64	73	42	77	61	69
63	44	68	38	47	75	54	60	68	47	63	42	70	31	40	60	55	76	74	38	78	70	60	33	70	38	49	42	54	70	46	40	58	67	80	79	44	50	41	34	45	56	40	44	47	60	44	72	79	40	57	33	30	35	80	64	41	37	53	0	33	31	78	60	58	70	30	72	42	76	33	42	30	64	30	62	78	42	73	60	33	78	57	44	71	31	38	70	75	73	32	45	51	55	48	33	75	35	73	66
49	74	61	38	70	40	41	50	74	33	61	53	42	71	50	50	41	39	67	78	33	46	36	58	63	34	68	65	52	50	55	76	74	71	55	34	62	63	45	36	34	40	38	34	49	55	54	41	62	33	61	77	47	50	64	36	80	65	57	33	0	39	39	44	47	74	65	48	68	64	32	65	68	32	77	70	59	42	34	48	69	79	60	72	72	68	39	30	35	75	45	34	36	42	35	58	74	53	59	50
35	64	37	41	38	33	36	77	40	69	66	49	47	33	30	35	60	45	36	73	37	64	63	59	40	36	76	43	63	67	44	78	36	69	62	75	45	45	73	33	44	78	59	47	47	73	33	42	49	30	65	38	61	68	75	44	71	72	39	31	39	0	68	30	59	71	56	68	38	59	56	61	73	48	60	38	76	64	63	42	33	42	53	59	64	37	30	35	50	70	40	70	47	46	46	49	66	76	78	78
61	54	58	65	53	79	71	38	65	70	41	34	35	79	52	72	56	43	63	50	76	55	47	56	47	74	62	69	53	55	37	38	32	45	30	53	34	38	67	79	33	47	44	60	75	30	67	42	43	40	30	55	36	59	65	33	44	67	39	78	39	68	0	38	52	70	46	45	66	30	75	38	59	52	73	41	67	46	75	41	53	64	53	45	42	50	80	41	33	42	55	37	71	80	80	40	34	39	68	63
49	74	54	47	43	52	80	72	64	56	79	73	31	54	50	80	57	44	66	65	45	45	55	74	31	31	35	67	45	35	52	30	47	79	67	47	56	70	80	36	49	31	72	30	67	67	43	71	70	70	48	58	34	49	32	68	61	77	57	60	44	30	38	0	44	62	65	40	64	57	80	60	70	53	54	34	41	49	61	77	44	61	75	51	72	33	73	68	48	72	80	64	60	74	31	53	64	46	30	43
51	70	34	42	70	42	45	61	44	53	70	68	73	71	50	57	42	64	80	57	67	59	39	45	47	46	78	40	48	68	30	63	37	44	32	43	56	60	37	70	49	55	34	44	52	42	67	42	40	76	35	34	51	60	61	78	38	52	47	58	47	59	52	44	0	78	39	43	46	40	56	30	76	74	54	66	80	55	49	54	57	31	79	62	40	73	33	54	31	37	66	50	35	55	51	33	78	54	78	45
67	59	63	41	80	60	68	42	47	58	67	34	45	68	42	71	70	80	46	75	41	77	79	46	49	73	38	71	42	38	52	48	70	44	33	37	35	64	41	57	47	51	42	66	50	61	71	52	70	52	79	76	76	78	30	69	43	67	63	70	74	71	70	62	78	0	65	79	80	80	55	43	59	74	39	68	40	39	44	30	73	70	53	36	60	79	39	45	72	40	50	35	62	59	72	62	31	63	38	45
44	65	37	65	73	72	36	39	37	55	53	61	58	68	50	74	39	42	46	47	77	40	34	69	30	37	62	53	72	43	33	34	77	44	50	57	48	50	56	80	33	48	61	40	64	79	41	44	44	39	57	34	35	53	38	32	71	34	49	30	65	56	46	65	39	65	0	30	74	51	37	48	79	71	56	51	74	69	74	70	70	76	71	62	78	67	55	71	41	53	44	78	49	66	40	39	51	70	70	38
55	35	52	60	80	63	49	54	35	49	42	38	60	31	42	56	72	70	74	42	43	51	50	39	41	40	75	33	46	80	45	42	65	48	43	53	58	50	31	37	31	34	46	51	76	49	48	62	68	32	35	31	56	58	69	45	32	35	59	72	48	68	45	40	43	79	30	0	65	80	71	32	71	46	37	63	31	50	70	55	56	47	57	68	77	42	68	52	80	53	30	73	55	44	80	63	38	66	49	58
61	70	33	30	67	56	40	73	40	78	39	32	61	30	35	54	52	30	79	46	36	75	66	71	75	77	70	31	41	37	47	31	45	75	39	42	36	46	45	65	73	66	74	75	56	39	50	41	50	65	65	74	54	36	38	62	46	61	71	42	68	38	66	64	46	80	74	65	0	75	36	78	71	71	50	49	55	36	58	55	45	50	67	36	36	46	50	45	42	77	75	58	31	57	35	58	67	68	49	50
35	64	78	77	55	43	30	74	34	45	53	47	65	55	57	58	45	59	48	40	55	66	41	51	52	32	52	37	49	36	80	60	72	80	64	41	61	30	52	73	69	37	41	78	45	49	49	73	77	33	69	45	42	74	80	56	70	30	32	76	64	59	30	57	40	80	51	80	75	0	56	60	72	70	49	34	57	31	34	49	46	75	78	32	32	67	40	55	69	58	79	69	78	59	40	38	65	69	48	57
62	43	61	53	65	52	58	32	68	55	61	51	80	50	54	45	80	38	32	80	33	58	61	60	79	41	69	59	31	42	77	40	66	55	57	44	51	57	59	53	58	34	54	36	44	48	46	75	59	30	43	62	80	63	52	49	33	66	53	33	32	56	75	80	56	55	37	71	36	56	0	35	40	80	67	58	76	44	44	37	75	73	76	31	56	45	37	77	76	33	60	68	60	35	47	65	39	35	30	51
47	62	73	68	61	40	75	54	78	60	42	46	32	59	55	69	35	73	59	36	35	52	40	51	48	79	62	60	50	77	54	78	34	74	73	48	46	61	49	38	68	36	77	51	32	71	75	56	54	75	67	34	61	76	71	67	46	61	47	42	65	61	38	60	30	43	48	32	78	60	35	0	80	38	54	52	56	40	70	42	68	32	62	74	34	73	41	57	32	63	79	50	64	55	79	37	70	50	79	78
30	49	40	67	68	30	35	38	45	75	62	71	77	37	39	39	69	31	64	75	51	61	39	34	67	63	78	41	37	68	43	57	69	46	60	70	30	79	64	55	72	30	69	76	52	46	70	74	58	73	59	70	80	50	72	36	37	75	68	30	68	73	59	70	76	59	79	71	71	72	40	80	0	63	39	78	40	69	59	57	49	57	38	62	40	65	34	74	78	43	58	70	57	33	54	44	38	38	39	56
71	44	58	56	56	56	70	60	59	70	58	77	48	66	48	47	35	54	52	34	78	46	59	62	59	66	41	48	63	72	56	48	75	64	76	57	33	50	60	43	42	37	56	38	49	65	33	71	73	37	76	80	57	67	55	45	40	42	56	64	32	48	52	53	74	74	71	46	71	70	80	38	63	0	75	57	69	32	75	74	36	67	53	42	36	56	80	31	40	55	31	40	41	32	40	66	55	77	39	55
44	48	47	42	42	52	62	35	30	33	56	40	48	60	58	60	57	57	62	36	78	80	33	71	76	79	56	73	44	59	36	55	44	45	68	51	33	37	45	69	76	78	78	77	43	53	34	77	48	52	77	78	47	60	71	67	39	64	31	30	77	60	73	54	54	39	56	37	50	49	67	54	39	75	0	35	67	35	56	31	69	58	80	75	66	33	37	42	67	36	47	66	34	53	41	60	76	73	59	33
42	68	34	59	61	51	34	69	43	52	44	75	75	74	42	42	36	65	34	56	79	55	38	54	75	61	80	56	47	45	53	78	59	46	74	66	33	44	34	58	73	52	51	74	58	76	31	74	77	74	64	66	63	74	78	34	30	64	50	62	70	38	41	34	66	68	51	63	49	34	58	52	78	57	35	0	54	66	30	49	77	70	54	78	43	75	78	38	64	57	44	38	57	73	74	59	66	64	76	53
78	51	33	52	61	41	65	61	34	31	73	42	78	79	40	45	42	38	33	69	48	78	36	48	66	43	67	60	67	37	31	77	39	46	34	55	61	76	53	73	77	48	59	39	37	57	78	73	71	36	62	41	43	40	58	31	59	37	31	78	59	76	67	41	80	40	74	31	55	57	76	56	40	69	67	54	0	49	64	49	50	60	37	42	41	71	51	38	65	61	39	52	53	30	59	78	35	61	31	76
69	40	73	34	57	45	52	45	40	43	46	43	49	48	40	79	53	65	64	43	51	35	68	66	62	46	74	36	39	41	41	75	34	76	74	70	63	47	78	53	45	37	35	60	63	71	48	46	77	47	72	52	60	74	32	61	69	60	42	42	42	64	46	49	55	39	69	50	36	31	44	40	69	32	35	66	49	0	44	36	72	59	37	50	33	80	30	51	76	55	45	49	75	70	64	80	61	64	75	38
61	53	72	34	45	42	53	58	58	75	54	66	36	59	75	47	57	48	38	51	43	71	58	65	55	74	73	74	70	66	30	54	67	44	59	60	51	31	78	42	50	39	31	54	38	64	66	63	30	75	77	79	69	41	59	47	40	76	77	73	34	63	75	61	49	44	74	70	58	34	44	70	59	75	56	30	64	44	0	74	80	50	45	63	75	76	50	70	60	50	80	38	61	69	50	70	65	75	79	79
56	60	58	64	77	76	49	32	56	51	76	48	64	57	76	32	59	72	59	56	40	59	66	54	77	42	49	41	35	73	39	68	73	68	67	71	77	69	69	39	74	53	38	52	57	78	69	42	69	35	32	64	52	56	58	67	38	54	78	60	48	42	41	77	54	30	70	55	55	49	37	42	57	74	31	49	49	36	74	0	54	33	55	49	49	71	52	42	57	43	72	36	55	52	44	52	63	32	74	40
77	31	50	68	67	76	49	71	63	47	80	59	55	68	77	71	36	54	31	41	80	37	37	36	71	59	42	76	54	35	57	47	50	70	78	74	40	52	48	59	70	60	80	50	44	39	54	43	79	52	67	64	34	57	68	63	58	67	39	33	69	33	53	44	57	73	70	56	45	46	75	68	49	36	69	77	50	72	80	54	0	64	77	71	55	53	53	73	57	38	39	31	77	62	35	80	56	33	30	78
56	60	68	44	43	38	32	80	56	50	33	62	41	79	48	44	51	69	64	60	42	64	31	55	78	57	55	70	73	41	37	66	75	47	61	53	50	51	46	50	49	37	51	51	72	58	77	58	48	39	39	43	51	70	78	64	48	77	49	78	79	42	64	61	31	70	76	47	50	75	73	32	57	67	58	70	60	59	50	33	64	0	73	76	73	66	30	50	58	48	66	55	70	62	41	31	58	48	70	58
46	52	42	72	64	70	58	31	46	71	33	52	50	56	59	67	43	72	35	80	64	43	47	79	56	77	38	75	70	41	37	45	71	45	66	41	49	40	43	37	40	56	76	77	60	36	71	31	59	48	43	68	33	62	75	72	59	68	66	57	60	53	53	75	79	53	71	57	67	78	76	62	38	53	80	54	37	37	45	55	77	73	0	63	65	47	47	80	33	45	52	37	44	62	38	52	31	55	46	48
65	49	74	79	55	32	48	56	66	52	51	42	52	48	41	72	75	51	78	51	43	75	41	35	54	43	54	36	63	65	71	46	30	31	53	65	49	75	54	69	31	48	71	47	75	40	38	31	45	70	71	35	75	66	38	48	42	61	43	44	72	59	45	51	62	36	62	68	36	32	31	74	62	42	75	78	42	50	63	49	71	76	63	0	79	50	34	51	42	69	39	43	41	76	33	69	41	63	63	63
75	61	74	43	68	41	51	62	52	46	59	43	59	42	69	73	70	51	35	44	59	63	34	38	39	35	71	49	71	57	45	55	66	55	68	77	64	77	50	71	74	42	69	30	68	49	68	38	46	59	45	43	49	62	68	56	40	68	51	71	72	64	42	72	40	60	78	77	36	32	56	34	40	36	66	43	41	33	75	49	55	73	65	79	0	53	67	74	51	31	77	38	76	78	75	36	43	49	57	64
40	39	49	51	56	34	40	72	66	57	38	43	46	57	56	50	56	37	50	47	44	45	71	55	40	44	41	33	57	64	68	77	74	78	50	73	73	58	74	51	45	53	79	48	45	44	78	49	76	37	52	64	55	57	69	42	68	66	45	31	68	37	50	33	73	79	67	42	46	67	45	73	65	56	33	75	71	80	76	71	53	66	47	50	53	0	65	51	42	63	57	52	68	79	60	74	80	48	75	68
43	33	74	80	32	37	72	35	60	74	42	60	65	53	37	34	79	73	48	30	51	36	33	43	73	32	78	74	78	33	37	64	79	63	80	37	74	62	47	37	30	75	32	79	48	77	78	38	60	40	79	39	68	56	35	41	67	47	55	38	39	30	80	73	33	39	55	68	50	40	37	41	34	80	37	78	51	30	50	52	53	30	47	34	67	65	0	46	70	78	79	77	31	56	73	41	31	56	71	37
33	72	75	78	77	52	50	45	67	30	31	67	30	70	32	33	33	42	72	39	40	66	48	40	47	58	66	57	41	35	32	65	61	33	66	35	43	72	67	51	77	66	75	49	79	65	51	51	60	69	46	55	32	63	55	59	35	80	74	70	30	35	41	68	54	45	71	52	45	55	77	57	74	31	42	38	38	51	70	42	73	50	80	51	74	51	46	0	57	67	80	38	70	42	76	40	69	74	48	45
80	55	75	72	71	45	42	42	68	61	70	34	49	32	73	43	45	50	62	48	34	55	45	63	42	56	79	65	39	78	73	51	44	44	46	51	41	40	47	41	76	76	54	45	48	32	51	49	49	44	33	65	51	32	34	76	53	60	56	75	35	50	33	48	31	72	41	80	42	69	76	32	78	40	67	64	65	76	60	57	57	58	33	42	51	42	70	57	0	63	50	58	54	41	58	74	31	46	41	47
62	49	57	55	51	62	69	35	40	73	55	80	77	72	48	54	41	77	48	62	46	77	62	75	47	54	42	32	49	43	62	36	63	79	72	78	45	43	51	77	39	75	65	71	73	78	52	80	67	64	47	43	49	44	41	51	46	77	54	73	75	70	42	72	37	40	53	53	77	58	33	63	43	55	36	57	61	55	50	43	38	48	45	69	31	63	78	67	63	0	66	66	75	50	39	79	42	60	64	59
43	62	55	44	49	47	39	59	80	63	73	46	40	35	54	38	36	79	70	45	43	80	44	45	40	56	68	45	51	75	67	47	41	77	30	78	44	33	47	52	35	75	74	47	51	59	49	67	71	45	67	47	42	77	52	47	64	41	41	32	45	40	55	80	66	50	44	30	75	79	60	79	58	31	47	44	39	45	80	72	39	66	52	39	77	57	79	80	50	66	0	69	54	42	37	57	63	78	55	76
34	55	77	45	52	31	48	58	63	65	67	44	75	41	37	36	32	63	76	46	33	41	76	79	63	31	68	66	45	63	32	57	62	78	38	33	46	53	59	70	73	60	40	67	75	37	65	31	35	58	75	60	72	55	36	71	62	51	68	45	34	70	37	64	50	35	78	73	58	69	68	50	70	40	66	38	52	49	38	36	31	55	37	43	38	52	77	38	58	66	69	0	32	53	63	43	30	52	52	47
74	34	54	52	77	57	60	45	49	79	53	52	76	51	53	63	78	56	44	79	57	68	38	76	75	79	80	56	45	44	51	39	53	52	74	75	73	54	30	54	71	66	65	47	39	43	69	33	74	58	39	59	48	49	54	40	80	77	39	51	36	47	71	60	35	62	49	55	31	78	60	64	57	41	34	57	53	75	61	55	77	70	44	41	76	68	31	70	54	75	54	32	0	76	43	74	30	73	80	31
42	61	80	35	71	59	70	57	37	62	33	44	53	34	51	77	40	68	80	42	34	41	60	76	31	45	65	43	75	71	59	72	56	37	73	35	39	73	33	68	79	61	30	63	38	41	65	44	50	53	46	64	70	54	78	42	77	50	70	55	42	46	80	74	55	59	66	44	57	59	35	55	33	32	53	73	30	70	69	52	62	62	62	76	78	79	56	42	41	50	42	53	76	0	63	64	59	72	71	57
43	45	51	41	65	49	35	50	58	33	69	50	37	65	57	65	51	70	36	53	41	50	36	39	37	76	42	79	78	48	56	41	60	36	75	37	80	60	69	62	74	35	74	58	41	62	52	36	37	37	56	45	41	50	57	56	35	39	64	48	35	46	80	31	51	72	40	80	35	40	47	79	54	40	41	74	59	64	50	44	35	41	38	33	75	60	73	76	58	39	37	63	43	63	0	63	67	38	54	42
71	56	71	80	52	46	43	68	75	31	55	47	73	50	54	39	61	64	75	34	57	64	76	54	49	79	50	77	75	65	46	69	36	60	68	55	51	68	33	62	31	59	55	49	34	66	38	64	75	54	46	39	66	39	79	56	46	69	73	33	58	49	40	53	33	62	39	63	58	38	65	37	44	66	60	59	78	80	70	52	80	31	52	69	36	74	41	40	74	79	57	43	74	64	63	0	60	77	74	70
64	68	45	44	34	60	37	56	40	35	79	64	55	67	35	51	39	74	32	69	49	79	34	57	45	36	53	47	36	77	68	80	79	34	62	47	39	40	65	50	39	41	78	36	56	60	40	65	56	64	65	33	59	43	65	66	38	56	42	75	74	66	34	64	78	31	51	38	67	65	39	70	38	55	76	66	35	61	65	63	56	58	31	41	43	80	31	69	31	42	63	30	30	59	67	60	0	42	64	43
52	55	54	33	76	73	70	67	65	74	75	52	75	71	44	67	51	59	32	65	66	42	61	38	31	49	38	62	79	59	68	39	39	77	50	47	77	44	70	73	77	38	59	37	67	68	53	34	39	65	63	45	45	55	31	43	80	34	77	35	53	76	39	46	54	63	70	66	68	69	35	50	38	77	73	64	61	64	75	32	33	48	55	63	49	48	56	74	46	60	78	52	73	72	38	77	42	0	67	59
31	74	78	36	64	57	35	69	52	66	64	55	32	45	43	62	51	44	65	30	39	36	73	32	36	77	41	33	80	58	43	48	62	40	50	69	76	73	79	78	65	80	42	68	34	37	53	78	43	55	73	45	54	75	74	78	79	60	61	73	59	78	68	30	78	38	70	49	49	48	30	79	39	39	59	76	31	75	79	74	30	70	46	63	57	75	71	48	41	64	55	52	80	71	54	74	64	67	0	36
51	78	70	67	35	63	78	53	61	68	34	74	43	51	60	64	50	66	53	40	48	77	80	39	36	66	67	32	69	40	39	45	30	42	60	58	54	73	63	58	62	51	64	35	72	74	57	38	53	56	80	45	51	39	33	49	63	75	69	66	50	78	63	43	45	45	38	58	50	57	51	78	56	55	33	53	76	38	79	40	78	58	48	63	64	68	37	45	47	59	76	47	31	57	42	70	43	59	36	0

Initial health value of each distributed equipment: 
(Where columns denote demand points: 1 to 100.)
438.24	186.25	207.06	321.31	160.92	406.72	517.86	281.61	247.04	151.98	337.75	255.96	159.43	180.29	296.51	257.81	433.40	160.92	300.12	245.85	304.38	418.66	387.09	229.46	507.30	329.26	360.51	208.06	157.94	320.26	192.21	174.33	238.40	313.02	277.14	487.52	241.38	149.00	329.84	171.35	235.42	162.41	266.71	351.12	286.08	564.48	335.40	242.87	226.48	365.40	408.51	416.38	408.00	335.58	321.90	456.00	238.40	254.79	358.62	274.17	310.96	284.24	277.14	295.36	220.52	269.69	338.85	244.42	241.38	196.56	391.56	154.96	213.07	216.05	316.41	263.00	248.83	187.74	412.16	169.86	303.38	216.05	215.38	309.40	207.11	360.96	379.50	184.76	268.71	232.36	415.95	257.54	396.58	207.11	334.08	178.80	189.23	382.08	162.41	422.94

Spare parts types of different demand points: 
(where columns denote demand points: 1 to 100.)
1	1	4	1	5	4	5	3	2	5	3	4	1	4	2	2	1	1	2	2	1	5	5	1	2	4	4	2	1	5	3	1	2	4	1	2	4	2	1	1	1	3	4	2	2	4	3	3	3	1	2	3	2	4	5	3	4	2	3	3	4	5	3	3	5	2	3	4	2	4	5	5	4	1	4	1	4	4	3	5	1	3	5	5	5	3	4	5	2	2	2	3	2	4	5	5	4	2	3	2

inventory management cost per unit time of different types of orders: 
(where columns denote types of orders: 1 to 5.)
2.2	1.4	2.7	1.5	2

Maintenance cost per unit time of different worker: 
(Where rows denote strategy: 1 to 3,and columns denote available worker of each strategy: 1 to 4.)
3.7	3.4	4.3
3.7	3.3	3.7
3.3	4.2	3.5
3.1	3.6	4.7

The weight of tardiness cost of different demand points: 
(where columns denote demand points: 1 to 100.)
4.7	4.9	4.5	3.8	5.3	3.3	5.9	5	5.2	5.9	4.2	5.7	4.9	4.1	4.3	3.8	3.5	5.2	5.3	5.1	3.3	3.5	5	3.3	3.8	5.6	4.2	5.9	5	3.4	5.5	4.2	5.9	6	6	3.6	5.9	5.4	3.9	4.2	5	3.7	4	4.6	3.4	3.6	4.1	3.2	4.4	5.5	3.1	3.1	6	3.5	4.5	5.1	3.5	3.9	5.5	5.6	5.9	4.7	5.3	4	5.7	5.7	3.4	4.6	3.4	3.3	4.6	4.7	3.5	5.5	5.6	3	5.4	3.8	5	3.8	4.5	5	4.4	3.5	4.5	5.6	5.9	5.7	4.4	5.8	5.1	4	5.2	5	3.5	5.3	5.4	4.2	5.7	3.2

The waste of old spare part per unit time of each distributed equipment: 
(where columns denote demand points: 1 to 100.)
5.7	6.6	7.9	6.6	6.4	5.4	6.2	5.5	7.1	5	6.9	5.8	7.8	6.6	7	6.7	5.3	5.6	5.9	5.9	6.2	7	6.1	5.6	7.8	5.5	7.1	5.8	7.3	7.3	7.4	5.1	6.4	7.3	6.2	5.8	6.9	5.1	7.8	5.9	6.5	7.1	5.9	7	6.4	8	7.4	7.9	5.5	5	5.3	7.9	7.7	5.7	6.6	6.7	5.4	7.3	7.5	5.8	6.1	6.7	7.1	5.4	5.7	6.7	7.5	6.1	6.3	7.1	6.2	6.9	6.4	6.5	5.6	7.5	5	6.3	6.5	7.5	7.5	6.9	5.9	7.3	5.4	7.5	7.4	7.1	5.9	6.6	5.4	5.7	7.3	7.2	6.7	5.8	5.9	6.7	7.1	5.1

shutdown cost per unit time of each distributed equipment: 
(where columns denote demand points: 1 to 100.)
23	22.1	24.7	21.1	24	24.8	23.9	21.5	21.5	24.2	21.4	21.2	22.8	21.1	21.7	24.3	22.2	20.3	23.1	21.7	21.6	20.1	23.6	21.8	20.5	21.8	23.3	24.9	21.3	24.4	23.3	24.4	23.4	20.4	24.8	20.3	22.7	21	20.6	23.6	21.1	23.6	23.2	21.5	24.7	20.4	21.9	20.8	21.6	22.2	23.9	20.7	20.6	23.3	21.3	24.5	22.4	21.1	23.4	24.1	22.4	22.7	22.5	23.3	24.9	24.5	21.1	20.4	21.4	24.4	24.6	22.5	23.4	23	20.9	24.9	23.7	24.6	21.4	24.6	22.5	24.4	22.1	22	24	22.4	23.4	24.4	21.5	20.3	20.3	20.1	24.6	22.8	24.6	24.1	23.3	20.9	20.3	24.3

Deterioration rate of each piece of equipment:
(Where columns denote distributed equipment: 1 to 100.)
1.66	1.25	1.19	1.27	1.08	1.64	1.89	1.89	1.28	1.02	1.93	1.58	1.07	1.21	1.99	1.27	1.97	1.08	1.83	1.65	1.14	1.73	1.53	1.54	1.78	1.63	1.83	1.03	1.06	1.34	1.29	1.17	1.6	1.41	1.86	1.76	1.62	1	1.52	1.15	1.58	1.09	1.79	1.33	1.92	1.96	1.3	1.49	1.52	1.74	1.53	1.91	1.5	1.19	1.74	1.9	1.6	1.71	1.39	1.11	1.84	1.52	1.86	1.04	1.48	1.81	1.35	1.01	1.62	1.04	1.56	1.04	1.43	1.45	1.99	1	1.67	1.26	1.84	1.14	1.97	1.45	1.21	1.19	1.39	1.28	1.5	1.24	1.59	1.48	1.77	1.63	1.58	1.39	1.92	1.2	1.27	1.99	1.09	1.59

The processing time of different types of spare parts: 
(Where rows denote machines: 1 to 5,and columns denote types: 1 to 5.)
12	29	13	10	19
29	15	16	27	21
17	28	29	13	14
21	14	21	16	10
21	22	12	23	16

The maintenance time of different workers: 
(Where rows denote strategy: 1 to 3,and columns denote available worker of each strategy: 1 to 4.)
32	32	48
44	37	48
47	31	49
48	31	35

Repair degree of different strategies: 
(Where rows denote strategy: 1 to 34.)
0.56	0.62	0.65

Quantity of spare parts of each type reserved in each warehouse: 
(where rows denote warehouses£º1 to 10,and columns denote types£º1 to 5.)
2	3	4	5
1	2	2	2
2	3	4
1	1	2
1	3
1	1
4
2
5
1

Initial due date of each order: 
(Where columns denote order: 1 to 100.)
264	149	174	253	149	248	274	149	193	149	175	162	149	149	149	203	220	149	164	149	267	242	253	149	285	202	197	202	149	239	149	149	149	222	149	277	149	149	217	149	149	149	149	264	149	288	258	163	149	210	267	218	272	282	185	240	149	149	258	247	169	187	149	284	149	149	251	242	149	189	251	149	149	149	159	263	149	149	224	149	154	149	178	260	149	282	253	149	169	157	235	158	251	149	174	149	149	192	149	266

Maintenance starting time window of each piece of equipment: 
(Where rows denote Lower and Upper bounds of Maintenance starting time window: 1 to 2,and columns denote distributed equipment: 1 to 100.)
184.8	104.3	121.8	177.1	104.3	173.6	191.8	104.3	135.1	104.3	122.5	113.4	104.3	104.3	104.3	142.1	154	104.3	114.8	104.3	186.9	169.4	177.1	104.3	199.5	141.4	137.9	141.4	104.3	167.3	104.3	104.3	104.3	155.4	104.3	193.9	104.3	104.3	151.9	104.3	104.3	104.3	104.3	184.8	104.3	201.6	180.6	114.1	104.3	147	186.9	152.6	190.4	197.4	129.5	168	104.3	104.3	180.6	172.9	118.3	130.9	104.3	198.8	104.3	104.3	175.7	169.4	104.3	132.3	175.7	104.3	104.3	104.3	111.3	184.1	104.3	104.3	156.8	104.3	107.8	104.3	124.6	182	104.3	197.4	177.1	104.3	118.3	109.9	164.5	110.6	175.7	104.3	121.8	104.3	104.3	134.4	104.3	186.2
237.6	134.1	156.6	227.7	134.1	223.2	246.6	134.1	173.7	134.1	157.5	145.8	134.1	134.1	134.1	182.7	198	134.1	147.6	134.1	240.3	217.8	227.7	134.1	256.5	181.8	177.3	181.8	134.1	215.1	134.1	134.1	134.1	199.8	134.1	249.3	134.1	134.1	195.3	134.1	134.1	134.1	134.1	237.6	134.1	259.2	232.2	146.7	134.1	189	240.3	196.2	244.8	253.8	166.5	216	134.1	134.1	232.2	222.3	152.1	168.3	134.1	255.6	134.1	134.1	225.9	217.8	134.1	170.1	225.9	134.1	134.1	134.1	143.1	236.7	134.1	134.1	201.6	134.1	138.6	134.1	160.2	234	134.1	253.8	227.7	134.1	152.1	141.3	211.5	142.2	225.9	134.1	156.6	134.1	134.1	172.8	134.1	239.4

