Number of orders: 
100

Number of factories\warehouses: 
3

Number of machines per factory: 
8

Number of types of spare parts: 
15

Number of maintenance strategies: 
4

Number of available workers per strategy: 
3

Transportation cost per unit time: 
3

Transprotation time between factories/warehouses and demand points: 
(Where rows denote factories: 1 to 3 ,and columns denote demand points: 1 to 100.)
63	51	58	104	53	43	133	93	136	56	108	74	53	54	60	64	56	65	82	107	39	99	33	40	48	79	74	138	44	115	41	90	30	36	94	41	119	128	105	103	50	75	87	137	137	149	60	57	137	91	131	33	50	53	140	86	112	121	40	35	129	51	117	106	94	147	77	79	48	79	57	80	130	77	31	41	76	64	38	110	56	54	148	92	43	147	146	76	72	75	143	52	90	139	115	47	109	91	102	54
128	124	98	50	66	62	67	100	111	37	101	68	80	96	63	66	97	68	46	70	34	84	36	104	91	95	45	60	65	50	73	60	97	93	71	64	34	67	91	32	137	113	49	63	127	146	43	115	47	48	88	131	115	99	94	74	88	72	61	59	114	75	115	141	31	37	105	104	125	119	87	86	74	60	76	40	135	140	130	118	104	77	75	73	45	129	141	84	86	92	128	68	66	53	64	52	38	83	138	122
103	125	48	120	95	103	113	101	60	70	52	102	78	121	118	84	55	113	100	131	107	131	103	92	89	43	118	58	117	55	113	112	118	102	49	105	82	31	117	41	63	65	48	120	34	50	131	58	103	35	106	48	101	50	106	88	118	90	33	99	82	49	70	77	35	137	55	59	80	149	112	61	51	82	43	88	97	94	34	104	33	45	88	111	60	129	76	135	58	52	141	144	132	73	44	75	35	30	69	79

Tranfer time of each worker between two different demand points: 
(Where rows and columns both denote demands points: 1 to 100.)
0	32	79	45	49	76	62	66	65	58	43	65	60	77	72	50	30	42	39	41	56	62	68	45	57	59	56	79	33	68	52	30	75	42	80	49	34	55	60	33	35	72	70	66	71	63	74	58	66	72	41	32	33	47	72	40	72	31	74	69	53	34	75	46	46	39	48	42	44	79	58	44	43	51	79	72	57	30	55	64	66	62	37	33	52	46	78	64	40	58	60	43	51	56	39	76	32	68	33	42
32	0	32	45	65	77	79	51	80	76	56	44	77	33	64	41	66	72	67	46	68	70	53	31	73	54	33	74	44	80	31	45	56	46	79	52	72	37	63	79	30	70	49	55	79	31	57	67	70	39	66	41	74	51	80	66	72	46	59	60	68	48	72	60	54	45	69	73	74	48	31	59	43	58	42	34	43	51	37	51	54	31	67	57	66	51	31	76	32	76	55	51	40	67	47	51	63	40	54	49
79	32	0	62	73	30	38	59	77	60	65	46	37	33	34	72	52	73	74	66	41	71	78	63	48	68	72	70	73	64	32	56	45	45	48	40	31	62	44	77	72	57	80	62	77	34	41	56	33	78	34	41	63	30	39	63	41	55	76	69	68	48	46	50	71	80	66	61	72	50	38	40	69	69	58	60	65	59	53	65	52	68	33	66	45	53	76	80	51	44	66	71	40	33	59	38	43	80	31	41
45	45	62	0	50	49	55	40	35	50	59	65	73	72	40	30	62	78	66	46	40	41	30	31	68	69	77	74	67	79	76	64	52	37	76	52	57	50	49	70	73	68	44	45	41	63	79	48	68	43	31	30	39	34	70	44	32	54	59	74	68	62	71	50	75	46	45	61	37	56	44	31	75	56	42	57	52	53	60	55	54	56	49	46	51	55	33	73	70	43	75	50	77	74	32	40	42	52	67	32
49	65	73	50	0	75	54	43	56	34	73	31	37	44	33	31	38	65	55	41	69	65	79	52	62	48	52	63	54	47	59	62	62	47	57	30	71	48	39	67	75	69	63	40	78	67	43	60	46	63	43	38	45	66	42	51	59	59	32	56	38	48	72	54	55	50	59	69	68	73	45	44	75	76	66	62	70	62	67	77	38	60	40	39	67	36	38	42	68	51	43	57	33	71	76	72	36	44	38	72
76	77	30	49	75	0	67	51	75	49	67	30	78	65	70	74	49	30	52	72	56	50	40	35	70	54	33	37	44	65	62	39	61	68	41	70	65	59	36	65	46	63	74	40	79	59	60	48	69	46	53	60	50	73	76	62	39	34	39	66	40	45	54	31	58	77	70	45	75	64	56	77	62	68	71	53	57	80	31	68	41	67	35	35	30	54	40	44	34	30	77	73	65	80	55	55	48	55	61	43
62	79	38	55	54	67	0	53	42	45	52	72	41	61	46	74	65	65	46	48	49	52	79	48	68	34	77	30	69	71	32	31	47	68	62	57	31	54	36	53	62	69	61	56	45	75	52	55	59	62	61	59	33	60	34	42	38	67	37	36	52	64	80	50	60	47	52	33	70	66	73	74	68	63	62	43	48	67	70	43	59	66	62	71	65	70	42	41	53	38	42	39	72	42	64	76	64	43	79	31
66	51	59	40	43	51	53	0	78	41	47	53	77	57	38	32	33	76	71	39	53	38	75	80	57	41	44	47	33	43	68	68	77	39	77	80	57	52	70	72	31	56	59	77	65	53	31	78	72	45	76	72	62	57	68	33	61	64	77	71	79	73	66	54	53	73	76	38	74	31	44	45	41	58	51	31	49	41	65	66	34	61	59	66	57	77	30	78	33	61	74	56	80	75	39	64	72	50	39	55
65	80	77	35	56	75	42	78	0	48	41	43	59	44	78	46	32	58	66	55	50	56	72	79	78	65	74	76	44	72	58	47	59	42	70	45	73	77	42	79	67	80	62	39	72	30	45	80	76	58	31	39	47	41	35	69	57	79	36	68	62	69	77	74	69	44	62	30	40	62	48	79	48	76	54	43	68	71	62	30	58	45	32	65	37	40	51	56	54	63	60	50	50	77	78	61	44	69	79	69
58	76	60	50	34	49	45	41	48	0	36	70	31	54	40	65	43	74	77	43	31	75	50	68	55	73	45	32	80	50	60	75	30	76	57	48	69	78	34	68	62	70	46	59	54	54	56	62	36	72	80	74	46	49	59	45	33	65	74	39	40	55	32	34	55	34	71	72	68	57	48	67	43	42	53	61	63	56	46	74	65	55	52	50	63	48	72	34	36	50	70	54	40	48	30	31	61	50	74	66
43	56	65	59	73	67	52	47	41	36	0	46	51	75	41	42	67	74	38	64	79	73	42	71	53	78	75	31	45	51	61	36	52	36	58	40	53	49	43	39	37	37	58	64	43	45	62	58	56	76	58	58	57	46	34	36	35	45	64	57	59	71	70	44	30	76	55	57	51	51	71	41	33	59	80	38	38	80	59	64	44	79	38	76	78	58	48	75	54	60	51	67	52	73	33	36	53	39	80	41
65	44	46	65	31	30	72	53	43	70	46	0	38	44	76	75	61	46	51	80	58	79	36	50	76	31	65	78	49	37	37	72	41	70	73	33	66	48	35	35	40	67	45	35	53	45	68	45	57	57	45	32	63	64	60	58	49	49	69	63	70	37	76	47	56	59	34	44	67	54	70	78	48	77	34	43	51	70	51	31	73	72	35	46	55	80	38	73	79	65	77	75	73	34	74	71	64	56	31	46
60	77	37	73	37	78	41	77	59	31	51	38	0	49	39	37	63	38	62	50	32	58	72	78	80	33	80	52	80	33	68	30	56	57	53	80	71	79	47	30	69	71	55	46	38	35	68	76	50	35	77	40	75	31	46	57	56	41	54	62	43	53	53	74	58	73	72	46	42	45	64	62	59	44	35	56	47	50	60	53	59	53	50	80	77	46	32	62	63	63	58	65	56	49	48	75	79	44	47	33
77	33	33	72	44	65	61	57	44	54	75	44	49	0	47	59	47	61	46	49	78	47	53	59	37	63	66	78	30	57	73	73	76	47	60	59	42	34	39	62	68	32	59	39	65	35	60	49	80	41	41	50	48	58	61	48	65	65	39	34	66	76	37	37	59	59	78	73	38	78	56	79	58	65	60	77	47	41	32	73	43	75	69	47	80	72	38	59	74	53	36	75	66	55	76	78	34	80	40	43
72	64	34	40	33	70	46	38	78	40	41	76	39	47	0	35	52	32	79	46	31	77	58	66	46	71	70	62	30	52	34	78	70	57	35	77	44	30	50	62	67	31	67	52	78	48	65	55	54	47	68	61	80	39	67	35	45	76	48	36	52	66	71	66	69	44	65	30	46	40	72	78	36	75	42	52	43	53	68	55	58	62	66	74	39	57	31	36	35	75	54	31	53	34	68	64	41	44	74	49
50	41	72	30	31	74	74	32	46	65	42	75	37	59	35	0	39	68	53	62	62	55	57	60	43	75	48	68	76	70	42	38	75	72	32	64	44	78	66	59	38	64	68	47	69	72	38	49	65	42	35	46	67	33	38	41	79	73	34	58	45	76	79	54	34	53	48	68	50	62	68	56	64	35	43	63	31	47	74	73	65	46	80	75	33	54	44	38	47	40	37	70	48	49	39	38	74	78	68	42
30	66	52	62	38	49	65	33	32	43	67	61	63	47	52	39	0	63	33	45	75	57	42	60	32	78	69	34	72	49	69	42	42	34	35	49	53	42	49	34	51	37	69	73	38	75	43	34	30	59	50	49	41	61	45	77	35	67	80	64	71	54	76	69	34	71	46	72	48	55	68	33	31	68	34	56	57	43	37	57	46	37	77	70	35	56	35	36	73	61	64	75	78	65	42	65	77	59	49	49
42	72	73	78	65	30	65	76	58	74	74	46	38	61	32	68	63	0	69	61	76	33	47	44	68	79	52	53	60	60	54	79	42	41	47	31	50	75	53	60	57	69	38	67	69	79	70	35	53	34	43	80	78	42	43	61	55	50	31	56	80	34	60	78	52	48	60	78	73	54	62	52	48	80	56	62	43	36	54	35	62	57	45	40	77	55	80	76	58	54	48	39	65	74	45	35	70	69	49	75
39	67	74	66	55	52	46	71	66	77	38	51	62	46	79	53	33	69	0	47	79	65	53	41	75	42	47	54	73	48	31	54	51	67	45	75	45	30	49	80	46	36	59	68	69	62	43	67	55	37	79	33	34	39	74	67	74	77	41	70	32	69	51	57	74	79	79	54	43	50	56	43	68	46	60	56	63	67	79	52	45	72	37	61	74	46	50	48	30	49	57	65	77	76	72	64	54	70	79	48
41	46	66	46	41	72	48	39	55	43	64	80	50	49	46	62	45	61	47	0	30	51	70	71	70	38	61	71	61	60	35	31	73	58	55	42	54	77	46	67	79	46	36	70	40	40	37	75	50	67	58	57	50	52	69	54	80	34	50	57	56	37	78	53	77	71	45	73	55	76	32	44	31	31	74	57	78	53	71	47	59	44	65	74	42	37	41	77	37	68	64	47	80	45	41	64	31	79	39	35
56	68	41	40	69	56	49	53	50	31	79	58	32	78	31	62	75	76	79	30	0	64	66	63	69	31	80	69	68	64	40	58	60	44	67	65	41	68	71	53	52	49	65	67	36	47	42	61	74	37	57	51	72	47	77	41	30	68	60	44	47	55	53	70	80	32	49	33	56	73	78	42	78	70	42	53	66	46	64	43	34	54	76	77	35	74	46	58	61	50	46	68	79	43	74	70	49	59	41	57
62	70	71	41	65	50	52	38	56	75	73	79	58	47	77	55	57	33	65	51	64	0	49	65	75	71	75	78	42	67	37	31	79	67	31	56	34	37	51	43	55	38	32	50	40	53	41	67	75	31	40	40	69	37	63	40	72	61	58	40	38	39	38	62	65	77	38	73	75	61	54	43	41	39	39	74	61	78	79	57	58	73	63	69	62	42	61	69	34	73	61	35	43	69	39	43	54	37	35	30
68	53	78	30	79	40	79	75	72	50	42	36	72	53	58	57	42	47	53	70	66	49	0	41	57	51	60	49	80	69	70	79	55	61	80	40	61	61	59	63	54	70	64	76	77	32	54	57	48	68	49	47	77	61	33	72	34	42	66	53	57	54	80	73	65	54	50	35	42	56	39	75	31	65	44	64	44	63	43	70	46	65	54	79	52	42	74	38	47	71	68	53	36	56	43	42	40	36	31	63
45	31	63	31	52	35	48	80	79	68	71	50	78	59	66	60	60	44	41	71	63	65	41	0	50	49	49	62	62	63	34	53	48	80	72	49	63	58	68	32	47	65	39	65	69	46	40	45	58	57	80	49	44	60	35	41	60	43	62	46	54	68	33	44	36	58	68	31	71	42	31	69	30	72	48	51	40	61	70	60	31	69	71	72	65	30	37	40	52	40	55	30	73	40	72	67	43	58	75	50
57	73	48	68	62	70	68	57	78	55	53	76	80	37	46	43	32	68	75	70	69	75	57	50	0	77	68	68	41	39	40	73	72	41	58	43	55	60	68	52	42	39	79	49	70	75	80	44	58	52	80	42	61	77	43	73	56	73	64	55	77	31	80	51	42	68	52	72	44	67	59	76	53	35	51	43	31	38	73	63	35	79	49	36	80	61	38	75	52	53	46	39	79	48	47	41	42	55	55	45
59	54	68	69	48	54	34	41	65	73	78	31	33	63	71	75	78	79	42	38	31	71	51	49	77	0	50	37	44	42	59	34	35	62	54	75	73	38	41	80	63	72	36	72	52	78	57	70	38	33	67	72	56	38	77	67	32	76	67	36	54	76	75	73	77	70	68	47	80	30	45	36	56	46	30	67	64	41	68	75	49	30	69	51	79	72	73	43	42	61	64	30	62	41	54	34	41	63	61	30
56	33	72	77	52	33	77	44	74	45	75	65	80	66	70	48	69	52	47	61	80	75	60	49	68	50	0	41	66	72	60	52	58	62	70	52	32	41	48	32	55	50	48	39	39	47	79	54	79	62	53	63	34	79	78	58	70	50	73	48	76	66	63	67	42	66	51	57	50	35	69	72	80	62	45	54	58	47	37	66	58	48	35	78	35	52	37	64	78	37	72	74	80	67	33	40	57	39	78	74
79	74	70	74	63	37	30	47	76	32	31	78	52	78	62	68	34	53	54	71	69	78	49	62	68	37	41	0	76	79	57	48	75	47	34	72	58	62	58	50	38	60	60	41	55	33	33	67	76	78	66	63	78	66	39	56	53	43	60	73	31	71	42	56	72	80	80	68	69	67	67	44	72	61	68	42	67	67	51	68	68	48	70	66	58	46	38	43	69	54	53	56	39	41	50	49	31	62	67	49
33	44	73	67	54	44	69	33	44	80	45	49	80	30	30	76	72	60	73	61	68	42	80	62	41	44	66	76	0	78	52	64	74	33	60	44	47	50	37	49	66	52	72	44	65	49	55	53	59	47	70	69	33	69	37	39	36	37	53	50	48	43	70	69	53	49	56	51	47	36	60	63	56	33	58	31	67	69	32	46	49	72	45	73	34	78	69	50	36	76	80	53	36	57	70	80	42	57	42	62
68	80	64	79	47	65	71	43	72	50	51	37	33	57	52	70	49	60	48	60	64	67	69	63	39	42	72	79	78	0	55	46	71	48	54	74	73	62	36	44	61	63	59	68	41	75	63	35	78	49	47	53	30	61	56	32	34	79	61	68	51	68	65	57	44	56	55	56	76	34	74	73	44	47	73	68	69	31	68	47	71	70	77	78	52	30	72	35	54	48	77	60	53	75	32	79	38	43	79	49
52	31	32	76	59	62	32	68	58	60	61	37	68	73	34	42	69	54	31	35	40	37	70	34	40	59	60	57	52	55	0	68	51	56	80	51	76	56	61	54	74	71	32	63	74	61	41	47	36	33	49	36	41	52	76	63	38	53	72	52	64	80	44	32	45	32	67	40	65	36	40	80	37	63	58	53	49	77	75	38	32	53	49	79	63	32	32	32	71	46	76	79	67	30	59	67	49	59	30	35
30	45	56	64	62	39	31	68	47	75	36	72	30	73	78	38	42	79	54	31	58	31	79	53	73	34	52	48	64	46	68	0	50	62	32	56	69	69	45	76	60	61	35	71	47	39	45	33	30	77	59	72	66	50	51	63	40	56	65	80	40	53	64	69	38	62	51	80	79	36	69	34	33	68	34	38	34	34	72	47	78	47	42	41	78	38	38	55	54	42	41	53	46	79	65	74	63	62	75	68
75	56	45	52	62	61	47	77	59	30	52	41	56	76	70	75	42	42	51	73	60	79	55	48	72	35	58	75	74	71	51	50	0	43	48	62	74	40	49	48	39	43	75	42	31	66	71	30	74	51	54	56	52	61	77	50	41	32	51	61	69	59	69	48	70	38	44	70	75	32	49	53	77	62	30	45	46	39	56	54	39	34	65	58	38	42	73	65	36	30	75	79	61	60	62	74	47	59	34	32
42	46	45	37	47	68	68	39	42	76	36	70	57	47	57	72	34	41	67	58	44	67	61	80	41	62	62	47	33	48	56	62	43	0	62	35	51	44	65	55	68	79	32	41	49	45	54	45	50	62	37	37	57	34	68	46	33	55	79	69	72	58	32	59	58	30	38	60	36	48	37	57	73	74	74	59	67	64	47	36	41	47	61	58	70	67	52	52	72	36	77	64	80	63	64	42	34	73	80	62
80	79	48	76	57	41	62	77	70	57	58	73	53	60	35	32	35	47	45	55	67	31	80	72	58	54	70	34	60	54	80	32	48	62	0	74	48	69	57	58	40	32	31	41	56	69	65	43	64	79	51	62	40	61	80	69	45	30	52	35	59	30	67	74	54	36	77	33	65	34	58	47	66	40	75	36	34	67	41	48	66	58	58	42	68	78	44	40	43	38	80	52	57	51	73	42	50	51	74	59
49	52	40	52	30	70	57	80	45	48	40	33	80	59	77	64	49	31	75	42	65	56	40	49	43	75	52	72	44	74	51	56	62	35	74	0	64	60	35	78	44	51	35	49	44	65	73	58	64	35	39	42	61	61	65	66	63	35	39	70	40	43	55	36	57	30	64	55	43	45	35	52	59	66	45	67	37	47	43	37	74	44	34	79	69	34	66	31	43	80	67	70	73	38	39	49	65	63	37	73
34	72	31	57	71	65	31	57	73	69	53	66	71	42	44	44	53	50	45	54	41	34	61	63	55	73	32	58	47	73	76	69	74	51	48	64	0	75	64	77	55	49	63	76	40	39	32	34	52	49	47	48	32	45	74	52	48	53	51	31	52	43	58	73	53	63	59	68	76	66	65	79	50	69	39	67	62	75	65	46	55	56	35	39	56	55	76	79	47	48	56	47	34	63	34	56	51	62	58	65
55	37	62	50	48	59	54	52	77	78	49	48	79	34	30	78	42	75	30	77	68	37	61	58	60	38	41	62	50	62	56	69	40	44	69	60	75	0	77	57	58	32	54	76	30	51	80	69	69	33	56	62	56	48	55	38	60	79	54	67	53	69	62	44	35	30	71	51	50	63	74	58	43	40	74	80	70	78	35	55	52	62	65	57	46	47	44	30	59	44	68	36	74	80	77	36	62	36	62	54
60	63	44	49	39	36	36	70	42	34	43	35	47	39	50	66	49	53	49	46	71	51	59	68	68	41	48	58	37	36	61	45	49	65	57	35	64	77	0	66	35	58	40	69	79	52	52	69	71	39	35	76	61	36	59	65	62	43	48	57	38	49	33	64	62	80	60	56	60	74	46	66	44	75	43	80	46	62	49	64	59	66	39	44	32	43	65	62	67	77	74	62	34	44	66	56	46	34	51	52
33	79	77	70	67	65	53	72	79	68	39	35	30	62	62	59	34	60	80	67	53	43	63	32	52	80	32	50	49	44	54	76	48	55	58	78	77	57	66	0	32	50	46	57	43	57	60	65	77	60	39	70	48	67	42	51	38	59	46	61	43	79	55	40	57	65	33	71	78	80	75	45	44	46	62	76	31	43	64	46	65	45	44	33	75	79	30	75	33	68	70	30	38	68	48	39	61	46	47	76
35	30	72	73	75	46	62	31	67	62	37	40	69	68	67	38	51	57	46	79	52	55	54	47	42	63	55	38	66	61	74	60	39	68	40	44	55	58	35	32	0	41	49	63	49	40	68	34	66	61	39	76	33	71	80	50	38	67	67	62	35	79	66	79	74	50	78	59	65	80	75	71	42	66	34	59	61	30	74	76	79	64	42	73	43	62	48	43	37	60	46	66	42	40	60	33	43	55	52	42
72	70	57	68	69	63	69	56	80	70	37	67	71	32	31	64	37	69	36	46	49	38	70	65	39	72	50	60	52	63	71	61	43	79	32	51	49	32	58	50	41	0	68	77	57	63	51	72	79	57	45	58	79	30	41	39	52	37	52	36	76	31	66	68	69	53	68	65	72	75	70	59	45	66	31	32	53	63	75	41	70	58	56	52	75	47	36	43	55	57	40	63	33	41	66	40	71	65	48	80
70	49	80	44	63	74	61	59	62	46	58	45	55	59	67	68	69	38	59	36	65	32	64	39	79	36	48	60	72	59	32	35	75	32	31	35	63	54	40	46	49	68	0	36	53	70	35	32	66	40	35	70	30	80	39	73	58	32	49	52	54	77	38	79	72	40	44	39	47	70	32	59	45	53	77	67	31	72	50	77	45	41	54	39	69	67	47	77	72	33	64	55	47	45	60	41	64	34	41	55
66	55	62	45	40	40	56	77	39	59	64	35	46	39	52	47	73	67	68	70	67	50	76	65	49	72	39	41	44	68	63	71	42	41	41	49	76	76	69	57	63	77	36	0	76	39	43	47	61	70	77	67	48	78	62	62	53	49	55	66	63	53	77	32	57	78	32	34	72	79	73	59	45	47	44	59	52	48	57	77	54	34	69	40	30	57	71	74	70	67	35	71	34	55	56	51	41	48	33	39
71	79	77	41	78	79	45	65	72	54	43	53	38	65	78	69	38	69	69	40	36	40	77	69	70	52	39	55	65	41	74	47	31	49	56	44	40	30	79	43	49	57	53	76	0	67	75	61	80	53	64	75	70	68	36	74	49	46	78	47	31	32	47	59	41	58	71	47	37	55	36	75	31	60	48	39	69	47	40	75	49	39	56	76	60	80	76	66	46	30	58	50	40	68	31	54	80	48	75	45
63	31	34	63	67	59	75	53	30	54	45	45	35	35	48	72	75	79	62	40	47	53	32	46	75	78	47	33	49	75	61	39	66	45	69	65	39	51	52	57	40	63	70	39	67	0	50	49	36	43	45	57	46	48	65	42	66	37	61	76	41	61	61	30	56	64	59	45	77	67	46	56	74	49	63	36	35	40	58	74	62	45	51	54	34	33	59	64	52	45	37	60	64	48	47	72	36	57	79	32
74	57	41	79	43	60	52	31	45	56	62	68	68	60	65	38	43	70	43	37	42	41	54	40	80	57	79	33	55	63	41	45	71	54	65	73	32	80	52	60	68	51	35	43	75	50	0	42	64	34	53	55	42	33	40	73	51	67	38	62	58	66	41	39	59	67	55	55	40	51	65	52	72	80	35	66	78	66	48	60	49	34	47	65	43	54	42	32	76	36	42	61	34	31	45	61	59	49	43	30
58	67	56	48	60	48	55	78	80	62	58	45	76	49	55	49	34	35	67	75	61	67	57	45	44	70	54	67	53	35	47	33	30	45	43	58	34	69	69	65	34	72	32	47	61	49	42	0	80	67	38	54	50	65	35	47	39	67	36	64	68	37	69	55	46	40	30	43	80	68	41	33	38	53	36	40	40	32	54	50	64	62	47	77	60	61	35	36	36	37	65	66	42	75	55	38	57	39	64	61
66	70	33	68	46	69	59	72	76	36	56	57	50	80	54	65	30	53	55	50	74	75	48	58	58	38	79	76	59	78	36	30	74	50	64	64	52	69	71	77	66	79	66	61	80	36	64	80	0	79	31	78	44	52	49	35	79	41	72	59	62	47	35	45	69	31	58	55	31	42	62	46	75	71	54	53	59	46	57	65	63	77	59	58	55	44	52	62	69	37	31	42	79	41	62	64	31	54	74	78
72	39	78	43	63	46	62	45	58	72	76	57	35	41	47	42	59	34	37	67	37	31	68	57	52	33	62	78	47	49	33	77	51	62	79	35	49	33	39	60	61	57	40	70	53	43	34	67	79	0	74	78	58	47	76	74	76	61	68	67	64	66	43	47	59	42	34	50	32	54	53	58	53	39	45	76	63	35	73	44	59	32	78	63	63	61	44	54	43	71	58	58	31	43	37	36	63	44	60	76
41	66	34	31	43	53	61	76	31	80	58	45	77	41	68	35	50	43	79	58	57	40	49	80	80	67	53	66	70	47	49	59	54	37	51	39	47	56	35	39	39	45	35	77	64	45	53	38	31	74	0	45	48	61	32	31	48	76	71	56	61	48	51	78	80	60	45	54	60	39	58	75	72	68	50	52	59	30	64	63	79	37	60	31	77	32	45	42	61	51	79	32	80	45	42	30	71	36	46	76
32	41	41	30	38	60	59	72	39	74	58	32	40	50	61	46	49	80	33	57	51	40	47	49	42	72	63	63	69	53	36	72	56	37	62	42	48	62	76	70	76	58	70	67	75	57	55	54	78	78	45	0	32	45	64	43	38	74	73	56	60	77	49	54	61	72	33	56	56	53	37	43	35	52	40	65	39	31	50	77	64	33	32	39	53	42	53	59	54	79	79	79	50	44	66	70	32	42	36	50
33	74	63	39	45	50	33	62	47	46	57	63	75	48	80	67	41	78	34	50	72	69	77	44	61	56	34	78	33	30	41	66	52	57	40	61	32	56	61	48	33	79	30	48	70	46	42	50	44	58	48	32	0	73	64	43	39	58	60	34	66	58	42	75	69	75	61	73	51	48	67	60	39	42	38	47	51	54	55	33	48	51	79	31	40	47	33	32	63	57	50	67	72	64	69	40	37	44	73	74
47	51	30	34	66	73	60	57	41	49	46	64	31	58	39	33	61	42	39	52	47	37	61	60	77	38	79	66	69	61	52	50	61	34	61	61	45	48	36	67	71	30	80	78	68	48	33	65	52	47	61	45	73	0	59	70	45	66	42	77	47	46	51	50	69	42	32	78	63	39	67	79	46	35	68	37	64	30	46	30	78	73	77	49	61	54	64	76	75	59	62	35	59	67	52	64	51	58	80	49
72	80	39	70	42	76	34	68	35	59	34	60	46	61	67	38	45	43	74	69	77	63	33	35	43	77	78	39	37	56	76	51	77	68	80	65	74	55	59	42	80	41	39	62	36	65	40	35	49	76	32	64	64	59	0	75	35	47	38	63	36	73	64	45	39	69	72	54	47	79	40	35	79	49	57	66	35	66	69	48	33	57	59	47	69	53	74	60	38	53	40	78	35	69	51	39	40	37	53	39
40	66	63	44	51	62	42	33	69	45	36	58	57	48	35	41	77	61	67	54	41	40	72	41	73	67	58	56	39	32	63	63	50	46	69	66	52	38	65	51	50	39	73	62	74	42	73	47	35	74	31	43	43	70	75	0	59	47	48	30	47	67	63	52	38	65	39	38	40	70	48	46	30	79	39	70	73	34	54	41	33	34	48	43	38	34	37	69	61	69	65	63	79	56	33	70	55	73	63	32
72	72	41	32	59	39	38	61	57	33	35	49	56	65	45	79	35	55	74	80	30	72	34	60	56	32	70	53	36	34	38	40	41	33	45	63	48	60	62	38	38	52	58	53	49	66	51	39	79	76	48	38	39	45	35	59	0	38	54	38	79	65	72	75	45	73	50	38	73	64	42	59	58	73	71	40	64	40	78	33	72	40	67	33	52	52	38	51	36	48	64	31	59	68	53	39	71	39	78	67
31	46	55	54	59	34	67	64	79	65	45	49	41	65	76	73	67	50	77	34	68	61	42	43	73	76	50	43	37	79	53	56	32	55	30	35	53	79	43	59	67	37	32	49	46	37	67	67	41	61	76	74	58	66	47	47	38	0	79	37	56	77	79	65	48	42	43	74	77	37	71	41	49	52	63	77	63	54	44	57	59	47	41	69	38	55	79	71	70	34	58	35	71	42	65	51	43	63	66	33
74	59	76	59	32	39	37	77	36	74	64	69	54	39	48	34	80	31	41	50	60	58	66	62	64	67	73	60	53	61	72	65	51	79	52	39	51	54	48	46	67	52	49	55	78	61	38	36	72	68	71	73	60	42	38	48	54	79	0	46	68	73	56	47	30	72	79	70	57	30	32	35	37	51	49	63	71	45	49	31	42	57	80	48	32	35	49	60	78	32	72	54	78	61	34	48	43	60	35	56
69	60	69	74	56	66	36	71	68	39	57	63	62	34	36	58	64	56	70	57	44	40	53	46	55	36	48	73	50	68	52	80	61	69	35	70	31	67	57	61	62	36	52	66	47	76	62	64	59	67	56	56	34	77	63	30	38	37	46	0	61	37	63	32	62	68	71	72	48	33	57	71	69	46	74	36	53	33	34	65	48	74	71	53	36	73	56	70	54	70	72	40	39	61	31	70	43	80	77	78
53	68	68	68	38	40	52	79	62	40	59	70	43	66	52	45	71	80	32	56	47	38	57	54	77	54	76	31	48	51	64	40	69	72	59	40	52	53	38	43	35	76	54	63	31	41	58	68	62	64	61	60	66	47	36	47	79	56	68	61	0	30	35	30	52	35	66	61	65	47	38	41	57	62	62	40	66	44	54	45	30	43	58	76	64	36	67	62	36	40	54	77	52	80	46	80	54	52	38	38
34	48	48	62	48	45	64	73	69	55	71	37	53	76	66	76	54	34	69	37	55	39	54	68	31	76	66	71	43	68	80	53	59	58	30	43	43	69	49	79	79	31	77	53	32	61	66	37	47	66	48	77	58	46	73	67	65	77	73	37	30	0	80	67	61	43	49	38	52	80	46	42	59	46	54	63	65	32	58	73	62	39	31	66	70	31	60	42	39	72	66	37	36	43	61	69	52	56	74	53
75	72	46	71	72	54	80	66	77	32	70	76	53	37	71	79	76	60	51	78	53	38	80	33	80	75	63	42	70	65	44	64	69	32	67	55	58	62	33	55	66	66	38	77	47	61	41	69	35	43	51	49	42	51	64	63	72	79	56	63	35	80	0	58	42	31	44	73	43	35	69	68	35	48	72	43	79	32	50	37	48	31	62	65	32	70	50	70	67	61	78	49	76	39	49	46	77	40	67	45
46	60	50	50	54	31	50	54	74	34	44	47	74	37	66	54	69	78	57	53	70	62	73	44	51	73	67	56	69	57	32	69	48	59	74	36	73	44	64	40	79	68	79	32	59	30	39	55	45	47	78	54	75	50	45	52	75	65	47	32	30	67	58	0	38	41	35	57	74	41	40	31	79	36	36	69	50	54	31	80	55	42	53	48	70	43	54	62	39	59	33	46	64	38	65	56	58	54	75	41
46	54	71	75	55	58	60	53	69	55	30	56	58	59	69	34	34	52	74	77	80	65	65	36	42	77	42	72	53	44	45	38	70	58	54	57	53	35	62	57	74	69	72	57	41	56	59	46	69	59	80	61	69	69	39	38	45	48	30	62	52	61	42	38	0	48	34	58	45	61	80	38	53	71	51	55	61	57	73	78	52	30	32	47	53	54	71	36	68	80	41	64	43	63	30	45	31	74	33	64
39	45	80	46	50	77	47	73	44	34	76	59	73	59	44	53	71	48	79	71	32	77	54	58	68	70	66	80	49	56	32	62	38	30	36	30	63	30	80	65	50	53	40	78	58	64	67	40	31	42	60	72	75	42	69	65	73	42	72	68	35	43	31	41	48	0	64	38	71	33	55	59	65	43	80	39	68	72	51	47	72	80	65	30	79	45	34	53	32	34	69	50	68	67	56	48	44	63	49	47
48	69	66	45	59	70	52	76	62	71	55	34	72	78	65	48	46	60	79	45	49	38	50	68	52	68	51	80	56	55	67	51	44	38	77	64	59	71	60	33	78	68	44	32	71	59	55	30	58	34	45	33	61	32	72	39	50	43	79	71	66	49	44	35	34	64	0	48	74	57	48	47	66	56	72	36	66	36	77	51	39	48	51	48	31	58	58	68	56	77	56	70	52	30	38	72	58	31	53	49
42	73	61	61	69	45	33	38	30	72	57	44	46	73	30	68	72	78	54	73	33	73	35	31	72	47	57	68	51	56	40	80	70	60	33	55	68	51	56	71	59	65	39	34	47	45	55	43	55	50	54	56	73	78	54	38	38	74	70	72	61	38	73	57	58	38	48	0	50	50	35	52	59	61	35	53	54	37	50	77	42	43	75	72	75	53	49	52	55	54	66	56	68	36	36	66	68	67	49	49
44	74	72	37	68	75	70	74	40	68	51	67	42	38	46	50	48	73	43	55	56	75	42	71	44	80	50	69	47	76	65	79	75	36	65	43	76	50	60	78	65	72	47	72	37	77	40	80	31	32	60	56	51	63	47	40	73	77	57	48	65	52	43	74	45	71	74	50	0	72	60	46	39	46	63	49	57	71	61	74	60	80	76	54	40	74	70	50	77	50	70	69	54	39	62	77	37	58	57	76
79	48	50	56	73	64	66	31	62	57	51	54	45	78	40	62	55	54	50	76	73	61	56	42	67	30	35	67	36	34	36	36	32	48	34	45	66	63	74	80	80	75	70	79	55	67	51	68	42	54	39	53	48	39	79	70	64	37	30	33	47	80	35	41	61	33	57	50	72	0	47	30	46	73	41	43	56	58	56	52	42	45	36	68	34	54	75	73	75	67	37	73	67	77	51	51	32	52	53	36
58	31	38	44	45	56	73	44	48	48	71	70	64	56	72	68	68	62	56	32	78	54	39	31	59	45	69	67	60	74	40	69	49	37	58	35	65	74	46	75	75	70	32	73	36	46	65	41	62	53	58	37	67	67	40	48	42	71	32	57	38	46	69	40	80	55	48	35	60	47	0	76	40	44	49	42	42	68	58	69	79	42	66	45	60	59	66	59	58	36	44	61	42	80	55	34	74	40	71	72
44	59	40	31	44	77	74	45	79	67	41	78	62	79	78	56	33	52	43	44	42	43	75	69	76	36	72	44	63	73	80	34	53	57	47	52	79	58	66	45	71	59	59	59	75	56	52	33	46	58	75	43	60	79	35	46	59	41	35	71	41	42	68	31	38	59	47	52	46	30	76	0	43	50	50	33	79	58	45	48	40	61	70	52	57	52	52	35	32	45	43	78	71	60	43	36	51	33	60	42
43	43	69	75	75	62	68	41	48	43	33	48	59	58	36	64	31	48	68	31	78	41	31	30	53	56	80	72	56	44	37	33	77	73	66	59	50	43	44	44	42	45	45	45	31	74	72	38	75	53	72	35	39	46	79	30	58	49	37	69	57	59	35	79	53	65	66	59	39	46	40	43	0	56	54	78	75	70	69	70	49	72	65	56	54	35	65	61	69	69	35	75	50	62	67	54	31	35	79	74
51	58	69	56	76	68	63	58	76	42	59	77	44	65	75	35	68	80	46	31	70	39	65	72	35	46	62	61	33	47	63	68	62	74	40	66	69	40	75	46	66	66	53	47	60	49	80	53	71	39	68	52	42	35	49	79	73	52	51	46	62	46	48	36	71	43	56	61	46	73	44	50	56	0	32	33	49	51	44	52	67	61	52	72	64	46	60	49	55	73	55	63	67	39	40	54	32	57	39	62
79	42	58	42	66	71	62	51	54	53	80	34	35	60	42	43	34	56	60	74	42	39	44	48	51	30	45	68	58	73	58	34	30	74	75	45	39	74	43	62	34	31	77	44	48	63	35	36	54	45	50	40	38	68	57	39	71	63	49	74	62	54	72	36	51	80	72	35	63	41	49	50	54	32	0	56	31	51	58	63	41	51	66	54	80	44	40	67	59	75	77	31	36	79	73	66	74	80	72	70
72	34	60	57	62	53	43	31	43	61	38	43	56	77	52	63	56	62	56	57	53	74	64	51	43	67	54	42	31	68	53	38	45	59	36	67	67	80	80	76	59	32	67	59	39	36	66	40	53	76	52	65	47	37	66	70	40	77	63	36	40	63	43	69	55	39	36	53	49	43	42	33	78	33	56	0	39	66	72	45	39	32	49	72	37	70	42	62	77	30	32	59	73	50	74	78	42	47	77	46
57	43	65	52	70	57	48	49	68	63	38	51	47	47	43	31	57	43	63	78	66	61	44	40	31	64	58	67	67	69	49	34	46	67	34	37	62	70	46	31	61	53	31	52	69	35	78	40	59	63	59	39	51	64	35	73	64	63	71	53	66	65	79	50	61	68	66	54	57	56	42	79	75	49	31	39	0	60	66	68	34	30	49	51	70	72	48	70	57	79	38	62	71	55	77	36	31	43	66	59
30	51	59	53	62	80	67	41	71	56	80	70	50	41	53	47	43	36	67	53	46	78	63	61	38	41	47	67	69	31	77	34	39	64	67	47	75	78	62	43	30	63	72	48	47	40	66	32	46	35	30	31	54	30	66	34	40	54	45	33	44	32	32	54	57	72	36	37	71	58	68	58	70	51	51	66	60	0	48	74	58	57	57	48	71	70	68	52	66	45	76	34	79	67	41	76	35	58	79	33
55	37	53	60	67	31	70	65	62	46	59	51	60	32	68	74	37	54	79	71	64	79	43	70	73	68	37	51	32	68	75	72	56	47	41	43	65	35	49	64	74	75	50	57	40	58	48	54	57	73	64	50	55	46	69	54	78	44	49	34	54	58	50	31	73	51	77	50	61	56	58	45	69	44	58	72	66	48	0	80	58	79	73	51	65	39	55	39	55	36	59	75	56	47	80	39	70	38	68	48
64	51	65	55	77	68	43	66	30	74	64	31	53	73	55	73	57	35	52	47	43	57	70	60	63	75	66	68	46	47	38	47	54	36	48	37	46	55	64	46	76	41	77	77	75	74	60	50	65	44	63	77	33	30	48	41	33	57	31	65	45	73	37	80	78	47	51	77	74	52	69	48	70	52	63	45	68	74	80	0	79	78	35	68	65	67	51	58	62	52	60	39	53	74	33	62	33	67	63	50
66	54	52	54	38	41	59	34	58	65	44	73	59	43	58	65	46	62	45	59	34	58	46	31	35	49	58	68	49	71	32	78	39	41	66	74	55	52	59	65	79	70	45	54	49	62	49	64	63	59	79	64	48	78	33	33	72	59	42	48	30	62	48	55	52	72	39	42	60	42	79	40	49	67	41	39	34	58	58	79	0	51	51	31	48	72	33	61	49	61	35	51	55	77	62	32	80	58	77	66
62	31	68	56	60	67	66	61	45	55	79	72	53	75	62	46	37	57	72	44	54	73	65	69	79	30	48	48	72	70	53	47	34	47	58	44	56	62	66	45	64	58	41	34	39	45	34	62	77	32	37	33	51	73	57	34	40	47	57	74	43	39	31	42	30	80	48	43	80	45	42	61	72	61	51	32	30	57	79	78	51	0	77	66	74	51	55	66	72	44	48	74	74	43	65	47	60	78	43	79
37	67	33	49	40	35	62	59	32	52	38	35	50	69	66	80	77	45	37	65	76	63	54	71	49	69	35	70	45	77	49	42	65	61	58	34	35	65	39	44	42	56	54	69	56	51	47	47	59	78	60	32	79	77	59	48	67	41	80	71	58	31	62	53	32	65	51	75	76	36	66	70	65	52	66	49	49	57	73	35	51	77	0	30	55	68	57	57	49	71	74	57	57	32	33	68	69	44	33	60
33	57	66	46	39	35	71	66	65	50	76	46	80	47	74	75	70	40	61	74	77	69	79	72	36	51	78	66	73	78	79	41	58	58	42	79	39	57	44	33	73	52	39	40	76	54	65	77	58	63	31	39	31	49	47	43	33	69	48	53	76	66	65	48	47	30	48	72	54	68	45	52	56	72	54	72	51	48	51	68	31	66	30	0	69	64	38	68	44	30	67	56	34	78	40	77	58	42	57	71
52	66	45	51	67	30	65	57	37	63	78	55	77	80	39	33	35	77	74	42	35	62	52	65	80	79	35	58	34	52	63	78	38	70	68	69	56	46	32	75	43	75	69	30	60	34	43	60	55	63	77	53	40	61	69	38	52	38	32	36	64	70	32	70	53	79	31	75	40	34	60	57	54	64	80	37	70	71	65	65	48	74	55	69	0	34	66	54	59	34	36	45	72	38	61	67	76	71	72	46
46	51	53	55	36	54	70	77	40	48	58	80	46	72	57	54	56	55	46	37	74	42	42	30	61	72	52	46	78	30	32	38	42	67	78	34	55	47	43	79	62	47	67	57	80	33	54	61	44	61	32	42	47	54	53	34	52	55	35	73	36	31	70	43	54	45	58	53	74	54	59	52	35	46	44	70	72	70	39	67	72	51	68	64	34	0	42	48	31	72	67	74	48	44	35	31	74	35	48	64
78	31	76	33	38	40	42	30	51	72	48	38	32	38	31	44	35	80	50	41	46	61	74	37	38	73	37	38	69	72	32	38	73	52	44	66	76	44	65	30	48	36	47	71	76	59	42	35	52	44	45	53	33	64	74	37	38	79	49	56	67	60	50	54	71	34	58	49	70	75	66	52	65	60	40	42	48	68	55	51	33	55	57	38	66	42	0	33	35	35	79	32	72	35	71	44	38	41	40	48
64	76	80	73	42	44	41	78	56	34	75	73	62	59	36	38	36	76	48	77	58	69	38	40	75	43	64	43	50	35	32	55	65	52	40	31	79	30	62	75	43	43	77	74	66	64	32	36	62	54	42	59	32	76	60	69	51	71	60	70	62	42	70	62	36	53	68	52	50	73	59	35	61	49	67	62	70	52	39	58	61	66	57	68	54	48	33	0	75	32	48	58	30	47	43	74	39	63	67	63
40	32	51	70	68	34	53	33	54	36	54	79	63	74	35	47	73	58	30	37	61	34	47	52	52	42	78	69	36	54	71	54	36	72	43	43	47	59	67	33	37	55	72	70	46	52	76	36	69	43	61	54	63	75	38	61	36	70	78	54	36	39	67	39	68	32	56	55	77	75	58	32	69	55	59	77	57	66	55	62	49	72	49	44	59	31	35	75	0	42	41	50	77	76	34	44	64	74	31	33
58	76	44	43	51	30	38	61	63	50	60	65	63	53	75	40	61	54	49	68	50	73	71	40	53	61	37	54	76	48	46	42	30	36	38	80	48	44	77	68	60	57	33	67	30	45	36	37	37	71	51	79	57	59	53	69	48	34	32	70	40	72	61	59	80	34	77	54	50	67	36	45	69	73	75	30	79	45	36	52	61	44	71	30	34	72	35	32	42	0	72	80	72	76	66	47	70	41	45	70
60	55	66	75	43	77	42	74	60	70	51	77	58	36	54	37	64	48	57	64	46	61	68	55	46	64	72	53	80	77	76	41	75	77	80	67	56	68	74	70	46	40	64	35	58	37	42	65	31	58	79	79	50	62	40	65	64	58	72	72	54	66	78	33	41	69	56	66	70	37	44	43	35	55	77	32	38	76	59	60	35	48	74	67	36	67	79	48	41	72	0	41	77	33	57	32	60	62	34	47
43	51	71	50	57	73	39	56	50	54	67	75	65	75	31	70	75	39	65	47	68	35	53	30	39	30	74	56	53	60	79	53	79	64	52	70	47	36	62	30	66	63	55	71	50	60	61	66	42	58	32	79	67	35	78	63	31	35	54	40	77	37	49	46	64	50	70	56	69	73	61	78	75	63	31	59	62	34	75	39	51	74	57	56	45	74	32	58	50	80	41	0	49	70	80	39	46	65	73	37
51	40	40	77	33	65	72	80	50	40	52	73	56	66	53	48	78	65	77	80	79	43	36	73	79	62	80	39	36	53	67	46	61	80	57	73	34	74	34	38	42	33	47	34	40	64	34	42	79	31	80	50	72	59	35	79	59	71	78	39	52	36	76	64	43	68	52	68	54	67	42	71	50	67	36	73	71	79	56	53	55	74	57	34	72	48	72	30	77	72	77	49	0	62	56	47	66	37	54	79
56	67	33	74	71	80	42	75	77	48	73	34	49	55	34	49	65	74	76	45	43	69	56	40	48	41	67	41	57	75	30	79	60	63	51	38	63	80	44	68	40	41	45	55	68	48	31	75	41	43	45	44	64	67	69	56	68	42	61	61	80	43	39	38	63	67	30	36	39	77	80	60	62	39	79	50	55	67	47	74	77	43	32	78	38	44	35	47	76	76	33	70	62	0	50	79	30	52	59	51
39	47	59	32	76	55	64	39	78	30	33	74	48	76	68	39	42	45	72	41	74	39	43	72	47	54	33	50	70	32	59	65	62	64	73	39	34	77	66	48	60	66	60	56	31	47	45	55	62	37	42	66	69	52	51	33	53	65	34	31	46	61	49	65	30	56	38	36	62	51	55	43	67	40	73	74	77	41	80	33	62	65	33	40	61	35	71	43	34	66	57	80	56	50	0	35	79	39	61	68
76	51	38	40	72	55	76	64	61	31	36	71	75	78	64	38	65	35	64	64	70	43	42	67	41	34	40	49	80	79	67	74	74	42	42	49	56	36	56	39	33	40	41	51	54	72	61	38	64	36	30	70	40	64	39	70	39	51	48	70	80	69	46	56	45	48	72	66	77	51	34	36	54	54	66	78	36	76	39	62	32	47	68	77	67	31	44	74	44	47	32	39	47	79	35	0	78	35	77	68
32	63	43	42	36	48	64	72	44	61	53	64	79	34	41	74	77	70	54	31	49	54	40	43	42	41	57	31	42	38	49	63	47	34	50	65	51	62	46	61	43	71	64	41	80	36	59	57	31	63	71	32	37	51	40	55	71	43	43	43	54	52	77	58	31	44	58	68	37	32	74	51	31	32	74	42	31	35	70	33	80	60	69	58	76	74	38	39	64	70	60	46	66	30	79	78	0	41	53	79
68	40	80	52	44	55	43	50	69	50	39	56	44	80	44	78	59	69	70	79	59	37	36	58	55	63	39	62	57	43	59	62	59	73	51	63	62	36	34	46	55	65	34	48	48	57	49	39	54	44	36	42	44	58	37	73	39	63	60	80	52	56	40	54	74	63	31	67	58	52	40	33	35	57	80	47	43	58	38	67	58	78	44	42	71	35	41	63	74	41	62	65	37	52	39	35	41	0	67	67
33	54	31	67	38	61	79	39	79	74	80	31	47	40	74	68	49	49	79	39	41	35	31	75	55	61	78	67	42	79	30	75	34	80	74	37	58	62	51	47	52	48	41	33	75	79	43	64	74	60	46	36	73	80	53	63	78	66	35	77	38	74	67	75	33	49	53	49	57	53	71	60	79	39	72	77	66	79	68	63	77	43	33	57	72	48	40	67	31	45	34	73	54	59	61	77	53	67	0	72
42	49	41	32	72	43	31	55	69	66	41	46	33	43	49	42	49	75	48	35	57	30	63	50	45	30	74	49	62	49	35	68	32	62	59	73	65	54	52	76	42	80	55	39	45	32	30	61	78	76	76	50	74	49	39	32	67	33	56	78	38	53	45	41	64	47	49	49	76	36	72	42	74	62	70	46	59	33	48	50	66	79	60	71	46	64	48	63	33	70	47	37	79	51	68	68	79	67	72	0

Initial health value of each distributed equipment: 
(Where columns denote demand points: 1 to 100.)
854.62	484.92	715.56	420.51	339.45	357.75	339.09	394.46	248.83	488.24	394.94	428.40	596.70	490.46	304.88	292.13	310.50	324.30	542.37	471.52	398.52	429.20	678.24	296.73	552.50	321.36	198.64	913.92	384.77	531.92	363.12	927.08	360.58	501.73	704.00	202.64	457.60	438.06	326.04	302.48	181.78	322.05	450.12	222.48	773.56	401.85	508.40	213.07	330.03	587.88	539.24	682.28	942.84	680.76	305.04	252.00	196.56	198.40	390.83	926.10	219.03	661.50	460.11	406.56	362.10	265.20	368.60	291.04	410.44	508.82	216.05	747.00	716.10	646.56	403.20	532.35	434.00	154.96	647.02	644.13	327.18	398.93	253.98	601.47	482.22	512.50	282.15	668.56	513.45	736.50	784.98	555.66	166.95	438.60	325.74	595.32	236.43	619.10	236.90	204.92

Spare parts types of different demand points: 
(where columns denote demand points: 1 to 100.)
8	9	7	5	10	9	15	8	9	12	7	10	10	1	8	13	1	12	11	6	2	7	4	4	6	11	1	1	3	10	14	8	14	15	14	14	7	15	4	3	13	1	7	13	2	11	14	1	10	9	4	9	1	5	8	13	10	6	6	3	1	2	2	1	2	6	4	2	12	4	9	6	6	8	15	15	11	7	5	1	8	7	12	2	2	14	8	2	9	12	12	3	7	4	8	10	4	14	13	8

inventory management cost per unit time of different types of orders: 
(where columns denote types of orders: 1 to 15.)
2.1	2.5	1.9	2.9	1.3	1.5	1.2	1.2	1.7	1.3	1.3	2.6	1.1	1.7	2.9

Maintenance cost per unit time of different worker: 
(Where rows denote strategy: 1 to 4,and columns denote available worker of each strategy: 1 to 3.)
4.3	3.1	4.8	4.2
4.1	3.8	4.8	4.4
4.3	4.4	3.9	4

The weight of tardiness cost of different demand points: 
(where columns denote demand points: 1 to 100.)
4.7	5.1	3.1	5.3	5.4	4.8	4.9	4.8	3.6	5	3.9	5.9	4.3	5.9	3.2	4.4	4.7	5.2	4.1	5	4.2	6	3.9	4.8	4.7	4.4	3.3	3.4	3.2	3.6	5.3	3.4	4.3	4.3	3.9	3.3	3.8	4.6	4.1	3.5	5.8	3.4	3.3	5.8	4.1	3.6	5	4.3	4.5	4	5.3	3.6	4.1	3.8	3.3	3.2	5.9	3.3	5.6	5.7	5	4.2	5.1	4.6	3.6	3.9	4.2	5	4.2	3.4	3.6	4.6	5.1	4.2	4.7	5.2	5.2	4.9	5.4	4.9	5.9	4.5	4.5	3.1	4.5	5.1	3.1	4.2	5.6	5.9	5.8	4.8	3.2	4.8	5.5	5.7	3.2	5	5	3.3

The waste of old spare part per unit time of each distributed equipment: 
(where columns denote demand points: 1 to 100.)
5.4	7.6	5.8	5.3	5.7	7.3	5	5.8	6.8	7.1	6.1	6.8	5.9	6	5.2	7.8	6.6	7	5.5	6.9	7	7.3	5.4	7.7	8	7.6	7	6.1	5	7.8	5.7	5.9	7.2	7.8	6.6	5.8	6.3	7.2	6.4	6.8	7.4	5.9	5.9	7	6.1	5.5	6.8	7.6	6.9	6.1	6.8	5.1	5.5	5.8	7.7	6.5	5.3	7.6	7.2	6.3	5.1	6.7	5.9	6.1	8	6.6	5.9	5	5.3	6.2	6.5	6	5.4	7.9	7.4	7.5	6.7	7.2	6.5	6.5	6.5	6.3	5.2	6.8	5.3	5.4	5.5	7	8	6.3	7.7	5.1	7.2	5.5	6.7	7.5	5.3	5.2	6	6.6

shutdown cost per unit time of each distributed equipment: 
(where columns denote demand points: 1 to 100.)
21.7	23.3	23.7	23.6	22.7	23.6	24.6	20.3	24.1	20.3	20.7	21.7	24.4	20.3	21.9	20.4	20.1	21.8	21.1	23.4	21.7	23.5	20.6	21.5	21.4	23.2	24.6	21.2	23.4	24.1	24.8	20.3	21.3	20.1	20.3	20.5	24.9	21.8	24.4	20.9	23.1	23.2	21.6	20.9	21.8	21.7	20.5	24.4	20.6	21.8	22.2	24.5	20.2	21.4	21.7	22.8	22	22.6	23.1	23.5	24.4	21.7	21.6	24.4	22.5	21.9	20.3	22.6	22.9	22.3	20	20.8	24.3	24.7	23.8	20.6	24.5	22	20.1	21.9	22.3	21.5	21.8	24.6	21.9	20.6	24.5	21.1	24	24.9	20.9	21.9	24.8	24.4	20.2	23.1	23	22.3	20.4	23.5

Deterioration rate of each piece of equipment:
(Where columns denote distributed equipment: 1 to 100.)
1.73	1.08	1.78	1.07	1.55	1.35	1.27	1.63	1.67	1.36	1.82	1.02	1.7	1.79	1.48	1.31	1.5	1.15	1.79	1.12	1.08	1.16	1.57	1.57	1.25	1.04	1.04	1.92	1.09	1.22	1.78	1.96	1.21	1.31	1.6	1.36	1.1	1.47	1.32	1.52	1.22	1.13	1.21	1.03	1.66	1.41	1.64	1.43	1.71	1.38	1.22	1.48	1.94	1.83	1.86	1.05	1.26	1.24	1.87	1.89	1.47	1.47	1.47	1.54	1.42	1.7	1.9	1.36	1.24	1.03	1.45	1.66	1.54	1.44	1.4	1.17	1	1.04	1.73	1.53	1.33	1.39	1.53	1.63	1.14	1.25	1.65	1.37	1.63	1.5	1.78	1.47	1.05	1.72	1.83	1.64	1.11	1.51	1.03	1.09

The processing time of different types of spare parts: 
(Where rows denote machines: 1 to 8,and columns denote types: 1 to 15.)
16	29	26	12	25	25	17	10	19	28	29	19	18	23	12
28	19	27	20	13	26	29	25	23	10	23	28	17	11	20
17	11	28	26	27	11	12	21	10	24	22	14	27	12	16
21	10	11	10	28	25	20	22	15	13	27	18	17	11	19
20	25	25	21	11	19	27	18	20	14	11	13	19	19	17
29	23	23	24	23	16	27	10	26	23	20	13	25	14	21
20	29	22	22	28	20	24	27	26	26	10	14	17	27	25
22	12	27	19	25	11	21	20	17	25	18	14	14	21	22

The maintenance time of different workers: 
(Where rows denote strategy: 1 to 4,and columns denote available worker of each strategy: 1 to 3.)
33	47	37	36
47	39	30	34
36	34	38	37

Repair degree of different strategies: 
(Where rows denote strategy: 1 to 43.)
0.53	0.62	0.69	0.65

Quantity of spare parts of each type reserved in each warehouse: 
(where rows denote warehouses£º1 to 6,and columns denote types£º1 to 15.)
3	4	5	7	9	10	12
1	2	1	1	2	1	1
1	3	4	5	6	7	10	11
2	3	1	1	2	1	2	1

Initial due date of each order: 
(Where columns denote order: 1 to 100.)
494	449	402	393	219	265	267	242	149	359	217	420	351	274	206	223	207	282	303	421	369	370	432	189	442	309	191	476	353	436	204	473	298	383	440	149	416	298	247	199	149	285	372	216	466	285	310	149	193	426	442	461	486	372	164	240	156	160	209	490	149	450	313	264	255	156	194	214	331	494	149	450	465	449	288	455	434	149	374	421	246	287	166	369	423	410	171	488	315	491	441	378	159	255	178	363	213	410	230	188

Maintenance starting time window of each piece of equipment: 
(Where rows denote Lower and Upper bounds of Maintenance starting time window: 1 to 2,and columns denote distributed equipment: 1 to 100.)
345.8	314.3	281.4	275.1	153.3	185.5	186.9	169.4	104.3	251.3	151.9	294	245.7	191.8	144.2	156.1	144.9	197.4	212.1	294.7	258.3	259	302.4	132.3	309.4	216.3	133.7	333.2	247.1	305.2	142.8	331.1	208.6	268.1	308	104.3	291.2	208.6	172.9	139.3	104.3	199.5	260.4	151.2	326.2	199.5	217	104.3	135.1	298.2	309.4	322.7	340.2	260.4	114.8	168	109.2	112	146.3	343	104.3	315	219.1	184.8	178.5	109.2	135.8	149.8	231.7	345.8	104.3	315	325.5	314.3	201.6	318.5	303.8	104.3	261.8	294.7	172.2	200.9	116.2	258.3	296.1	287	119.7	341.6	220.5	343.7	308.7	264.6	111.3	178.5	124.6	254.1	149.1	287	161	131.6
444.6	404.1	361.8	353.7	197.1	238.5	240.3	217.8	134.1	323.1	195.3	378	315.9	246.6	185.4	200.7	186.3	253.8	272.7	378.9	332.1	333	388.8	170.1	397.8	278.1	171.9	428.4	317.7	392.4	183.6	425.7	268.2	344.7	396	134.1	374.4	268.2	222.3	179.1	134.1	256.5	334.8	194.4	419.4	256.5	279	134.1	173.7	383.4	397.8	414.9	437.4	334.8	147.6	216	140.4	144	188.1	441	134.1	405	281.7	237.6	229.5	140.4	174.6	192.6	297.9	444.6	134.1	405	418.5	404.1	259.2	409.5	390.6	134.1	336.6	378.9	221.4	258.3	149.4	332.1	380.7	369	153.9	439.2	283.5	441.9	396.9	340.2	143.1	229.5	160.2	326.7	191.7	369	207	169.2

