Number of orders: 
100

Number of factories\warehouses: 
5

Number of machines per factory: 
8

Number of types of spare parts: 
15

Number of maintenance strategies: 
3

Number of available workers per strategy: 
3

Transportation cost per unit time: 
3

Transprotation time between factories/warehouses and demand points: 
(Where rows denote factories: 1 to 5 ,and columns denote demand points: 1 to 100.)
130	73	143	94	87	36	35	114	45	105	49	136	135	57	42	99	68	131	144	40	118	77	38	124	45	134	134	38	131	80	101	93	93	79	104	131	61	103	73	133	71	73	114	90	48	91	60	49	96	136	147	58	71	52	92	51	58	59	56	67	75	126	86	115	102	58	148	118	120	121	127	66	62	92	144	97	36	84	79	130	135	139	77	74	41	78	66	142	36	39	81	56	128	39	133	83	143	117	146	149
144	92	50	75	144	57	48	42	108	95	94	102	114	76	108	145	40	110	94	30	39	81	112	61	40	65	137	33	81	149	104	60	145	95	139	95	135	124	142	83	119	97	138	148	70	39	132	117	130	36	49	124	102	122	144	133	95	78	108	107	42	42	49	139	112	91	110	43	87	65	137	78	53	130	138	95	60	47	136	69	41	58	38	43	36	115	138	131	141	54	30	36	105	145	138	116	72	64	32	47
62	68	134	125	46	101	139	103	105	106	96	137	85	118	75	34	99	118	94	136	94	125	90	120	70	125	45	110	130	140	60	55	143	60	32	39	95	51	69	44	86	96	91	50	81	57	72	42	56	67	88	88	137	140	105	125	116	32	50	70	78	42	101	105	149	96	129	32	78	54	73	54	66	81	123	39	76	134	106	117	90	108	50	110	97	65	101	32	138	83	46	32	101	50	79	37	40	102	123	65
92	83	120	82	80	64	77	119	42	112	57	43	134	112	89	134	93	128	99	72	72	42	40	128	81	67	55	59	133	123	84	145	143	79	136	59	146	44	142	132	80	141	110	72	144	61	55	54	43	75	39	69	66	113	79	56	98	36	112	62	91	135	39	134	120	136	41	49	47	129	67	130	92	127	127	130	35	62	98	75	106	139	84	54	51	66	62	43	51	71	54	74	78	82	68	122	35	85	73	115
125	70	133	86	123	105	87	130	82	133	116	147	52	139	106	131	58	77	122	36	41	68	145	140	141	41	60	147	43	108	124	127	90	44	52	84	41	37	122	146	42	146	137	91	36	137	76	78	41	109	86	96	102	85	81	75	79	143	76	137	93	89	140	109	125	63	41	146	142	70	44	51	123	134	94	33	53	122	55	112	118	72	118	92	59	52	104	106	147	101	47	60	71	85	41	90	96	30	65	140

Tranfer time of each worker between two different demand points: 
(Where rows and columns both denote demands points: 1 to 100.)
0	31	80	58	51	48	72	76	74	79	72	44	63	46	78	58	54	37	36	46	35	56	80	42	34	40	39	79	38	73	80	59	42	50	62	47	62	66	76	30	77	74	40	45	67	49	44	70	32	60	36	60	70	62	67	42	66	38	60	40	58	32	73	31	74	79	39	41	71	30	74	36	52	53	79	58	40	63	78	63	40	36	33	52	41	78	39	48	50	79	44	77	55	38	31	37	74	64	42	55
31	0	57	37	74	46	45	63	39	65	73	37	59	50	50	38	49	65	56	38	33	39	52	53	46	79	32	37	66	49	73	59	51	49	73	65	30	70	59	60	53	33	34	31	80	56	43	74	41	70	73	71	39	36	59	61	46	58	42	52	70	55	33	64	34	40	70	56	36	48	48	32	45	36	63	53	77	47	59	38	33	55	35	60	40	46	30	55	34	78	80	71	56	31	40	55	46	77	54	59
80	57	0	60	39	59	42	46	52	43	78	53	58	77	62	60	57	64	62	73	73	79	58	78	36	63	49	39	59	35	77	43	30	43	59	43	79	39	57	48	73	65	44	50	62	34	60	52	53	52	38	39	62	30	30	32	61	38	33	44	76	52	61	73	41	33	50	43	53	74	76	73	51	79	51	32	77	63	60	66	46	66	31	72	56	73	72	56	60	31	75	78	32	57	70	66	43	32	52	38
58	37	60	0	43	68	72	70	54	77	45	74	49	52	32	54	68	76	56	79	77	47	77	63	65	51	31	58	70	60	61	64	44	45	75	31	39	38	63	79	55	76	65	76	51	44	45	75	45	77	51	73	77	64	40	44	68	79	71	55	43	68	75	35	51	60	73	39	33	34	41	55	54	65	45	80	79	55	35	59	44	30	80	32	71	78	76	49	70	30	76	66	72	55	49	30	58	31	47	71
51	74	39	43	0	80	47	73	37	70	61	33	37	39	69	75	38	52	63	53	61	45	33	35	74	64	41	34	80	57	39	40	78	47	43	36	40	57	74	48	43	52	33	61	57	70	35	34	50	74	33	46	62	66	72	56	33	75	59	35	60	59	41	39	45	51	39	59	38	67	56	33	71	76	70	39	46	68	62	62	43	79	37	80	58	53	75	43	78	68	58	58	44	31	55	58	49	37	36	32
48	46	59	68	80	0	44	39	76	46	36	78	69	48	37	33	64	66	68	67	56	65	59	58	61	50	48	80	72	50	80	78	36	73	58	45	43	59	48	72	32	47	46	38	34	38	60	34	31	70	45	53	69	79	31	70	31	60	54	39	69	77	37	78	44	51	53	33	30	42	50	52	59	31	45	63	44	66	63	53	37	75	53	79	45	58	66	64	51	36	39	60	44	64	66	71	77	30	65	60
72	45	42	72	47	44	0	45	74	45	52	55	75	56	72	39	72	35	65	80	39	79	35	52	32	31	69	46	51	44	33	79	41	69	68	30	46	30	65	44	34	36	50	33	45	55	43	52	48	79	51	77	64	33	55	30	68	63	54	66	67	38	69	63	58	47	66	38	67	63	30	30	56	56	42	34	59	76	40	51	47	55	49	78	57	34	45	61	61	42	53	46	44	80	51	71	45	50	35	43
76	63	46	70	73	39	45	0	48	38	44	36	69	42	71	48	49	64	73	53	67	58	38	38	50	40	43	61	36	51	65	54	51	33	69	56	34	66	69	41	68	48	52	74	78	30	32	39	34	52	53	67	70	40	59	62	66	46	68	66	40	44	46	71	76	67	71	47	57	57	64	63	63	46	35	70	31	75	38	53	44	57	41	57	55	67	66	53	42	36	79	35	73	76	38	66	35	46	80	46
74	39	52	54	37	76	74	48	0	53	38	59	44	53	40	42	60	66	45	60	52	74	76	59	36	65	72	76	77	33	60	64	75	67	42	67	61	60	38	39	48	56	34	80	61	44	32	35	76	72	44	80	54	77	80	65	41	74	64	68	50	65	74	60	36	38	44	44	71	65	57	61	74	57	66	33	68	50	37	76	38	33	78	41	40	62	80	74	32	66	75	45	37	70	50	34	35	43	49	65
79	65	43	77	70	46	45	38	53	0	72	62	71	42	59	71	65	69	52	77	79	35	43	39	76	43	46	71	66	76	51	40	30	65	69	75	46	66	46	42	70	59	38	49	36	52	74	37	40	72	71	52	31	46	53	40	38	63	60	79	80	52	57	33	54	40	51	75	34	59	30	37	51	39	57	38	70	53	37	55	42	80	66	46	43	52	43	80	55	52	78	71	70	72	58	70	54	32	51	68
72	73	78	45	61	36	52	44	38	72	0	41	56	52	32	74	76	70	32	42	57	48	58	54	72	63	63	67	45	77	44	43	39	68	72	31	65	56	64	77	67	74	60	56	76	49	58	30	38	74	34	45	43	66	57	43	50	36	58	55	56	73	44	58	56	74	69	66	51	79	42	43	63	79	56	77	76	68	45	42	66	47	73	63	62	32	69	45	67	76	31	51	30	30	64	53	69	48	47	37
44	37	53	74	33	78	55	36	59	62	41	0	39	75	41	59	71	33	62	73	70	76	71	77	34	76	45	72	71	65	71	66	48	31	36	48	45	41	55	32	70	75	69	32	69	64	58	57	60	38	31	55	80	51	76	76	39	75	36	75	40	77	80	53	79	55	36	72	66	49	65	62	37	67	55	73	69	60	65	56	75	39	61	70	74	69	59	66	54	60	57	59	55	74	52	33	56	74	64	62
63	59	58	49	37	69	75	69	44	71	56	39	0	58	35	38	68	30	43	30	68	69	77	47	30	56	45	55	76	45	32	78	54	49	38	35	77	52	80	40	31	59	58	65	54	38	70	34	31	48	66	74	31	63	43	61	47	80	55	75	45	56	40	70	69	46	36	48	30	31	62	50	35	67	75	78	48	37	34	68	77	36	46	63	35	57	68	46	33	60	34	62	64	40	75	56	50	75	34	41
46	50	77	52	39	48	56	42	53	42	52	75	58	0	35	80	63	36	65	46	50	51	56	61	39	42	53	41	53	72	80	38	34	44	73	35	38	79	35	78	67	51	69	38	65	57	71	70	64	78	64	57	49	62	59	70	49	45	30	36	33	30	31	51	54	56	49	71	44	78	42	77	47	60	46	58	66	34	55	56	47	34	36	65	79	76	67	42	43	45	32	72	39	52	39	42	46	31	59	70
78	50	62	32	69	37	72	71	40	59	32	41	35	35	0	77	46	37	46	35	66	30	58	38	52	51	70	68	34	37	43	80	65	52	30	30	67	76	73	40	43	66	45	30	31	30	66	42	38	70	41	41	35	54	59	71	40	76	68	53	40	67	43	69	74	62	39	59	79	71	35	80	64	66	31	63	67	62	41	54	45	32	75	48	61	38	39	44	74	53	55	39	75	34	53	35	63	50	64	50
58	38	60	54	75	33	39	48	42	71	74	59	38	80	77	0	35	79	61	70	78	76	43	50	33	59	75	34	68	45	67	60	56	53	71	44	46	48	44	69	33	52	80	75	77	52	64	71	72	63	77	50	52	30	80	52	66	32	79	52	37	80	63	80	42	53	34	38	31	53	58	76	37	79	64	37	79	33	30	52	43	61	79	72	31	78	76	57	42	78	32	52	47	68	56	50	53	33	54	52
54	49	57	68	38	64	72	49	60	65	76	71	68	63	46	35	0	35	59	74	79	43	69	56	45	39	44	49	64	54	69	54	68	45	64	74	53	49	75	64	54	41	45	40	47	55	75	32	32	37	35	31	32	41	74	43	71	32	59	42	31	33	36	73	32	79	42	42	67	46	74	46	64	48	48	56	31	71	76	30	71	58	49	74	46	44	61	53	66	32	73	31	64	49	34	32	59	33	37	65
37	65	64	76	52	66	35	64	66	69	70	33	30	36	37	79	35	0	54	36	41	45	71	62	70	53	68	64	42	31	71	57	58	39	55	48	67	48	52	72	80	44	31	57	31	49	59	54	47	65	37	67	72	58	40	58	76	56	35	68	59	73	46	36	67	58	40	47	43	74	38	79	51	35	57	33	48	32	57	48	75	54	43	71	63	45	42	42	69	53	51	60	32	55	78	80	65	39	36	74
36	56	62	56	63	68	65	73	45	52	32	62	43	65	46	61	59	54	0	79	34	30	65	61	47	68	34	58	44	41	39	64	52	51	36	77	31	36	41	78	65	38	33	53	60	52	52	38	34	78	44	58	65	73	46	42	43	45	47	69	72	45	46	63	55	48	56	71	52	51	58	50	58	75	43	45	38	57	45	61	50	38	58	67	36	46	79	64	58	77	35	51	65	57	47	58	54	74	49	52
46	38	73	79	53	67	80	53	60	77	42	73	30	46	35	70	74	36	79	0	72	56	57	78	44	78	49	52	63	64	51	66	38	34	34	38	50	32	47	64	39	79	35	43	42	56	63	59	68	42	59	31	37	32	64	73	32	49	55	43	71	71	62	80	52	41	58	59	55	73	75	44	79	69	54	78	59	36	61	75	75	78	42	70	52	43	39	61	36	73	78	60	57	40	42	41	52	46	61	46
35	33	73	77	61	56	39	67	52	79	57	70	68	50	66	78	79	41	34	72	0	47	78	77	68	63	59	33	80	39	44	77	37	34	49	56	55	76	41	36	66	34	41	77	50	37	57	52	53	74	40	47	75	60	77	42	37	57	60	60	75	32	63	63	36	31	77	39	41	72	46	51	67	38	58	60	31	32	37	61	46	70	43	34	48	74	45	52	48	71	78	35	45	63	45	77	35	39	44	44
56	39	79	47	45	65	79	58	74	35	48	76	69	51	30	76	43	45	30	56	47	0	39	32	62	35	57	67	36	56	40	53	50	53	40	75	48	43	30	62	46	34	48	49	34	70	66	80	40	53	36	63	41	48	76	49	30	63	64	78	31	78	36	68	49	36	80	32	50	73	80	38	70	80	74	72	47	73	35	42	64	47	78	52	60	36	58	70	46	38	61	53	45	61	68	37	69	41	73	58
80	52	58	77	33	59	35	38	76	43	58	71	77	56	58	43	69	71	65	57	78	39	0	78	66	77	36	69	51	42	73	31	42	57	80	43	32	78	61	32	64	58	77	76	69	70	54	77	73	49	34	65	34	49	56	57	67	67	36	62	79	79	57	45	50	52	35	47	56	62	39	77	59	60	30	35	47	70	71	51	37	63	49	65	34	33	42	75	63	68	33	48	35	39	41	72	71	70	42	62
42	53	78	63	35	58	52	38	59	39	54	77	47	61	38	50	56	62	61	78	77	32	78	0	71	37	38	39	65	44	68	39	54	66	80	50	45	61	51	55	41	71	71	42	49	47	70	75	42	33	47	71	78	59	71	49	60	80	36	62	75	69	53	64	38	38	53	53	48	45	39	33	35	79	43	47	63	80	37	51	57	45	50	46	66	63	52	43	72	69	51	31	48	41	65	45	35	31	63	37
34	46	36	65	74	61	32	50	36	76	72	34	30	39	52	33	45	70	47	44	68	62	66	71	0	37	49	35	69	32	70	65	38	36	54	63	35	34	68	56	51	36	63	58	72	62	50	40	50	51	71	58	46	53	41	54	49	65	41	69	39	59	72	50	77	30	40	58	65	51	31	63	37	72	66	55	70	73	61	74	76	55	72	65	62	32	30	75	71	57	38	68	77	39	80	70	77	52	33	55
40	79	63	51	64	50	31	40	65	43	63	76	56	42	51	59	39	53	68	78	63	35	77	37	37	0	63	37	64	31	68	39	61	49	61	52	64	80	54	42	40	50	46	47	40	69	56	30	55	41	51	33	47	66	63	79	54	53	35	54	43	31	53	44	74	37	60	60	60	65	73	41	66	56	38	77	62	43	41	75	49	71	58	44	58	53	56	42	73	63	77	71	65	51	37	56	76	72	66	33
39	32	49	31	41	48	69	43	72	46	63	45	45	53	70	75	44	68	34	49	59	57	36	38	49	63	0	70	58	31	73	50	31	54	70	47	38	36	76	40	45	47	50	62	76	55	57	65	45	67	56	78	70	79	75	30	76	57	67	64	61	66	77	74	60	47	48	78	41	76	37	38	54	56	42	34	48	74	73	47	44	35	30	39	77	44	71	45	55	44	54	71	55	63	63	65	67	71	68	34
79	37	39	58	34	80	46	61	76	71	67	72	55	41	68	34	49	64	58	52	33	67	69	39	35	37	70	0	60	66	77	62	76	47	64	68	38	34	35	55	72	55	34	54	72	37	30	62	37	33	76	31	31	42	76	68	53	63	38	73	56	50	59	57	63	55	49	44	30	46	36	43	44	51	78	70	59	32	80	80	57	66	37	43	44	39	49	58	78	51	32	57	61	56	59	42	34	30	68	40
38	66	59	70	80	72	51	36	77	66	45	71	76	53	34	68	64	42	44	63	80	36	51	65	69	64	58	60	0	80	57	42	41	56	54	43	63	57	56	58	34	54	75	60	70	80	46	67	36	37	51	55	50	39	47	52	66	68	54	34	39	40	66	47	63	48	63	61	64	59	39	79	31	34	42	60	56	72	57	73	73	49	60	30	39	39	51	79	54	60	50	80	44	62	37	50	38	80	61	61
73	49	35	60	57	50	44	51	33	76	77	65	45	72	37	45	54	31	41	64	39	56	42	44	32	31	31	66	80	0	53	80	38	48	75	36	48	70	69	65	46	32	61	60	55	42	49	31	42	38	49	55	58	73	72	75	47	30	35	46	55	62	43	78	59	32	53	38	70	61	78	36	42	62	36	33	33	47	64	78	39	67	41	72	53	50	49	59	75	30	77	46	49	77	59	58	45	36	32	45
80	73	77	61	39	80	33	65	60	51	44	71	32	80	43	67	69	71	39	51	44	40	73	68	70	68	73	77	57	53	0	73	52	52	75	32	32	38	57	30	55	62	77	50	32	39	62	61	51	62	47	30	61	61	76	80	60	47	63	73	31	66	41	79	39	36	65	31	71	33	71	54	41	53	62	47	67	33	52	68	59	79	78	60	44	78	45	34	53	30	47	40	52	35	53	65	77	30	55	43
59	59	43	64	40	78	79	54	64	40	43	66	78	38	80	60	54	57	64	66	77	53	31	39	65	39	50	62	42	80	73	0	37	61	78	76	51	79	51	78	75	40	33	33	74	41	62	48	56	71	43	49	40	40	53	31	75	71	51	79	66	67	57	30	73	47	35	53	74	78	44	55	46	31	43	47	68	63	38	56	71	76	61	75	40	33	70	64	54	51	40	34	42	75	63	58	60	77	33	35
42	51	30	44	78	36	41	51	75	30	39	48	54	34	65	56	68	58	52	38	37	50	42	54	38	61	31	76	41	38	52	37	0	31	62	58	61	50	60	67	50	63	77	76	39	60	55	31	41	33	62	63	48	66	32	45	80	52	76	63	75	36	70	59	68	53	66	61	70	63	47	42	77	54	62	68	72	72	36	30	44	71	76	72	56	77	77	73	57	71	71	34	69	63	51	63	66	55	32	77
50	49	43	45	47	73	69	33	67	65	68	31	49	44	52	53	45	39	51	34	34	53	57	66	36	49	54	47	56	48	52	61	31	0	80	43	50	61	48	68	31	64	80	30	53	57	68	80	40	53	37	51	75	40	45	46	48	57	74	53	47	70	57	44	57	33	78	59	71	43	40	63	46	51	31	69	46	32	40	51	38	48	42	42	56	45	80	30	78	30	70	53	69	64	67	69	73	54	35	33
62	73	59	75	43	58	68	69	42	69	72	36	38	73	30	71	64	55	36	34	49	40	80	80	54	61	70	64	54	75	75	78	62	80	0	41	58	30	67	55	35	73	61	44	66	30	49	32	60	69	67	75	54	77	63	47	46	70	48	45	42	58	65	71	76	69	75	55	34	37	46	55	32	65	74	58	77	30	66	47	42	70	39	52	67	56	33	70	74	64	71	56	78	42	69	45	76	63	79	35
47	65	43	31	36	45	30	56	67	75	31	48	35	35	30	44	74	48	77	38	56	75	43	50	63	52	47	68	43	36	32	76	58	43	41	0	64	58	51	71	65	34	48	72	64	71	35	47	42	59	50	62	60	70	44	66	64	40	52	46	60	44	55	34	69	65	42	40	77	31	65	54	48	56	77	37	45	71	59	47	65	72	34	70	43	65	70	61	47	64	68	79	76	56	56	68	57	80	50	59
62	30	79	39	40	43	46	34	61	46	65	45	77	38	67	46	53	67	31	50	55	48	32	45	35	64	38	38	63	48	32	51	61	50	58	64	0	59	71	76	30	48	57	74	44	68	63	44	62	75	66	55	64	74	69	56	52	58	43	46	47	64	59	54	71	55	70	35	45	53	48	39	56	43	43	71	76	56	31	33	51	75	47	76	61	76	34	35	41	77	68	66	66	53	45	36	34	63	48	55
66	70	39	38	57	59	30	66	60	66	56	41	52	79	76	48	49	48	36	32	76	43	78	61	34	80	36	34	57	70	38	79	50	61	30	58	59	0	75	79	75	58	80	30	32	79	33	76	38	43	65	51	57	39	40	58	74	52	43	60	54	69	34	39	72	73	47	69	63	59	62	54	40	70	76	31	39	45	38	67	46	67	52	61	78	31	31	76	51	65	44	45	61	40	68	35	58	63	75	58
76	59	57	63	74	48	65	69	38	46	64	55	80	35	73	44	75	52	41	47	41	30	61	51	68	54	76	35	56	69	57	51	60	48	67	51	71	75	0	71	75	74	53	69	64	31	69	51	60	51	32	45	45	55	59	43	69	43	78	49	39	71	78	75	38	51	43	74	36	66	43	60	36	69	41	74	57	48	66	68	63	30	69	39	50	63	79	54	64	69	37	41	55	76	50	62	61	65	51	48
30	60	48	79	48	72	44	41	39	42	77	32	40	78	40	69	64	72	78	64	36	62	32	55	56	42	40	55	58	65	30	78	67	68	55	71	76	79	71	0	62	57	36	54	75	75	66	77	56	45	36	32	69	38	45	30	69	76	74	39	68	63	39	34	60	32	68	77	38	32	58	74	31	51	62	41	52	31	72	61	35	36	69	64	63	33	37	62	51	56	70	61	58	48	57	78	65	31	35	34
77	53	73	55	43	32	34	68	48	70	67	70	31	67	43	33	54	80	65	39	66	46	64	41	51	40	45	72	34	46	55	75	50	31	35	65	30	75	75	62	0	33	42	78	32	37	34	53	47	45	76	57	69	66	73	66	30	64	32	43	73	54	56	68	52	37	50	64	45	36	66	45	30	35	80	30	69	39	38	55	62	41	30	43	30	71	37	32	69	67	58	79	74	30	72	78	70	74	35	67
74	33	65	76	52	47	36	48	56	59	74	75	59	51	66	52	41	44	38	79	34	34	58	71	36	50	47	55	54	32	62	40	63	64	73	34	48	58	74	57	33	0	67	59	64	50	49	67	59	68	47	73	61	78	51	42	51	71	40	77	46	52	52	38	71	61	70	59	40	48	35	78	75	44	58	74	39	66	45	41	54	80	63	33	43	38	68	60	57	48	42	42	49	62	45	72	39	34	45	54
40	34	44	65	33	46	50	52	34	38	60	69	58	69	45	80	45	31	33	35	41	48	77	71	63	46	50	34	75	61	77	33	77	80	61	48	57	80	53	36	42	67	0	53	56	62	80	76	46	44	69	36	42	52	61	38	76	36	60	60	62	41	53	75	36	41	30	74	69	72	51	43	38	72	67	63	33	43	33	47	63	44	40	55	36	61	47	51	52	32	76	30	63	64	36	66	75	40	56	39
45	31	50	76	61	38	33	74	80	49	56	32	65	38	30	75	40	57	53	43	77	49	76	42	58	47	62	54	60	60	50	33	76	30	44	72	74	30	69	54	78	59	53	0	41	69	39	70	70	59	75	77	36	69	80	52	69	31	48	70	76	35	47	48	54	65	73	30	30	53	40	62	35	52	32	34	62	37	45	45	58	44	57	32	55	48	72	70	42	58	33	73	76	30	73	58	53	63	30	65
67	80	62	51	57	34	45	78	61	36	76	69	54	65	31	77	47	31	60	42	50	34	69	49	72	40	76	72	70	55	32	74	39	53	66	64	44	32	64	75	32	64	56	41	0	32	56	49	66	54	48	53	80	68	31	43	35	30	42	78	54	34	63	51	52	72	70	32	50	48	77	37	78	75	40	76	74	35	80	56	76	69	32	40	32	40	52	37	45	56	66	71	38	56	31	47	66	36	58	76
49	56	34	44	70	38	55	30	44	52	49	64	38	57	30	52	55	49	52	56	37	70	70	47	62	69	55	37	80	42	39	41	60	57	30	71	68	79	31	75	37	50	62	69	32	0	77	52	43	56	47	54	34	73	56	71	37	41	62	74	53	43	56	75	80	67	80	54	67	66	63	54	40	70	71	71	79	49	53	39	45	63	30	39	57	40	60	33	31	69	61	31	80	73	57	77	72	80	75	70
44	43	60	45	35	60	43	32	32	74	58	58	70	71	66	64	75	59	52	63	57	66	54	70	50	56	57	30	46	49	62	62	55	68	49	35	63	33	69	66	34	49	80	39	56	77	0	48	66	65	72	30	46	77	56	46	79	62	35	36	30	78	42	60	75	68	63	80	35	52	32	39	60	31	59	33	63	34	79	50	36	59	71	61	61	62	59	43	80	38	62	56	59	72	30	74	69	44	74	71
70	74	52	75	34	34	52	39	35	37	30	57	34	70	42	71	32	54	38	59	52	80	77	75	40	30	65	62	67	31	61	48	31	80	32	47	44	76	51	77	53	67	76	70	49	52	48	0	32	67	65	63	41	61	79	59	43	41	40	60	78	58	48	43	47	58	43	68	72	66	76	62	74	71	44	65	39	77	55	74	68	80	52	38	77	79	68	48	33	30	35	39	45	77	58	70	68	60	58	42
32	41	53	45	50	31	48	34	76	40	38	60	31	64	38	72	32	47	34	68	53	40	73	42	50	55	45	37	36	42	51	56	41	40	60	42	62	38	60	56	47	59	46	70	66	43	66	32	0	34	46	74	38	67	60	65	36	42	59	69	50	37	39	61	51	78	58	40	52	37	60	66	63	73	37	39	72	68	35	34	73	38	55	49	46	79	75	49	72	64	66	60	43	69	32	74	78	37	70	54
60	70	52	77	74	70	79	52	72	72	74	38	48	78	70	63	37	65	78	42	74	53	49	33	51	41	67	33	37	38	62	71	33	53	69	59	75	43	51	45	45	68	44	59	54	56	65	67	34	0	67	79	45	66	63	64	39	56	59	37	67	35	69	62	78	44	40	47	61	70	61	31	44	46	79	34	33	80	44	50	69	56	69	57	39	74	71	38	54	75	76	45	42	79	36	74	42	66	49	31
36	73	38	51	33	45	51	53	44	71	34	31	66	64	41	77	35	37	44	59	40	36	34	47	71	51	56	76	51	49	47	43	62	37	67	50	66	65	32	36	76	47	69	75	48	47	72	65	46	67	0	71	76	43	31	47	40	58	37	51	78	50	68	34	52	65	68	49	67	69	74	36	59	62	44	54	68	64	71	50	45	74	51	46	75	70	30	68	40	30	52	77	30	61	63	73	54	70	45	48
60	71	39	73	46	53	77	67	80	52	45	55	74	57	41	50	31	67	58	31	47	63	65	71	58	33	78	31	55	55	30	49	63	51	75	62	55	51	45	32	57	73	36	77	53	54	30	63	74	79	71	0	61	77	48	56	44	33	57	36	55	78	36	56	77	73	64	79	76	48	34	75	56	41	60	41	36	58	50	32	40	58	32	72	66	31	52	47	76	70	59	66	72	80	37	42	35	62	67	74
70	39	62	77	62	69	64	70	54	31	43	80	31	49	35	52	32	72	65	37	75	41	34	78	46	47	70	31	50	58	61	40	48	75	54	60	64	57	45	69	69	61	42	36	80	34	46	41	38	45	76	61	0	71	43	35	68	69	77	38	69	72	67	77	38	43	76	79	60	72	55	41	74	36	68	45	35	44	45	80	79	56	52	74	64	73	41	77	67	39	40	55	38	50	40	69	50	57	69	36
62	36	30	64	66	79	33	40	77	46	66	51	63	62	54	30	41	58	73	32	60	48	49	59	53	66	79	42	39	73	61	40	66	40	77	70	74	39	55	38	66	78	52	69	68	73	77	61	67	66	43	77	71	0	56	69	53	32	57	35	64	50	38	50	32	47	46	31	74	53	76	50	30	36	69	59	52	43	42	57	50	30	64	51	35	80	50	71	67	66	49	78	78	35	47	30	59	76	44	46
67	59	30	40	72	31	55	59	80	53	57	76	43	59	59	80	74	40	46	64	77	76	56	71	41	63	75	76	47	72	76	53	32	45	63	44	69	40	59	45	73	51	61	80	31	56	56	79	60	63	31	48	43	56	0	60	39	74	49	38	40	36	41	70	42	72	78	74	72	54	77	62	63	52	70	51	51	35	72	54	64	32	62	78	80	31	53	41	40	59	63	72	58	31	80	65	39	76	50	37
42	61	32	44	56	70	30	62	65	40	43	76	61	70	71	52	43	58	42	73	42	49	57	49	54	79	30	68	52	75	80	31	45	46	47	66	56	58	43	30	66	42	38	52	43	71	46	59	65	64	47	56	35	69	60	0	34	52	60	54	64	75	52	44	75	79	73	72	51	34	52	67	44	76	59	44	64	33	48	74	80	69	74	68	52	75	47	34	73	31	52	34	57	67	75	33	70	63	37	77
66	46	61	68	33	31	68	66	41	38	50	39	47	49	40	66	71	76	43	32	37	30	67	60	49	54	76	53	66	47	60	75	80	48	46	64	52	74	69	69	30	51	76	69	35	37	79	43	36	39	40	44	68	53	39	34	0	65	34	40	30	30	67	34	75	61	77	41	76	63	42	59	69	80	38	68	64	76	32	76	33	30	50	41	71	45	49	34	75	75	53	75	50	31	76	77	60	40	32	50
38	58	38	79	75	60	63	46	74	63	36	75	80	45	76	32	32	56	45	49	57	63	67	80	65	53	57	63	68	30	47	71	52	57	70	40	58	52	43	76	64	71	36	31	30	41	62	41	42	56	58	33	69	32	74	52	65	0	50	71	46	55	49	66	36	30	35	37	68	43	33	55	40	37	65	40	54	54	67	41	63	43	64	33	59	40	76	41	34	66	69	54	72	60	45	49	60	49	68	48
60	42	33	71	59	54	54	68	64	60	58	36	55	30	68	79	59	35	47	55	60	64	36	36	41	35	67	38	54	35	63	51	76	74	48	52	43	43	78	74	32	40	60	48	42	62	35	40	59	59	37	57	77	57	49	60	34	50	0	38	66	38	46	77	76	76	41	45	52	31	37	72	79	68	72	49	49	58	38	73	68	52	40	30	38	76	73	54	66	37	53	54	69	69	36	48	43	77	77	46
40	52	44	55	35	39	66	66	68	79	55	75	75	36	53	52	42	68	69	43	60	78	62	62	69	54	64	73	34	46	73	79	63	53	45	46	46	60	49	39	43	77	60	70	78	74	36	60	69	37	51	36	38	35	38	54	40	71	38	0	42	32	66	35	61	59	54	67	66	73	68	54	80	36	70	42	31	38	75	67	30	71	65	54	62	56	65	34	49	33	37	44	78	53	51	54	44	41	61	44
58	70	76	43	60	69	67	40	50	80	56	40	45	33	40	37	31	59	72	71	75	31	79	75	39	43	61	56	39	55	31	66	75	47	42	60	47	54	39	68	73	46	62	76	54	53	30	78	50	67	78	55	69	64	40	64	30	46	66	42	0	41	69	68	30	32	64	42	52	37	32	75	51	33	46	67	68	54	42	64	38	73	50	50	41	63	73	42	74	75	45	42	74	76	77	66	71	71	75	60
32	55	52	68	59	77	38	44	65	52	73	77	56	30	67	80	33	73	45	71	32	78	79	69	59	31	66	50	40	62	66	67	36	70	58	44	64	69	71	63	54	52	41	35	34	43	78	58	37	35	50	78	72	50	36	75	30	55	38	32	41	0	51	31	31	79	41	42	52	71	45	34	58	56	68	35	70	74	48	67	51	30	34	53	58	75	33	79	44	59	36	46	68	35	33	79	70	79	46	46
73	33	61	75	41	37	69	46	74	57	44	80	40	31	43	63	36	46	46	62	63	36	57	53	72	53	77	59	66	43	41	57	70	57	65	55	59	34	78	39	56	52	53	47	63	56	42	48	39	69	68	36	67	38	41	52	67	49	46	66	69	51	0	73	63	35	49	53	80	68	71	68	31	35	52	46	48	46	34	35	43	34	61	38	57	36	50	41	58	30	66	78	74	42	42	75	51	67	38	61
31	64	73	35	39	78	63	71	60	33	58	53	70	51	69	80	73	36	63	80	63	68	45	64	50	44	74	57	47	78	79	30	59	44	71	34	54	39	75	34	68	38	75	48	51	75	60	43	61	62	34	56	77	50	70	44	34	66	77	35	68	31	73	0	32	50	76	54	51	70	30	41	70	59	71	80	80	72	80	77	57	73	45	64	59	38	47	30	68	52	33	44	36	73	46	77	34	69	37	38
74	34	41	51	45	44	58	76	36	54	56	79	69	54	74	42	32	67	55	52	36	49	50	38	77	74	60	63	63	59	39	73	68	57	76	69	71	72	38	60	52	71	36	54	52	80	75	47	51	78	52	77	38	32	42	75	75	36	76	61	30	31	63	32	0	66	73	54	65	45	51	74	37	79	54	56	65	37	61	36	33	74	50	71	68	37	35	38	32	45	71	79	64	58	50	41	52	74	67	75
79	40	33	60	51	51	47	67	38	40	74	55	46	56	62	53	79	58	48	41	31	36	52	38	30	37	47	55	48	32	36	47	53	33	69	65	55	73	51	32	37	61	41	65	72	67	68	58	78	44	65	73	43	47	72	79	61	30	76	59	32	79	35	50	66	0	55	78	70	64	42	33	46	62	44	77	78	70	57	52	32	37	33	70	58	55	44	68	57	41	72	70	63	57	44	74	75	77	51	64
39	70	50	73	39	53	66	71	44	51	69	36	36	49	39	34	42	40	56	58	77	80	35	53	40	60	48	49	63	53	65	35	66	78	75	42	70	47	43	68	50	70	30	73	70	80	63	43	58	40	68	64	76	46	78	73	77	35	41	54	64	41	49	76	73	55	0	45	60	41	36	31	67	78	39	49	68	35	56	76	43	54	31	50	75	47	68	73	67	67	63	65	51	34	35	55	53	62	48	48
41	56	43	39	59	33	38	47	44	75	66	72	48	71	59	38	42	47	71	59	39	32	47	53	58	60	78	44	61	38	31	53	61	59	55	40	35	69	74	77	64	59	74	30	32	54	80	68	40	47	49	79	79	31	74	72	41	37	45	67	42	42	53	54	54	78	45	0	32	66	62	50	79	59	33	59	50	70	32	76	41	38	31	58	62	78	30	77	30	80	48	45	69	72	58	38	65	32	38	75
71	36	53	33	38	30	67	57	71	34	51	66	30	44	79	31	67	43	52	55	41	50	56	48	65	60	41	30	64	70	71	74	70	71	34	77	45	63	36	38	45	40	69	30	50	67	35	72	52	61	67	76	60	74	72	51	76	68	52	66	52	52	80	51	65	70	60	32	0	48	41	79	52	44	36	78	74	51	61	54	37	60	62	76	71	49	55	78	62	75	59	50	52	42	45	43	80	51	61	72
30	48	74	34	67	42	63	57	65	59	79	49	31	78	71	53	46	74	51	73	72	73	62	45	51	65	76	46	59	61	33	78	63	43	37	31	53	59	66	32	36	48	72	53	48	66	52	66	37	70	69	48	72	53	54	34	63	43	31	73	37	71	68	70	45	64	41	66	48	0	65	64	46	52	79	41	59	42	73	44	31	40	41	73	69	73	74	72	40	50	58	50	66	33	53	54	30	33	60	76
74	48	76	41	56	50	30	64	57	30	42	65	62	42	35	58	74	38	58	75	46	80	39	39	31	73	37	36	39	78	71	44	47	40	46	65	48	62	43	58	66	35	51	40	77	63	32	76	60	61	74	34	55	76	77	52	42	33	37	68	32	45	71	30	51	42	36	62	41	65	0	34	63	55	76	58	75	67	65	36	74	59	59	56	59	49	61	58	49	71	70	75	65	31	42	58	34	67	68	40
36	32	73	55	33	52	30	63	61	37	43	62	50	77	80	76	46	79	50	44	51	38	77	33	63	41	38	43	79	36	54	55	42	63	55	54	39	54	60	74	45	78	43	62	37	54	39	62	66	31	36	75	41	50	62	67	59	55	72	54	75	34	68	41	74	33	31	50	79	64	34	0	45	43	43	77	47	50	58	79	52	53	39	53	61	38	31	74	67	54	65	61	52	55	62	58	59	42	44	53
52	45	51	54	71	59	56	63	74	51	63	37	35	47	64	37	64	51	58	79	67	70	59	35	37	66	54	44	31	42	41	46	77	46	32	48	56	40	36	31	30	75	38	35	78	40	60	74	63	44	59	56	74	30	63	44	69	40	79	80	51	58	31	70	37	46	67	79	52	46	63	45	0	55	41	53	50	51	77	31	46	57	31	72	40	55	56	54	66	53	38	80	40	41	63	30	69	60	70	39
53	36	79	65	76	31	56	46	57	39	79	67	67	60	66	79	48	35	75	69	38	80	60	79	72	56	56	51	34	62	53	31	54	51	65	56	43	70	69	51	35	44	72	52	75	70	31	71	73	46	62	41	36	36	52	76	80	37	68	36	33	56	35	59	79	62	78	59	44	52	55	43	55	0	80	61	66	57	30	78	79	76	37	58	50	46	75	76	68	78	50	73	72	74	54	60	42	60	80	42
79	63	51	45	70	45	42	35	66	57	56	55	75	46	31	64	48	57	43	54	58	74	30	43	66	38	42	78	42	36	62	43	62	31	74	77	43	76	41	62	80	58	67	32	40	71	59	44	37	79	44	60	68	69	70	59	38	65	72	70	46	68	52	71	54	44	39	33	36	79	76	43	41	80	0	52	56	46	36	58	71	56	63	51	51	71	67	40	30	55	50	34	63	49	64	70	64	53	80	47
58	53	32	80	39	63	34	70	33	38	77	73	78	58	63	37	56	33	45	78	60	72	35	47	55	77	34	70	60	33	47	47	68	69	58	37	71	31	74	41	30	74	63	34	76	71	33	65	39	34	54	41	45	59	51	44	68	40	49	42	67	35	46	80	56	77	49	59	78	41	58	77	53	61	52	0	52	38	36	66	31	66	47	53	77	78	55	73	53	42	66	47	34	74	63	35	53	51	79	59
40	77	77	79	46	44	59	31	68	70	76	69	48	66	67	79	31	48	38	59	31	47	47	63	70	62	48	59	56	33	67	68	72	46	77	45	76	39	57	52	69	39	33	62	74	79	63	39	72	33	68	36	35	52	51	64	64	54	49	31	68	70	48	80	65	78	68	50	74	59	75	47	50	66	56	52	0	79	64	79	31	41	30	78	49	36	54	38	38	34	75	31	73	61	76	33	48	49	50	52
63	47	63	55	68	66	76	75	50	53	68	60	37	34	62	33	71	32	57	36	32	73	70	80	73	43	74	32	72	47	33	63	72	32	30	71	56	45	48	31	39	66	43	37	35	49	34	77	68	80	64	58	44	43	35	33	76	54	58	38	54	74	46	72	37	70	35	70	51	42	67	50	51	57	46	38	79	0	31	49	39	62	59	40	60	50	77	60	61	62	42	31	65	48	47	71	38	35	38	75
78	59	60	35	62	63	40	38	37	37	45	65	34	55	41	30	76	57	45	61	37	35	71	37	61	41	73	80	57	64	52	38	36	40	66	59	31	38	66	72	38	45	33	45	80	53	79	55	35	44	71	50	45	42	72	48	32	67	38	75	42	48	34	80	61	57	56	32	61	73	65	58	77	30	36	36	64	31	0	65	58	34	47	32	37	48	55	79	55	34	53	49	57	35	76	70	35	77	60	75
63	38	66	59	62	53	51	53	76	55	42	56	68	56	54	52	30	48	61	75	61	42	51	51	74	75	47	80	73	78	68	56	30	51	47	47	33	67	68	61	55	41	47	45	56	39	50	74	34	50	50	32	80	57	54	74	76	41	73	67	64	67	35	77	36	52	76	76	54	44	36	79	31	78	58	66	79	49	65	0	64	35	40	32	38	67	77	79	58	60	64	32	51	46	51	40	69	45	63	59
40	33	46	44	43	37	47	44	38	42	66	75	77	47	45	43	71	75	50	75	46	64	37	57	76	49	44	57	73	39	59	71	44	38	42	65	51	46	63	35	62	54	63	58	76	45	36	68	73	69	45	40	79	50	64	80	33	63	68	30	38	51	43	57	33	32	43	41	37	31	74	52	46	79	71	31	31	39	58	64	0	70	73	43	30	77	50	57	37	71	71	60	56	58	58	79	40	40	47	43
36	55	66	30	79	75	55	57	33	80	47	39	36	34	32	61	58	54	38	78	70	47	63	45	55	71	35	66	49	67	79	76	71	48	70	72	75	67	30	36	41	80	44	44	69	63	59	80	38	56	74	58	56	30	32	69	30	43	52	71	73	30	34	73	74	37	54	38	60	40	59	53	57	76	56	66	41	62	34	35	70	0	58	40	43	42	63	40	67	31	42	48	65	36	50	75	62	31	46	63
33	35	31	80	37	53	49	41	78	66	73	61	46	36	75	79	49	43	58	42	43	78	49	50	72	58	30	37	60	41	78	61	76	42	39	34	47	52	69	69	30	63	40	57	32	30	71	52	55	69	51	32	52	64	62	74	50	64	40	65	50	34	61	45	50	33	31	31	62	41	59	39	31	37	63	47	30	59	47	40	73	58	0	31	69	73	30	80	58	46	53	34	45	35	31	43	47	73	55	79
52	60	72	32	80	79	78	57	41	46	63	70	63	65	48	72	74	71	67	70	34	52	65	46	65	44	39	43	30	72	60	75	72	42	52	70	76	61	39	64	43	33	55	32	40	39	61	38	49	57	46	72	74	51	78	68	41	33	30	54	50	53	38	64	71	70	50	58	76	73	56	53	72	58	51	53	78	40	32	32	43	40	31	0	75	73	67	35	80	38	44	57	41	36	44	37	53	36	44	35
41	40	56	71	58	45	57	55	40	43	62	74	35	79	61	31	46	63	36	52	48	60	34	66	62	58	77	44	39	53	44	40	56	56	67	43	61	78	50	63	30	43	36	55	32	57	61	77	46	39	75	66	64	35	80	52	71	59	38	62	41	58	57	59	68	58	75	62	71	69	59	61	40	50	51	77	49	60	37	38	30	43	69	75	0	50	66	70	80	41	37	73	50	37	74	53	60	35	61	49
78	46	73	78	53	58	34	67	62	52	32	69	57	76	38	78	44	45	46	43	74	36	33	63	32	53	44	39	39	50	78	33	77	45	56	65	76	31	63	33	71	38	61	48	40	40	62	79	79	74	70	31	73	80	31	75	45	40	76	56	63	75	36	38	37	55	47	78	49	73	49	38	55	46	71	78	36	50	48	67	77	42	73	73	50	0	67	39	31	75	45	38	40	68	79	43	67	61	30	42
39	30	72	76	75	66	45	66	80	43	69	59	68	67	39	76	61	42	79	39	45	58	42	52	30	56	71	49	51	49	45	70	77	80	33	70	34	31	79	37	37	68	47	72	52	60	59	68	75	71	30	52	41	50	53	47	49	76	73	65	73	33	50	47	35	44	68	30	55	74	61	31	56	75	67	55	54	77	55	77	50	63	30	67	66	67	0	69	70	62	36	80	39	79	60	79	64	65	65	43
48	55	56	49	43	64	61	53	74	80	45	66	46	42	44	57	53	42	64	61	52	70	75	43	75	42	45	58	79	59	34	64	73	30	70	61	35	76	54	62	32	60	51	70	37	33	43	48	49	38	68	47	77	71	41	34	34	41	54	34	42	79	41	30	38	68	73	77	78	72	58	74	54	76	40	73	38	60	79	79	57	40	80	35	70	39	69	0	62	36	53	41	55	52	57	50	33	69	76	73
50	34	60	70	78	51	61	42	32	55	67	54	33	43	74	42	66	69	58	36	48	46	63	72	71	73	55	78	54	75	53	54	57	78	74	47	41	51	64	51	69	57	52	42	45	31	80	33	72	54	40	76	67	67	40	73	75	34	66	49	74	44	58	68	32	57	67	30	62	40	49	67	66	68	30	53	38	61	55	58	37	67	58	80	80	31	70	62	0	49	74	73	79	41	49	56	78	55	54	31
79	78	31	30	68	36	42	36	66	52	76	60	60	45	53	78	32	53	77	73	71	38	68	69	57	63	44	51	60	30	30	51	71	30	64	64	77	65	69	56	67	48	32	58	56	69	38	30	64	75	30	70	39	66	59	31	75	66	37	33	75	59	30	52	45	41	67	80	75	50	71	54	53	78	55	42	34	62	34	60	71	31	46	38	41	75	62	36	49	0	68	31	78	30	60	52	62	33	71	30
44	80	75	76	58	39	53	79	75	78	31	57	34	32	55	32	73	51	35	78	78	61	33	51	38	77	54	32	50	77	47	40	71	70	71	68	68	44	37	70	58	42	76	33	66	61	62	35	66	76	52	59	40	49	63	52	53	69	53	37	45	36	66	33	71	72	63	48	59	58	70	65	38	50	50	66	75	42	53	64	71	42	53	44	37	45	36	53	74	68	0	49	63	76	53	48	68	75	67	69
77	71	78	66	58	60	46	35	45	71	51	59	62	72	39	52	31	60	51	60	35	53	48	31	68	71	71	57	80	46	40	34	34	53	56	79	66	45	41	61	79	42	30	73	71	31	56	39	60	45	77	66	55	78	72	34	75	54	54	44	42	46	78	44	79	70	65	45	50	50	75	61	80	73	34	47	31	31	49	32	60	48	34	57	73	38	80	41	73	31	49	0	52	31	53	79	76	43	45	64
55	56	32	72	44	44	44	73	37	70	30	55	64	39	75	47	64	32	65	57	45	45	35	48	77	65	55	61	44	49	52	42	69	69	78	76	66	61	55	58	74	49	63	76	38	80	59	45	43	42	30	72	38	78	58	57	50	72	69	78	74	68	74	36	64	63	51	69	52	66	65	52	40	72	63	34	73	65	57	51	56	65	45	41	50	40	39	55	79	78	63	52	0	57	33	34	42	79	52	67
38	31	57	55	31	64	80	76	70	72	30	74	40	52	34	68	49	55	57	40	63	61	39	41	39	51	63	56	62	77	35	75	63	64	42	56	53	40	76	48	30	62	64	30	56	73	72	77	69	79	61	80	50	35	31	67	31	60	69	53	76	35	42	73	58	57	34	72	42	33	31	55	41	74	49	74	61	48	35	46	58	36	35	36	37	68	79	52	41	30	76	31	57	0	35	53	77	53	72	72
31	40	70	49	55	66	51	38	50	58	64	52	75	39	53	56	34	78	47	42	45	68	41	65	80	37	63	59	37	59	53	63	51	67	69	56	45	68	50	57	72	45	36	73	31	57	30	58	32	36	63	37	40	47	80	75	76	45	36	51	77	33	42	46	50	44	35	58	45	53	42	62	63	54	64	63	76	47	76	51	58	50	31	44	74	79	60	57	49	60	53	53	33	35	0	53	74	73	40	57
37	55	66	30	58	71	71	66	34	70	53	33	56	42	35	50	32	80	58	41	77	37	72	45	70	56	65	42	50	58	65	58	63	69	45	68	36	35	62	78	78	72	66	58	47	77	74	70	74	74	73	42	69	30	65	33	77	49	48	54	66	79	75	77	41	74	55	38	43	54	58	58	30	60	70	35	33	71	70	40	79	75	43	37	53	43	79	50	56	52	48	79	34	53	53	0	73	60	32	79
74	46	43	58	49	77	45	35	35	54	69	56	50	46	63	53	59	65	54	52	35	69	71	35	77	76	67	34	38	45	77	60	66	73	76	57	34	58	61	65	70	39	75	53	66	72	69	68	78	42	54	35	50	59	39	70	60	60	43	44	71	70	51	34	52	75	53	65	80	30	34	59	69	42	64	53	48	38	35	69	40	62	47	53	60	67	64	33	78	62	68	76	42	77	74	73	0	61	56	69
64	77	32	31	37	30	50	46	43	32	48	74	75	31	50	33	33	39	74	46	39	41	70	31	52	72	71	30	80	36	30	77	55	54	63	80	63	63	65	31	74	34	40	63	36	80	44	60	37	66	70	62	57	76	76	63	40	49	77	41	71	79	67	69	74	77	62	32	51	33	67	42	60	60	53	51	49	35	77	45	40	31	73	36	35	61	65	69	55	33	75	43	79	53	73	60	61	0	61	73
42	54	52	47	36	65	35	80	49	51	47	64	34	59	64	54	37	36	49	61	44	73	42	63	33	66	68	68	61	32	55	33	32	35	79	50	48	75	51	35	35	45	56	30	58	75	74	58	70	49	45	67	69	44	50	37	32	68	77	61	75	46	38	37	67	51	48	38	61	60	68	44	70	80	80	79	50	38	60	63	47	46	55	44	61	30	65	76	54	71	67	45	52	72	40	32	56	61	0	52
55	59	38	71	32	60	43	46	65	68	37	62	41	70	50	52	65	74	52	46	44	58	62	37	55	33	34	40	61	45	43	35	77	33	35	59	55	58	48	34	67	54	39	65	76	70	71	42	54	31	48	74	36	46	37	77	50	48	46	44	60	46	61	38	75	64	48	75	72	76	40	53	39	42	47	59	52	75	75	59	43	63	79	35	49	42	43	73	31	30	69	64	67	72	57	79	69	73	52	0

Initial health value of each distributed equipment: 
(Where columns denote demand points: 1 to 100.)
262.24	301.44	260.70	296.48	464.26	296.51	248.83	502.00	234.08	220.52	288.75	151.98	183.27	244.36	262.44	302.82	202.72	237.38	316.24	187.74	358.05	266.76	204.13	288.66	423.64	283.10	302.40	166.00	411.60	466.90	359.41	149.00	379.60	415.91	178.80	256.41	226.48	472.61	388.05	380.10	359.60	299.30	332.10	187.74	202.64	344.72	282.20	224.51	179.40	211.58	406.00	211.58	267.32	275.65	181.78	189.23	299.98	160.92	196.20	448.85	195.92	297.37	501.70	272.67	269.04	309.97	349.28	359.37	339.16	165.39	403.92	394.20	259.00	305.64	396.72	255.30	238.40	187.74	207.11	217.54	192.21	336.96	257.77	177.31	265.22	380.38	244.36	187.74	337.92	255.20	221.10	254.79	241.38	255.20	463.32	172.84	229.46	433.82	411.73	323.68

Spare parts types of different demand points: 
(where columns denote demand points: 1 to 100.)
14	12	7	14	12	13	2	6	7	7	4	13	2	9	4	10	3	6	7	2	9	3	2	8	11	4	14	6	1	3	2	5	1	11	7	10	15	1	5	1	11	12	11	14	1	13	14	4	6	12	11	9	11	10	10	15	11	10	5	6	13	2	4	6	10	8	10	7	15	12	7	15	11	13	9	12	13	5	15	12	3	12	10	12	11	4	13	11	2	10	5	7	1	9	9	2	9	8	14	7

inventory management cost per unit time of different types of orders: 
(where columns denote types of orders: 1 to 15.)
1.7	3	2.6	1.5	2	1	1.2	1.7	1.1	1.6	2.5	2.8	1.3	2.3	1.3

Maintenance cost per unit time of different worker: 
(Where rows denote strategy: 1 to 3,and columns denote available worker of each strategy: 1 to 3.)
3.6	4.9	4.4
4.3	4.7	3.7
4.6	3.8	4

The weight of tardiness cost of different demand points: 
(where columns denote demand points: 1 to 100.)
4.8	5.7	4.6	4.9	5	5.2	3.2	4.1	3.1	5.5	5.8	3.5	4.8	5.3	4.5	5.2	4.1	4.3	5.9	3.3	3.7	3.2	3.1	3.2	5.5	5	3.7	4.3	5.1	3.7	5.3	4.5	3.3	3.1	5.7	3.8	5.6	4.6	4.6	5.7	4.1	3.5	3.2	4.3	4.6	3.8	5.1	4.9	5.3	5.4	4.7	4.2	4.4	4.2	4.6	4.1	4.8	5.6	3.7	3.7	4.3	4	6	5.1	5.7	5.9	3.4	3.5	5.4	5.5	4.9	4	5.6	4.8	5.5	5	3.2	3.6	4.2	4	5.6	4.6	5.1	5.2	4.6	4.4	3.7	3.9	3.1	4.4	4.1	4.7	5.6	3.3	3.8	3.5	5.6	5.6	5.8	4.1

The waste of old spare part per unit time of each distributed equipment: 
(where columns denote demand points: 1 to 100.)
5.6	6.4	7	6.6	6.3	6	6.7	7.3	5.4	7.7	5.5	6.3	5.3	6.9	6.8	7.6	7.5	7	7.7	5.7	6.7	6.4	5.5	5.5	5.3	7.9	5.7	6.8	7	6.3	5.5	5.3	7.7	6	7.3	7.7	5.7	6	7.2	6.8	7.5	6.8	7.6	5.8	7	6	7.9	5.2	5.1	7.1	7.2	6.8	5.2	6	5.3	6.1	5.8	6	6.6	7.7	7.5	7.8	5.5	7.9	5.2	7	5	6.7	7.2	7	6.1	5.8	5	6.7	5.9	7.8	5.3	6.6	5.9	5.8	8	6.5	5.5	6.2	7.5	5.3	5.6	5.6	7	5	7.7	5.7	6.7	6.4	7	7.9	7.4	7.9	6.8	7.1

shutdown cost per unit time of each distributed equipment: 
(where columns denote demand points: 1 to 100.)
22.8	21.3	24.8	21.7	22.8	21.8	24	23.5	24.2	22.6	20.7	20.5	23.8	22.8	22.6	24.5	21.4	21.6	24.1	22.6	23.9	21.5	21.7	24.7	21.8	24	24.4	21.5	23.4	24.2	23	24	24.8	22.7	22	24.3	23.3	22.6	22.1	21.5	21.3	22	24.9	20.8	23.8	22.4	20.2	20.4	24	24.2	24.2	24.1	21.4	20.1	20.5	23.1	22.5	21.1	20.8	20.6	24.5	21.8	22.9	22.4	22.6	21.9	22	23.7	24.1	24.4	22.6	21.7	23.9	20.3	24.8	23.8	23.7	20.1	21.8	22.1	24.4	24.5	23.9	20.6	24.4	23.9	24.7	22.4	22.5	24.1	22.5	21.5	22.8	23.1	24.9	24.6	23	24.9	22.6	20.7

Deterioration rate of each piece of equipment:
(Where columns denote distributed equipment: 1 to 100.)
1.76	1.57	1.65	1.36	1.67	1.99	1.67	2	1.52	1.48	1.75	1.02	1.23	1.64	1.62	1.47	1.12	1.43	1.18	1.26	1.55	1.14	1.37	1.02	1.78	1.9	1.68	1	1.96	1.61	1.27	1	1.46	1.99	1.2	1.11	1.52	1.67	1.95	1.81	1.24	1.46	1.23	1.26	1.36	1.39	1.7	1.43	1.15	1.42	1.45	1.42	1.63	1.85	1.22	1.27	1.06	1.08	1.09	1.91	1.24	1.31	1.73	1.83	1.14	1.39	1.48	1.21	1.39	1.11	1.98	1.35	1.4	1.08	1.74	1.38	1.6	1.26	1.39	1.46	1.29	1.56	1.73	1.19	1.78	1.54	1.64	1.26	1.92	1.16	1.34	1.71	1.62	1.45	1.62	1.16	1.54	1.99	1.97	1.12

The processing time of different types of spare parts: 
(Where rows denote machines: 1 to 8,and columns denote types: 1 to 15.)
25	24	26	26	22	22	29	19	23	20	16	15	18	10	24
24	26	25	16	19	10	10	14	16	13	18	22	19	12	27
11	14	19	26	21	19	26	18	11	18	20	10	29	24	20
15	19	25	12	12	27	26	10	10	12	24	20	18	11	24
29	28	10	17	12	13	26	19	18	20	10	13	12	17	13
25	17	19	14	12	18	16	23	21	25	25	10	28	21	23
11	23	15	18	25	18	27	12	12	26	14	29	27	12	19
12	22	22	17	26	14	16	19	24	29	17	10	15	12	24

The maintenance time of different workers: 
(Where rows denote strategy: 1 to 3,and columns denote available worker of each strategy: 1 to 3.)
48	31	30
34	36	39
30	46	32

Repair degree of different strategies: 
(Where rows denote strategy: 1 to 33.)
0.56	0.6	0.57

Quantity of spare parts of each type reserved in each warehouse: 
(where rows denote warehouses£º1 to 10,and columns denote types£º1 to 15.)
6
2
2	3	5	7
1	1	1	1
1	5	6	9	13	14
1	1	1	1	1	2
2
1
8	9
2	1

Initial due date of each order: 
(Where columns denote order: 1 to 100.)
149	192	158	218	278	149	149	251	154	149	165	149	149	149	162	206	181	166	268	149	231	234	149	283	238	149	180	166	210	290	283	149	260	209	149	231	149	283	199	210	290	205	270	149	149	248	166	157	156	149	280	149	164	149	149	149	283	149	180	235	158	227	290	149	236	223	236	297	244	149	204	292	185	283	228	185	149	149	149	149	149	216	149	149	149	247	149	149	176	220	165	149	149	176	286	149	149	218	209	289

Maintenance starting time window of each piece of equipment: 
(Where rows denote Lower and Upper bounds of Maintenance starting time window: 1 to 2,and columns denote distributed equipment: 1 to 100.)
104.3	134.4	110.6	152.6	194.6	104.3	104.3	175.7	107.8	104.3	115.5	104.3	104.3	104.3	113.4	144.2	126.7	116.2	187.6	104.3	161.7	163.8	104.3	198.1	166.6	104.3	126	116.2	147	203	198.1	104.3	182	146.3	104.3	161.7	104.3	198.1	139.3	147	203	143.5	189	104.3	104.3	173.6	116.2	109.9	109.2	104.3	196	104.3	114.8	104.3	104.3	104.3	198.1	104.3	126	164.5	110.6	158.9	203	104.3	165.2	156.1	165.2	207.9	170.8	104.3	142.8	204.4	129.5	198.1	159.6	129.5	104.3	104.3	104.3	104.3	104.3	151.2	104.3	104.3	104.3	172.9	104.3	104.3	123.2	154	115.5	104.3	104.3	123.2	200.2	104.3	104.3	152.6	146.3	202.3
134.1	172.8	142.2	196.2	250.2	134.1	134.1	225.9	138.6	134.1	148.5	134.1	134.1	134.1	145.8	185.4	162.9	149.4	241.2	134.1	207.9	210.6	134.1	254.7	214.2	134.1	162	149.4	189	261	254.7	134.1	234	188.1	134.1	207.9	134.1	254.7	179.1	189	261	184.5	243	134.1	134.1	223.2	149.4	141.3	140.4	134.1	252	134.1	147.6	134.1	134.1	134.1	254.7	134.1	162	211.5	142.2	204.3	261	134.1	212.4	200.7	212.4	267.3	219.6	134.1	183.6	262.8	166.5	254.7	205.2	166.5	134.1	134.1	134.1	134.1	134.1	194.4	134.1	134.1	134.1	222.3	134.1	134.1	158.4	198	148.5	134.1	134.1	158.4	257.4	134.1	134.1	196.2	188.1	260.1

