Number of orders: 
100

Number of factories\warehouses: 
5

Number of machines per factory: 
8

Number of types of spare parts: 
5

Number of maintenance strategies: 
3

Number of available workers per strategy: 
3

Transportation cost per unit time: 
3

Transprotation time between factories/warehouses and demand points: 
(Where rows denote factories: 1 to 5 ,and columns denote demand points: 1 to 100.)
41	135	88	87	94	37	65	55	120	149	96	72	47	47	58	118	85	107	77	80	68	104	79	52	120	140	121	97	66	97	63	91	95	94	89	65	66	95	48	110	100	92	80	64	122	117	50	138	133	148	94	72	41	88	77	57	123	71	142	100	77	42	61	96	62	131	59	76	117	80	86	128	81	73	62	74	126	120	72	47	60	99	65	112	115	58	71	97	94	77	58	140	35	109	105	98	142	127	61	73
68	78	49	141	67	58	138	143	66	114	70	48	128	110	120	74	115	42	134	34	53	132	47	73	111	68	92	136	90	120	54	33	102	92	38	36	32	61	147	70	77	87	106	38	34	111	124	38	45	72	52	31	87	116	66	40	91	102	138	124	31	71	104	117	80	75	61	66	105	117	81	125	49	138	67	135	38	92	34	74	109	62	130	124	99	91	138	144	47	131	80	133	142	98	117	43	123	90	52	32
87	93	31	43	107	40	85	47	43	40	123	101	90	118	36	146	30	147	58	146	109	145	85	46	125	58	128	126	122	48	40	124	84	36	141	86	128	89	36	83	66	35	31	71	76	54	37	80	116	126	83	141	111	84	96	71	106	119	77	144	94	58	96	137	75	31	117	100	70	74	126	96	119	61	121	63	106	53	142	48	123	137	149	31	144	80	72	82	33	74	69	113	54	107	147	97	115	101	41	136
95	43	131	108	89	106	123	147	122	139	44	50	94	81	89	35	47	91	37	144	50	61	54	93	136	38	74	68	69	116	128	55	31	83	74	115	87	127	142	146	65	76	34	93	90	121	37	80	62	67	102	131	131	118	113	138	46	128	125	94	30	135	79	31	76	30	82	33	69	109	125	59	68	62	48	74	136	108	141	135	131	48	106	149	35	94	35	102	125	61	110	53	81	51	98	118	30	140	134	134
89	43	74	77	114	131	54	119	62	115	109	74	88	108	131	59	89	43	136	33	64	97	137	105	136	38	99	79	128	140	38	115	123	70	94	66	95	79	47	114	112	140	84	63	55	75	43	102	82	68	66	126	113	116	53	131	126	144	98	137	78	100	106	93	144	96	84	94	94	63	110	76	128	97	139	131	69	72	71	52	94	65	129	111	100	119	133	108	30	107	71	135	83	127	81	139	59	140	41	122

Tranfer time of each worker between two different demand points: 
(Where rows and columns both denote demands points: 1 to 100.)
0	47	65	34	67	63	47	44	70	30	58	62	46	57	61	40	35	59	72	78	56	38	71	74	78	53	68	64	58	64	43	39	60	48	47	51	72	70	37	56	73	77	38	68	41	69	63	56	37	72	43	52	62	40	37	69	47	39	75	65	79	56	74	71	44	65	35	52	69	62	77	57	61	70	72	39	75	70	47	44	77	61	74	38	59	54	76	73	47	78	68	55	38	31	34	57	78	79	66	76
47	0	47	77	49	30	40	46	38	63	44	61	70	60	51	60	54	50	69	61	72	56	66	42	56	43	53	33	71	74	30	74	52	63	38	32	30	70	66	71	54	68	78	77	40	55	76	66	50	63	52	45	80	42	64	58	30	67	56	60	34	71	43	43	34	62	62	32	30	63	76	79	41	30	69	46	45	60	71	47	77	77	43	71	56	61	67	38	69	60	40	34	65	42	59	36	80	51	78	59
65	47	0	74	66	48	74	57	30	73	49	42	74	44	46	30	65	52	59	66	45	49	59	42	50	58	47	40	56	33	72	68	73	44	57	59	51	57	38	66	40	48	53	50	59	70	50	70	32	66	42	47	49	47	35	41	67	69	30	59	60	66	49	42	75	57	43	58	60	40	55	44	74	52	70	65	47	45	33	61	60	68	62	40	52	31	63	60	70	44	80	69	40	76	71	61	31	59	49	55
34	77	74	0	57	37	56	73	46	38	69	56	74	35	78	37	80	47	44	41	72	68	40	40	52	46	51	34	53	60	51	32	69	55	51	68	46	77	31	74	66	60	72	79	75	74	46	46	54	40	72	48	62	50	63	68	43	61	35	77	53	47	40	35	72	48	72	42	56	33	45	54	42	70	35	33	74	60	68	58	33	55	64	79	64	53	65	53	62	70	39	59	34	60	33	55	39	31	69	52
67	49	66	57	0	45	80	52	70	37	66	63	51	73	80	59	73	54	79	58	52	72	64	47	57	43	60	51	31	61	54	42	41	80	49	63	47	55	40	38	73	59	31	54	56	38	40	79	39	44	68	62	80	37	55	37	38	78	79	50	68	45	36	68	59	46	58	73	55	64	60	40	47	80	67	56	77	30	63	38	54	72	36	49	33	40	47	52	72	36	40	46	55	47	30	56	47	56	62	68
63	30	48	37	45	0	62	56	57	80	52	77	63	53	36	59	58	76	52	53	51	74	69	37	78	39	66	64	70	77	54	50	51	30	72	40	43	55	34	45	66	62	63	71	67	70	51	35	56	35	51	46	45	70	51	72	31	58	42	70	34	38	39	62	75	46	62	44	68	38	64	51	46	75	72	62	62	31	35	60	73	48	32	61	45	73	79	73	51	40	40	33	78	73	39	78	53	48	79	31
47	40	74	56	80	62	0	80	74	39	62	65	34	65	58	32	42	58	75	64	49	41	39	42	78	79	55	66	65	59	65	52	44	43	53	48	76	59	68	36	37	65	77	48	39	75	42	79	58	69	44	32	51	46	47	60	40	79	80	73	41	71	64	56	66	50	69	57	40	49	63	60	33	30	65	67	57	71	36	64	49	41	55	55	62	44	55	75	45	73	42	35	52	76	69	61	55	39	34	36
44	46	57	73	52	56	80	0	73	32	53	30	56	42	47	53	34	54	45	39	31	34	36	42	65	30	52	68	51	67	46	65	69	36	49	67	59	55	64	33	66	43	31	70	56	76	71	51	31	63	73	69	67	79	56	78	75	61	62	43	79	73	70	72	35	46	75	75	36	35	48	56	70	44	39	32	78	67	57	59	53	78	79	77	74	48	57	77	61	51	79	72	79	47	62	38	40	51	62	33
70	38	30	46	70	57	74	73	0	71	43	47	71	36	80	45	79	33	67	62	47	62	70	42	44	39	62	46	75	54	30	30	38	76	69	80	50	64	36	64	54	36	72	47	42	49	39	76	35	48	41	69	67	45	42	38	42	61	45	63	31	36	35	42	44	60	52	39	52	78	76	35	79	68	65	48	60	71	80	31	62	59	53	74	48	43	58	78	43	64	57	79	36	48	75	77	65	59	49	46
30	63	73	38	37	80	39	32	71	0	33	65	55	52	72	49	78	30	65	58	80	63	45	31	54	55	74	65	64	66	56	67	69	77	64	67	35	66	65	62	71	65	62	69	59	56	57	54	31	44	44	38	46	80	74	69	73	55	44	79	63	40	47	65	73	70	69	44	38	78	59	68	40	62	50	71	39	58	38	72	58	32	80	71	69	76	51	58	37	47	65	79	46	41	46	71	32	71	71	57
58	44	49	69	66	52	62	53	43	33	0	49	46	72	32	64	80	78	68	37	80	73	63	66	58	31	39	48	67	60	31	60	74	80	56	80	43	30	73	74	80	67	42	64	78	37	50	35	48	40	30	44	74	80	79	71	75	38	69	55	56	67	71	46	33	75	32	45	79	59	66	31	71	46	33	32	47	78	32	70	45	58	70	42	30	52	74	31	61	55	76	47	50	80	53	48	47	54	76	36
62	61	42	56	63	77	65	30	47	65	49	0	80	75	44	42	63	46	75	35	67	64	41	71	30	72	43	36	41	65	66	71	38	60	42	73	56	42	36	41	76	59	44	67	41	75	78	53	48	74	63	44	66	39	57	74	45	67	55	67	64	75	44	41	58	43	50	35	76	71	53	79	41	32	77	64	55	61	77	73	79	68	72	55	55	72	54	48	45	35	48	73	34	60	48	58	45	79	45	62
46	70	74	74	51	63	34	56	71	55	46	80	0	79	48	66	73	45	53	59	42	80	41	80	44	30	43	71	62	57	63	44	55	40	78	56	63	47	75	71	40	45	75	39	41	56	33	50	79	47	63	50	59	62	64	70	45	31	43	47	51	54	45	77	60	65	35	61	59	55	56	54	45	52	43	62	44	47	43	64	70	42	80	36	54	43	62	46	60	62	45	62	79	38	37	30	78	49	65	49
57	60	44	35	73	53	65	42	36	52	72	75	79	0	69	67	74	64	50	54	36	37	33	63	53	43	35	53	74	58	34	80	56	35	79	68	42	75	64	59	41	66	32	43	30	31	65	59	75	33	48	35	51	55	54	54	80	41	32	66	56	37	61	49	46	72	78	75	62	48	69	35	51	65	56	68	51	33	33	40	64	37	72	63	79	78	74	34	78	55	34	61	32	50	66	63	50	69	55	66
61	51	46	78	80	36	58	47	80	72	32	44	48	69	0	31	31	78	40	80	59	65	73	58	51	72	73	59	76	51	75	74	68	37	62	49	36	80	75	63	62	44	67	31	62	59	31	69	54	80	66	79	53	40	79	59	48	36	36	66	54	67	35	66	37	72	51	57	64	45	35	59	66	57	62	58	73	65	40	62	35	72	36	55	33	52	64	73	55	31	43	66	72	63	75	59	77	37	79	74
40	60	30	37	59	59	32	53	45	49	64	42	66	67	31	0	53	65	79	50	57	50	72	75	41	73	75	33	36	33	65	44	77	43	47	38	39	58	32	73	38	79	55	41	37	66	43	43	34	31	79	42	44	54	31	50	62	72	53	72	32	46	75	79	50	45	50	42	57	48	34	38	67	45	40	49	34	40	49	33	66	79	74	70	70	60	36	34	58	70	38	47	38	37	72	56	39	78	66	80
35	54	65	80	73	58	42	34	79	78	80	63	73	74	31	53	0	62	52	51	73	69	53	75	30	41	64	52	51	55	43	34	32	53	41	36	43	53	34	62	79	74	44	77	68	60	72	38	59	59	73	47	39	52	31	48	76	49	39	36	39	79	71	69	80	59	31	68	41	79	50	53	53	46	35	45	40	76	71	65	61	43	77	56	44	78	66	62	47	39	59	46	42	38	30	64	48	31	48	80
59	50	52	47	54	76	58	54	33	30	78	46	45	64	78	65	62	0	66	46	34	56	53	78	73	45	36	35	42	55	65	47	69	59	31	39	78	52	39	74	34	65	50	65	54	55	45	67	72	40	54	33	64	60	53	64	44	30	43	77	57	46	80	40	69	64	39	44	60	79	76	53	74	41	58	34	70	34	42	33	58	60	62	65	35	31	43	41	62	67	76	63	80	80	40	50	62	80	47	56
72	69	59	44	79	52	75	45	67	65	68	75	53	50	40	79	52	66	0	65	61	62	46	35	36	51	42	51	68	75	56	75	56	49	47	54	56	35	62	45	78	38	32	55	57	56	57	73	68	80	70	63	52	43	62	78	53	32	72	73	62	65	40	44	34	63	55	49	51	43	40	74	49	65	56	30	80	30	56	48	39	71	34	57	62	72	64	30	55	35	42	67	63	69	53	57	48	80	44	50
78	61	66	41	58	53	64	39	62	58	37	35	59	54	80	50	51	46	65	0	45	30	79	52	57	51	35	74	66	59	66	78	38	34	59	30	48	30	57	34	53	63	57	35	35	42	73	66	55	75	59	32	40	44	32	64	53	56	75	54	37	33	73	70	76	51	51	42	31	67	59	45	57	57	36	48	50	55	52	73	36	49	48	57	58	36	40	58	79	31	30	42	57	78	80	31	60	54	49	76
56	72	45	72	52	51	49	31	47	80	80	67	42	36	59	57	73	34	61	45	0	77	60	51	31	73	66	76	75	51	53	56	45	78	45	48	73	80	67	32	42	31	60	49	77	32	57	79	32	33	72	77	80	38	78	42	42	51	69	56	72	57	67	73	73	44	31	58	53	41	61	31	41	36	42	52	43	46	51	36	67	63	31	47	70	80	31	67	31	62	46	76	36	75	55	72	61	39	33	74
38	56	49	68	72	74	41	34	62	63	73	64	80	37	65	50	69	56	62	30	77	0	54	43	52	32	41	57	62	32	54	50	76	72	70	80	42	73	62	73	47	72	46	53	78	44	80	69	77	50	65	41	71	59	42	32	76	74	64	46	31	40	53	38	75	60	42	66	79	46	42	47	31	32	58	62	42	65	43	38	62	70	44	61	64	36	34	47	35	69	51	71	63	78	52	57	60	66	59	77
71	66	59	40	64	69	39	36	70	45	63	41	41	33	73	72	53	53	46	79	60	54	0	45	59	77	60	30	52	79	46	39	31	51	77	64	56	73	62	37	70	70	39	57	70	45	70	50	73	59	46	71	32	43	52	49	60	78	48	38	51	38	37	77	37	80	49	44	62	66	32	61	55	80	59	45	78	43	68	36	64	42	30	53	36	41	45	50	62	58	45	49	49	34	75	54	75	43	76	55
74	42	42	40	47	37	42	42	42	31	66	71	80	63	58	75	75	78	35	52	51	43	45	0	75	80	73	59	57	40	32	60	61	60	58	48	58	67	61	60	61	33	65	62	73	47	51	35	30	71	36	64	33	52	74	67	79	40	67	62	56	34	69	53	67	64	49	41	48	46	64	46	61	36	64	62	65	68	36	63	43	64	72	40	43	46	33	53	62	37	39	55	60	52	79	76	79	51	39	30
78	56	50	52	57	78	78	65	44	54	58	30	44	53	51	41	30	73	36	57	31	52	59	75	0	72	54	32	46	43	54	80	32	71	43	48	69	63	39	69	77	60	37	41	38	37	37	61	54	72	37	45	31	71	59	61	51	42	65	42	33	71	79	78	65	57	77	63	61	39	40	78	37	66	71	34	47	51	42	74	55	58	75	52	76	61	45	39	71	41	60	77	50	30	38	43	63	47	67	72
53	43	58	46	43	39	79	30	39	55	31	72	30	43	72	73	41	45	51	51	73	32	77	80	72	0	52	56	77	55	61	74	31	54	33	76	67	39	38	55	62	75	67	42	35	78	80	79	67	61	63	33	32	44	57	61	76	57	68	61	80	30	53	30	35	62	56	60	79	78	53	38	44	44	57	45	68	37	60	62	78	38	56	30	77	77	60	75	74	30	41	31	45	37	31	47	64	44	76	58
68	53	47	51	60	66	55	52	62	74	39	43	43	35	73	75	64	36	42	35	66	41	60	73	54	52	0	70	64	35	58	67	40	66	51	31	55	34	76	68	49	30	41	72	56	31	32	74	47	33	73	73	79	62	67	73	54	52	73	63	35	73	80	52	71	70	59	76	80	65	54	51	45	42	74	36	30	63	76	53	65	75	56	69	76	66	35	40	58	55	65	65	38	80	42	42	46	76	67	45
64	33	40	34	51	64	66	68	46	65	48	36	71	53	59	33	52	35	51	74	76	57	30	59	32	56	70	0	44	78	40	42	44	70	48	73	79	71	44	57	60	58	64	80	78	62	31	49	34	75	63	57	70	64	49	32	55	43	32	31	79	34	44	63	46	71	51	43	43	66	55	68	42	75	37	67	79	58	40	55	62	57	65	48	78	79	44	76	52	73	35	63	72	77	71	58	47	72	63	35
58	71	56	53	31	70	65	51	75	64	67	41	62	74	76	36	51	42	68	66	75	62	52	57	46	77	64	44	0	75	50	51	32	69	53	46	61	68	49	56	46	76	77	73	39	67	46	47	47	49	80	30	51	45	36	46	51	67	35	54	47	52	78	50	50	65	45	45	53	61	45	71	64	65	43	36	51	49	56	69	42	65	50	69	74	45	55	74	70	51	60	45	56	63	45	61	80	49	39	35
64	74	33	60	61	77	59	67	54	66	60	65	57	58	51	33	55	55	75	59	51	32	79	40	43	55	35	78	75	0	71	67	74	56	63	79	59	44	44	70	46	65	60	57	41	66	36	43	65	79	57	50	77	58	74	66	42	67	70	70	64	51	46	44	59	53	45	64	54	34	36	50	43	37	65	67	75	36	54	53	78	78	44	65	32	55	68	57	44	31	41	62	39	64	77	65	41	65	67	56
43	30	72	51	54	54	65	46	30	56	31	66	63	34	75	65	43	65	56	66	53	54	46	32	54	61	58	40	50	71	0	47	77	67	76	45	56	35	68	70	41	79	64	40	79	69	74	45	49	79	68	52	72	72	70	55	50	56	77	74	53	54	45	52	68	41	42	70	45	47	59	41	62	53	73	67	71	52	57	78	58	48	33	63	47	46	64	80	45	76	60	31	30	75	68	46	46	34	61	45
39	74	68	32	42	50	52	65	30	67	60	71	44	80	74	44	34	47	75	78	56	50	39	60	80	74	67	42	51	67	47	0	34	72	44	42	51	75	76	74	62	38	53	78	73	67	77	54	33	35	38	42	48	68	78	56	66	65	56	33	38	43	59	70	33	70	37	34	45	45	74	62	46	80	39	31	46	32	71	54	36	55	65	52	60	74	50	37	31	40	61	65	61	34	40	57	70	59	50	62
60	52	73	69	41	51	44	69	38	69	74	38	55	56	68	77	32	69	56	38	45	76	31	61	32	31	40	44	32	74	77	34	0	65	65	45	49	79	56	65	41	32	66	38	72	30	37	79	49	43	32	54	58	41	68	35	73	40	79	48	72	57	51	36	66	37	33	42	61	69	44	32	45	73	76	51	32	77	69	32	67	71	67	66	31	49	77	32	73	79	50	55	40	46	72	76	54	31	76	72
48	63	44	55	80	30	43	36	76	77	80	60	40	35	37	43	53	59	49	34	78	72	51	60	71	54	66	70	69	56	67	72	65	0	59	43	50	70	71	45	75	59	65	61	52	65	53	74	60	38	75	31	53	79	54	65	80	42	55	47	75	67	70	59	46	79	33	32	59	57	72	49	31	71	71	56	54	41	31	34	36	37	41	62	55	44	35	30	75	46	67	71	59	74	32	39	32	39	40	59
47	38	57	51	49	72	53	49	69	64	56	42	78	79	62	47	41	31	47	59	45	70	77	58	43	33	51	48	53	63	76	44	65	59	0	52	41	78	30	75	50	32	36	43	39	65	59	33	55	65	62	33	62	74	64	69	33	67	38	57	33	74	33	68	34	45	52	49	62	49	40	46	79	77	68	60	41	33	53	71	46	79	78	79	78	39	54	48	30	43	32	63	46	67	74	79	75	67	44	59
51	32	59	68	63	40	48	67	80	67	80	73	56	68	49	38	36	39	54	30	48	80	64	48	48	76	31	73	46	79	45	42	45	43	52	0	61	48	51	30	34	76	37	40	78	54	45	77	53	75	60	60	32	76	48	63	64	35	64	69	75	76	32	72	62	43	52	43	58	56	37	37	38	40	41	73	33	61	40	37	44	63	38	36	46	78	35	76	75	55	51	38	39	34	34	70	46	66	62	46
72	30	51	46	47	43	76	59	50	35	43	56	63	42	36	39	43	78	56	48	73	42	56	58	69	67	55	79	61	59	56	51	49	50	41	61	0	71	59	31	77	80	61	41	70	39	57	47	57	31	59	67	73	77	56	74	78	30	31	74	31	62	38	78	68	51	48	34	59	52	41	33	48	56	40	65	50	32	64	32	45	57	68	48	65	51	56	40	57	47	55	37	70	41	54	44	48	66	74	39
70	70	57	77	55	55	59	55	64	66	30	42	47	75	80	58	53	52	35	30	80	73	73	67	63	39	34	71	68	44	35	75	79	70	78	48	71	0	55	40	69	31	70	42	34	59	54	54	30	37	70	41	64	55	69	55	80	72	32	46	45	44	52	64	32	64	52	44	58	60	74	61	37	32	42	36	33	49	33	63	63	69	44	79	65	31	64	55	74	73	57	37	41	39	66	75	68	76	58	43
37	66	38	31	40	34	68	64	36	65	73	36	75	64	75	32	34	39	62	57	67	62	62	61	39	38	76	44	49	44	68	76	56	71	30	51	59	55	0	35	74	43	36	30	38	68	50	54	49	44	62	72	58	64	62	54	72	65	72	54	68	48	39	48	65	42	55	70	58	39	78	57	46	34	44	49	54	33	40	51	40	35	77	58	44	44	30	58	54	58	52	58	52	49	65	73	40	79	68	47
56	71	66	74	38	45	36	33	64	62	74	41	71	59	63	73	62	74	45	34	32	73	37	60	69	55	68	57	56	70	70	74	65	45	75	30	31	40	35	0	49	77	76	77	41	31	50	30	41	62	80	55	46	61	55	64	74	72	59	67	48	39	76	75	42	46	39	63	40	55	65	58	75	74	36	60	74	55	80	66	74	66	50	50	67	50	32	32	40	33	33	41	56	31	50	46	30	36	79	71
73	54	40	66	73	66	37	66	54	71	80	76	40	41	62	38	79	34	78	53	42	47	70	61	77	62	49	60	46	46	41	62	41	75	50	34	77	69	74	49	0	40	67	50	78	74	39	80	40	41	62	75	60	56	65	40	33	40	77	75	36	71	31	31	59	36	42	68	73	42	48	33	56	51	40	75	58	44	54	35	76	39	59	44	32	45	33	69	37	52	59	57	34	59	73	79	33	72	65	47
77	68	48	60	59	62	65	43	36	65	67	59	45	66	44	79	74	65	38	63	31	72	70	33	60	75	30	58	76	65	79	38	32	59	32	76	80	31	43	77	40	0	71	35	58	72	65	67	69	40	32	66	75	78	80	80	55	70	55	77	52	42	40	74	72	61	38	68	72	56	78	33	37	34	43	31	60	39	68	43	53	64	51	38	72	53	31	62	62	58	32	73	57	74	69	61	43	47	39	56
38	78	53	72	31	63	77	31	72	62	42	44	75	32	67	55	44	50	32	57	60	46	39	65	37	67	41	64	77	60	64	53	66	65	36	37	61	70	36	76	67	71	0	41	62	33	57	59	49	50	72	51	75	53	40	77	35	55	30	63	80	80	45	45	65	71	46	40	64	59	30	40	70	75	61	63	75	38	47	43	69	31	76	59	34	37	63	68	58	65	49	57	31	41	41	43	68	52	54	69
68	77	50	79	54	71	48	70	47	69	64	67	39	43	31	41	77	65	55	35	49	53	57	62	41	42	72	80	73	57	40	78	38	61	43	40	41	42	30	77	50	35	41	0	46	68	46	47	67	45	56	60	52	68	48	70	45	41	73	37	32	78	66	51	44	60	40	52	46	53	64	38	48	69	72	41	43	68	75	72	41	45	67	71	31	52	37	37	47	60	69	49	67	65	45	56	48	67	38	55
41	40	59	75	56	67	39	56	42	59	78	41	41	30	62	37	68	54	57	35	77	78	70	73	38	35	56	78	39	41	79	73	72	52	39	78	70	34	38	41	78	58	62	46	0	75	80	64	45	75	31	49	43	31	37	44	57	55	59	33	57	67	53	79	31	49	60	78	32	62	46	66	30	35	39	33	48	70	78	31	68	61	37	73	56	30	73	63	63	40	40	49	75	63	79	47	45	72	60	73
69	55	70	74	38	70	75	76	49	56	37	75	56	31	59	66	60	55	56	42	32	44	45	47	37	78	31	62	67	66	69	67	30	65	65	54	39	59	68	31	74	72	33	68	75	0	59	52	51	50	48	69	60	46	79	73	48	47	36	64	67	59	34	76	53	67	35	41	54	33	80	64	80	62	73	65	47	59	43	75	68	37	49	76	58	36	56	76	53	68	70	37	54	50	38	77	41	35	60	36
63	76	50	46	40	51	42	71	39	57	50	78	33	65	31	43	72	45	57	73	57	80	70	51	37	80	32	31	46	36	74	77	37	53	59	45	57	54	50	50	39	65	57	46	80	59	0	72	53	72	64	47	55	66	73	44	78	55	69	42	30	66	65	48	75	67	38	49	47	78	63	73	49	64	65	31	40	68	44	41	54	66	71	64	35	58	41	57	45	75	31	77	72	37	37	48	49	65	78	37
56	66	70	46	79	35	79	51	76	54	35	53	50	59	69	43	38	67	73	66	79	69	50	35	61	79	74	49	47	43	45	54	79	74	33	77	47	54	54	30	80	67	59	47	64	52	72	0	39	35	49	42	61	55	40	60	51	64	76	38	42	73	49	67	33	68	55	41	41	77	74	67	58	59	71	41	36	30	55	35	55	46	68	50	37	58	55	39	69	41	40	77	69	54	51	59	61	67	35	65
37	50	32	54	39	56	58	31	35	31	48	48	79	75	54	34	59	72	68	55	32	77	73	30	54	67	47	34	47	65	49	33	49	60	55	53	57	30	49	41	40	69	49	67	45	51	53	39	0	46	31	53	32	53	38	73	62	48	66	31	40	59	60	80	35	44	73	50	33	71	72	77	38	43	33	31	71	63	60	31	52	30	38	67	34	49	68	51	54	61	72	73	33	48	44	66	66	76	38	32
72	63	66	40	44	35	69	63	48	44	40	74	47	33	80	31	59	40	80	75	33	50	59	71	72	61	33	75	49	79	79	35	43	38	65	75	31	37	44	62	41	40	50	45	75	50	72	35	46	0	42	65	75	33	63	55	35	76	32	67	64	34	52	64	33	78	49	55	78	78	77	38	39	76	48	48	80	44	59	47	59	39	58	43	77	74	55	71	50	38	57	58	46	60	64	79	66	61	77	79
43	52	42	72	68	51	44	73	41	44	30	63	63	48	66	79	73	54	70	59	72	65	46	36	37	63	73	63	80	57	68	38	32	75	62	60	59	70	62	80	62	32	72	56	31	48	64	49	31	42	0	48	34	68	53	72	67	38	77	36	66	73	40	63	43	32	31	34	35	52	42	61	42	37	63	56	38	71	34	78	50	37	60	62	70	73	32	30	44	31	40	70	68	56	39	48	44	64	36	78
52	45	47	48	62	46	32	69	69	38	44	44	50	35	79	42	47	33	63	32	77	41	71	64	45	33	73	57	30	50	52	42	54	31	33	60	67	41	72	55	75	66	51	60	49	69	47	42	53	65	48	0	71	52	46	80	30	59	56	68	46	59	49	70	72	48	51	69	77	54	46	56	34	65	44	39	67	40	34	78	70	37	48	74	46	80	66	47	74	78	54	70	34	77	35	75	58	30	47	41
62	80	49	62	80	45	51	67	67	46	74	66	59	51	53	44	39	64	52	40	80	71	32	33	31	32	79	70	51	77	72	48	58	53	62	32	73	64	58	46	60	75	75	52	43	60	55	61	32	75	34	71	0	67	53	53	79	63	58	56	56	46	32	77	48	60	47	74	69	50	77	52	64	56	70	70	48	44	62	37	34	38	43	52	78	65	65	41	63	32	61	37	39	72	80	31	70	72	73	72
40	42	47	50	37	70	46	79	45	80	80	39	62	55	40	54	52	60	43	44	38	59	43	52	71	44	62	64	45	58	72	68	41	79	74	76	77	55	64	61	56	78	53	68	31	46	66	55	53	33	68	52	67	0	34	78	38	74	34	50	45	56	33	59	77	66	48	77	51	49	42	75	77	35	31	72	47	47	73	34	71	31	53	57	40	80	39	80	34	30	47	37	46	80	72	30	74	66	41	72
37	64	35	63	55	51	47	56	42	74	79	57	64	54	79	31	31	53	62	32	78	42	52	74	59	57	67	49	36	74	70	78	68	54	64	48	56	69	62	55	65	80	40	48	37	79	73	40	38	63	53	46	53	34	0	32	50	31	34	79	61	58	33	53	49	32	43	49	54	54	76	39	39	74	75	53	55	48	47	60	48	53	38	52	43	59	35	68	68	45	59	64	55	42	52	77	68	39	51	40
69	58	41	68	37	72	60	78	38	69	71	74	70	54	59	50	48	64	78	64	42	32	49	67	61	61	73	32	46	66	55	56	35	65	69	63	74	55	54	64	40	80	77	70	44	73	44	60	73	55	72	80	53	78	32	0	47	39	52	30	78	57	56	49	51	32	30	65	39	53	39	49	74	64	68	73	36	36	76	40	43	57	47	51	49	75	57	50	43	75	53	30	76	75	78	53	32	75	42	59
47	30	67	43	38	31	40	75	42	73	75	45	45	80	48	62	76	44	53	53	42	76	60	79	51	76	54	55	51	42	50	66	73	80	33	64	78	80	72	74	33	55	35	45	57	48	78	51	62	35	67	30	79	38	50	47	0	78	47	51	41	57	31	56	62	52	30	36	73	37	79	62	49	47	59	45	74	73	50	60	64	73	40	35	77	64	57	67	59	30	73	78	77	38	62	68	74	63	79	33
39	67	69	61	78	58	79	61	61	55	38	67	31	41	36	72	49	30	32	56	51	74	78	40	42	57	52	43	67	67	56	65	40	42	67	35	30	72	65	72	40	70	55	41	55	47	55	64	48	76	38	59	63	74	31	39	78	0	49	80	33	32	36	58	75	62	78	52	65	46	71	46	38	37	45	75	57	54	45	42	40	41	40	50	59	40	73	69	34	60	42	49	79	53	73	45	47	62	80	46
75	56	30	35	79	42	80	62	45	44	69	55	43	32	36	53	39	43	72	75	69	64	48	67	65	68	73	32	35	70	77	56	79	55	38	64	31	32	72	59	77	55	30	73	59	36	69	76	66	32	77	56	58	34	34	52	47	49	0	61	37	59	30	44	55	56	32	40	51	32	76	77	49	56	68	34	50	41	61	79	37	59	42	46	60	80	35	41	67	50	74	33	74	63	62	72	34	46	30	67
65	60	59	77	50	70	73	43	63	79	55	67	47	66	66	72	36	77	73	54	56	46	38	62	42	61	63	31	54	70	74	33	48	47	57	69	74	46	54	67	75	77	63	37	33	64	42	38	31	67	36	68	56	50	79	30	51	80	61	0	67	59	74	37	68	48	41	58	38	37	67	41	68	52	50	75	56	54	34	58	48	79	45	71	49	36	44	60	76	51	63	30	32	60	71	34	36	35	31	47
79	34	60	53	68	34	41	79	31	63	56	64	51	56	54	32	39	57	62	37	72	31	51	56	33	80	35	79	47	64	53	38	72	75	33	75	31	45	68	48	36	52	80	32	57	67	30	42	40	64	66	46	56	45	61	78	41	33	37	67	0	45	42	33	77	61	37	39	71	70	43	31	71	45	38	32	71	53	71	36	43	44	44	76	75	73	61	47	60	63	75	77	44	50	73	56	63	35	50	35
56	71	66	47	45	38	71	73	36	40	67	75	54	37	67	46	79	46	65	33	57	40	38	34	71	30	73	34	52	51	54	43	57	67	74	76	62	44	48	39	71	42	80	78	67	59	66	73	59	34	73	59	46	56	58	57	57	32	59	59	45	0	75	51	32	63	43	46	32	54	74	51	60	46	65	30	71	71	43	67	76	50	62	71	37	60	74	37	38	47	34	76	33	33	39	42	48	61	78	47
74	43	49	40	36	39	64	70	35	47	71	44	45	61	35	75	71	80	40	73	67	53	37	69	79	53	80	44	78	46	45	59	51	70	33	32	38	52	39	76	31	40	45	66	53	34	65	49	60	52	40	49	32	33	33	56	31	36	30	74	42	75	0	34	63	77	38	36	64	58	77	35	79	63	50	41	53	63	30	77	56	75	51	53	72	49	60	39	34	40	58	63	52	58	34	77	79	47	51	80
71	43	42	35	68	62	56	72	42	65	46	41	77	49	66	79	69	40	44	70	73	38	77	53	78	30	52	63	50	44	52	70	36	59	68	72	78	64	48	75	31	74	45	51	79	76	48	67	80	64	63	70	77	59	53	49	56	58	44	37	33	51	34	0	48	38	55	34	37	36	30	45	42	66	34	67	42	79	57	73	61	47	37	40	79	75	70	71	42	47	43	74	64	43	78	72	44	72	30	54
44	34	75	72	59	75	66	35	44	73	33	58	60	46	37	50	80	69	34	76	73	75	37	67	65	35	71	46	50	59	68	33	66	46	34	62	68	32	65	42	59	72	65	44	31	53	75	33	35	33	43	72	48	77	49	51	62	75	55	68	77	32	63	48	0	54	44	76	39	30	69	74	39	30	61	56	48	78	59	48	79	73	48	50	64	72	42	45	40	40	48	77	43	42	41	50	45	78	37	35
65	62	57	48	46	46	50	46	60	70	75	43	65	72	72	45	59	64	63	51	44	60	80	64	57	62	70	71	65	53	41	70	37	79	45	43	51	64	42	46	36	61	71	60	49	67	67	68	44	78	32	48	60	66	32	32	52	62	56	48	61	63	77	38	54	0	43	38	68	44	61	75	31	76	77	69	46	68	80	33	58	31	73	66	33	67	35	41	43	36	72	64	41	35	73	77	71	67	37	67
35	62	43	72	58	62	69	75	52	69	32	50	35	78	51	50	31	39	55	51	31	42	49	49	77	56	59	51	45	45	42	37	33	33	52	52	48	52	55	39	42	38	46	40	60	35	38	55	73	49	31	51	47	48	43	30	30	78	32	41	37	43	38	55	44	43	0	73	54	60	63	67	71	33	45	75	64	80	79	43	67	57	68	44	50	56	75	69	44	61	42	52	38	30	48	35	70	64	65	38
52	32	58	42	73	44	57	75	39	44	45	35	61	75	57	42	68	44	49	42	58	66	44	41	63	60	76	43	45	64	70	34	42	32	49	43	34	44	70	63	68	68	40	52	78	41	49	41	50	55	34	69	74	77	49	65	36	52	40	58	39	46	36	34	76	38	73	0	45	30	54	77	67	36	52	57	54	76	59	59	58	43	59	35	36	40	41	78	80	56	43	40	74	67	75	59	79	80	48	39
69	30	60	56	55	68	40	36	52	38	79	76	59	62	64	57	41	60	51	31	53	79	62	48	61	79	80	43	53	54	45	45	61	59	62	58	59	58	58	40	73	72	64	46	32	54	47	41	33	78	35	77	69	51	54	39	73	65	51	38	71	32	64	37	39	68	54	45	0	72	59	47	68	56	74	39	66	67	70	34	41	77	69	42	80	78	36	74	68	70	57	79	69	44	48	59	55	78	33	39
62	63	40	33	64	38	49	35	78	78	59	71	55	48	45	48	79	79	43	67	41	46	66	46	39	78	65	66	61	34	47	45	69	57	49	56	52	60	39	55	42	56	59	53	62	33	78	77	71	78	52	54	50	49	54	53	37	46	32	37	70	54	58	36	30	44	60	30	72	0	34	33	36	67	57	77	46	58	31	37	72	55	40	56	67	74	57	34	69	59	39	46	34	41	79	40	47	54	65	45
77	76	55	45	60	64	63	48	76	59	66	53	56	69	35	34	50	76	40	59	61	42	32	64	40	53	54	55	45	36	59	74	44	72	40	37	41	74	78	65	48	78	30	64	46	80	63	74	72	77	42	46	77	42	76	39	79	71	76	67	43	74	77	30	69	61	63	54	59	34	0	31	42	48	44	51	76	35	43	77	79	49	78	67	57	49	35	53	42	77	63	52	50	71	64	64	36	38	32	64
57	79	44	54	40	51	60	56	35	68	31	79	54	35	59	38	53	53	74	45	31	47	61	46	78	38	51	68	71	50	41	62	32	49	46	37	33	61	57	58	33	33	40	38	66	64	73	67	77	38	61	56	52	75	39	49	62	46	77	41	31	51	35	45	74	75	67	77	47	33	31	0	33	43	45	74	76	80	64	69	57	31	59	75	39	70	42	47	80	53	72	72	40	38	49	77	39	60	66	69
61	41	74	42	47	46	33	70	79	40	71	41	45	51	66	67	53	74	49	57	41	31	55	61	37	44	45	42	64	43	62	46	45	31	79	38	48	37	46	75	56	37	70	48	30	80	49	58	38	39	42	34	64	77	39	74	49	38	49	68	71	60	79	42	39	31	71	67	68	36	42	33	0	62	46	53	33	62	68	61	56	67	62	54	54	58	75	43	49	71	43	40	56	38	76	63	56	70	76	36
70	30	52	70	80	75	30	44	68	62	46	32	52	65	57	45	46	41	65	57	36	32	80	36	66	44	42	75	65	37	53	80	73	71	77	40	56	32	34	74	51	34	75	69	35	62	64	59	43	76	37	65	56	35	74	64	47	37	56	52	45	46	63	66	30	76	33	36	56	67	48	43	62	0	45	38	48	37	50	73	49	42	38	56	69	45	53	55	39	31	80	34	42	60	31	55	38	73	41	56
72	69	70	35	67	72	65	39	65	50	33	77	43	56	62	40	35	58	56	36	42	58	59	64	71	57	74	37	43	65	73	39	76	71	68	41	40	42	44	36	40	43	61	72	39	73	65	71	33	48	63	44	70	31	75	68	59	45	68	50	38	65	50	34	61	77	45	52	74	57	44	45	46	45	0	52	80	59	35	31	52	77	48	68	54	44	67	73	36	75	42	78	63	41	77	74	72	56	63	39
39	46	65	33	56	62	67	32	48	71	32	64	62	68	58	49	45	34	30	48	52	62	45	62	34	45	36	67	36	67	67	31	51	56	60	73	65	36	49	60	75	31	63	41	33	65	31	41	31	48	56	39	70	72	53	73	45	75	34	75	32	30	41	67	56	69	75	57	39	77	51	74	53	38	52	0	62	68	79	34	64	31	64	51	36	41	76	61	35	67	42	73	69	45	34	60	53	67	51	59
75	45	47	74	77	62	57	78	60	39	47	55	44	51	73	34	40	70	80	50	43	42	78	65	47	68	30	79	51	75	71	46	32	54	41	33	50	33	54	74	58	60	75	43	48	47	40	36	71	80	38	67	48	47	55	36	74	57	50	56	71	71	53	42	48	46	64	54	66	46	76	76	33	48	80	62	0	56	63	33	68	69	66	57	33	69	39	36	52	34	66	62	32	56	66	66	36	71	45	38
70	60	45	60	30	31	71	67	71	58	78	61	47	33	65	40	76	34	30	55	46	65	43	68	51	37	63	58	49	36	52	32	77	41	33	61	32	49	33	55	44	39	38	68	70	59	68	30	63	44	71	40	44	47	48	36	73	54	41	54	53	71	63	79	78	68	80	76	67	58	35	80	62	37	59	68	56	0	76	40	34	53	40	43	52	45	47	45	54	53	75	45	64	46	42	58	70	60	61	80
47	71	33	68	63	35	36	57	80	38	32	77	43	33	40	49	71	42	56	52	51	43	68	36	42	60	76	40	56	54	57	71	69	31	53	40	64	33	40	80	54	68	47	75	78	43	44	55	60	59	34	34	62	73	47	76	50	45	61	34	71	43	30	57	59	80	79	59	70	31	43	64	68	50	35	79	63	76	0	48	46	49	53	61	31	50	72	59	39	65	70	61	38	53	76	52	56	55	32	63
44	47	61	58	38	60	64	59	31	72	70	73	64	40	62	33	65	33	48	73	36	38	36	63	74	62	53	55	69	53	78	54	32	34	71	37	32	63	51	66	35	43	43	72	31	75	41	35	31	47	78	78	37	34	60	40	60	42	79	58	36	67	77	73	48	33	43	59	34	37	77	69	61	73	31	34	33	40	48	0	70	62	45	75	71	58	48	50	30	63	73	76	45	57	70	78	66	75	73	78
77	77	60	33	54	73	49	53	62	58	45	79	70	64	35	66	61	58	39	36	67	62	64	43	55	78	65	62	42	78	58	36	67	36	46	44	45	63	40	74	76	53	69	41	68	68	54	55	52	59	50	70	34	71	48	43	64	40	37	48	43	76	56	61	79	58	67	58	41	72	79	57	56	49	52	64	68	34	46	70	0	37	42	67	32	75	78	45	53	71	65	79	44	34	77	55	70	35	36	62
61	77	68	55	72	48	41	78	59	32	58	68	42	37	72	79	43	60	71	49	63	70	42	64	58	38	75	57	65	78	48	55	71	37	79	63	57	69	35	66	39	64	31	45	61	37	66	46	30	39	37	37	38	31	53	57	73	41	59	79	44	50	75	47	73	31	57	43	77	55	49	31	67	42	77	31	69	53	49	62	37	0	45	34	43	63	56	31	78	72	54	54	64	39	35	78	57	50	45	75
74	43	62	64	36	32	55	79	53	80	70	72	80	72	36	74	77	62	34	48	31	44	30	72	75	56	56	65	50	44	33	65	67	41	78	38	68	44	77	50	59	51	76	67	37	49	71	68	38	58	60	48	43	53	38	47	40	40	42	45	44	62	51	37	48	73	68	59	69	40	78	59	62	38	48	64	66	40	53	45	42	45	0	57	65	36	41	59	66	72	51	64	54	64	30	73	52	35	49	49
38	71	40	79	49	61	55	77	74	71	42	55	36	63	55	70	56	65	57	57	47	61	53	40	52	30	69	48	69	65	63	52	66	62	79	36	48	79	58	50	44	38	59	71	73	76	64	50	67	43	62	74	52	57	52	51	35	50	46	71	76	71	53	40	50	66	44	35	42	56	67	75	54	56	68	51	57	43	61	75	67	34	57	0	55	77	57	42	72	33	59	53	51	66	56	44	78	72	31	62
59	56	52	64	33	45	62	74	48	69	30	55	54	79	33	70	44	35	62	58	70	64	36	43	76	77	76	78	74	32	47	60	31	55	78	46	65	65	44	67	32	72	34	31	56	58	35	37	34	77	70	46	78	40	43	49	77	59	60	49	75	37	72	79	64	33	50	36	80	67	57	39	54	69	54	36	33	52	31	71	32	43	65	55	0	59	33	34	73	35	32	49	52	56	36	76	55	68	62	30
54	61	31	53	40	73	44	48	43	76	52	72	43	78	52	60	78	31	72	36	80	36	41	46	61	77	66	79	45	55	46	74	49	44	39	78	51	31	44	50	45	53	37	52	30	36	58	58	49	74	73	80	65	80	59	75	64	40	80	36	73	60	49	75	72	67	56	40	78	74	49	70	58	45	44	41	69	45	50	58	75	63	36	77	59	0	43	72	64	66	46	47	40	65	59	76	63	78	61	51
76	67	63	65	47	79	55	57	58	51	74	54	62	74	64	36	66	43	64	40	31	34	45	33	45	60	35	44	55	68	64	50	77	35	54	35	56	64	30	32	33	31	63	37	73	56	41	55	68	55	32	66	65	39	35	57	57	73	35	44	61	74	60	70	42	35	75	41	36	57	35	42	75	53	67	76	39	47	72	48	78	56	41	57	33	43	0	69	44	74	41	55	37	36	57	56	77	30	50	64
73	38	60	53	52	73	75	77	78	58	31	48	46	34	73	34	62	41	30	58	67	47	50	53	39	75	40	76	74	57	80	37	32	30	48	76	40	55	58	32	69	62	68	37	63	76	57	39	51	71	30	47	41	80	68	50	67	69	41	60	47	37	39	71	45	41	69	78	74	34	53	47	43	55	73	61	36	45	59	50	45	31	59	42	34	72	69	0	55	64	30	72	75	62	32	54	68	40	38	63
47	69	70	62	72	51	45	61	43	37	61	45	60	78	55	58	47	62	55	79	31	35	62	62	71	74	58	52	70	44	45	31	73	75	30	75	57	74	54	40	37	62	58	47	63	53	45	69	54	50	44	74	63	34	68	43	59	34	67	76	60	38	34	42	40	43	44	80	68	69	42	80	49	39	36	35	52	54	39	30	53	78	66	72	73	64	44	55	0	43	31	49	53	42	65	65	39	40	39	30
78	60	44	70	36	40	73	51	64	47	55	35	62	55	31	70	39	67	35	31	62	69	58	37	41	30	55	73	51	31	76	40	79	46	43	55	47	73	58	33	52	58	65	60	40	68	75	41	61	38	31	78	32	30	45	75	30	60	50	51	63	47	40	47	40	36	61	56	70	59	77	53	71	31	75	67	34	53	65	63	71	72	72	33	35	66	74	64	43	0	45	67	66	58	50	52	47	61	49	68
68	40	80	39	40	40	42	79	57	65	76	48	45	34	43	38	59	76	42	30	46	51	45	39	60	41	65	35	60	41	60	61	50	67	32	51	55	57	52	33	59	32	49	69	40	70	31	40	72	57	40	54	61	47	59	53	73	42	74	63	75	34	58	43	48	72	42	43	57	39	63	72	43	80	42	42	66	75	70	73	65	54	51	59	32	46	41	30	31	45	0	44	64	78	57	49	54	53	35	74
55	34	69	59	46	33	35	72	79	79	47	73	62	61	66	47	46	63	67	42	76	71	49	55	77	31	65	63	45	62	31	65	55	71	63	38	37	37	58	41	57	73	57	49	49	37	77	77	73	58	70	70	37	37	64	30	78	49	33	30	77	76	63	74	77	64	52	40	79	46	52	72	40	34	78	73	62	45	61	76	79	54	64	53	49	47	55	72	49	67	44	0	55	46	57	75	56	48	47	49
38	65	40	34	55	78	52	79	36	46	50	34	79	32	72	38	42	80	63	57	36	63	49	60	50	45	38	72	56	39	30	61	40	59	46	39	70	41	52	56	34	57	31	67	75	54	72	69	33	46	68	34	39	46	55	76	77	79	74	32	44	33	52	64	43	41	38	74	69	34	50	40	56	42	63	69	32	64	38	45	44	64	54	51	52	40	37	75	53	66	64	55	0	31	69	62	65	42	66	30
31	42	76	60	47	73	76	47	48	41	80	60	38	50	63	37	38	80	69	78	75	78	34	52	30	37	80	77	63	64	75	34	46	74	67	34	41	39	49	31	59	74	41	65	63	50	37	54	48	60	56	77	72	80	42	75	38	53	63	60	50	33	58	43	42	35	30	67	44	41	71	38	38	60	41	45	56	46	53	57	34	39	64	66	56	65	36	62	42	58	78	46	31	0	75	71	55	72	78	30
34	59	71	33	30	39	69	62	75	46	53	48	37	66	75	72	30	40	53	80	55	52	75	79	38	31	42	71	45	77	68	40	72	32	74	34	54	66	65	50	73	69	41	45	79	38	37	51	44	64	39	35	80	72	52	78	62	73	62	71	73	39	34	78	41	73	48	75	48	79	64	49	76	31	77	34	66	42	76	70	77	35	30	56	36	59	57	32	65	50	57	57	69	75	0	38	42	69	30	68
57	36	61	55	56	78	61	38	77	71	48	58	30	63	59	56	64	50	57	31	72	57	54	76	43	47	42	58	61	65	46	57	76	39	79	70	44	75	73	46	79	61	43	56	47	77	48	59	66	79	48	75	31	30	77	53	68	45	72	34	56	42	77	72	50	77	35	59	59	40	64	77	63	55	74	60	66	58	52	78	55	78	73	44	76	76	56	54	65	52	49	75	62	71	38	0	56	52	47	41
78	80	31	39	47	53	55	40	65	32	47	45	78	50	77	39	48	62	48	60	61	60	75	79	63	64	46	47	80	41	46	70	54	32	75	46	48	68	40	30	33	43	68	48	45	41	49	61	66	66	44	58	70	74	68	32	74	47	34	36	63	48	79	44	45	71	70	79	55	47	36	39	56	38	72	53	36	70	56	66	70	57	52	78	55	63	77	68	39	47	54	56	65	55	42	56	0	41	69	57
79	51	59	31	56	48	39	51	59	71	54	79	49	69	37	78	31	80	80	54	39	66	43	51	47	44	76	72	49	65	34	59	31	39	67	66	66	76	79	36	72	47	52	67	72	35	65	67	76	61	64	30	72	66	39	75	63	62	46	35	35	61	47	72	78	67	64	80	78	54	38	60	70	73	56	67	71	60	55	75	35	50	35	72	68	78	30	40	40	61	53	48	42	72	69	52	41	0	78	45
66	78	49	69	62	79	34	62	49	71	76	45	65	55	79	66	48	47	44	49	33	59	76	39	67	76	67	63	39	67	61	50	76	40	44	62	74	58	68	79	65	39	54	38	60	60	78	35	38	77	36	47	73	41	51	42	79	80	30	31	50	78	51	30	37	37	65	48	33	65	32	66	76	41	63	51	45	61	32	73	36	45	49	31	62	61	50	38	39	49	35	47	66	78	30	47	69	78	0	80
76	59	55	52	68	31	36	33	46	57	36	62	49	66	74	80	80	56	50	76	74	77	55	30	72	58	45	35	35	56	45	62	72	59	59	46	39	43	47	71	47	56	69	55	73	36	37	65	32	79	78	41	72	72	40	59	33	46	67	47	35	47	80	54	35	67	38	39	39	45	64	69	36	56	39	59	38	80	63	78	62	75	49	62	30	51	64	63	30	68	74	49	30	30	68	41	57	45	80	0

Initial health value of each distributed equipment: 
(Where columns denote demand points: 1 to 100.)
530.10	321.36	319.64	178.80	199.66	297.66	262.24	315.18	234.08	238.14	228.00	540.32	263.73	236.47	260.70	348.50	442.50	245.31	338.10	264.06	423.15	278.63	220.52	440.30	238.36	260.76	400.96	392.48	292.04	272.58	430.05	445.89	299.46	497.65	247.25	594.00	276.25	353.40	186.25	555.36	156.45	153.47	333.72	229.46	412.20	320.76	231.12	589.96	198.17	420.54	168.37	189.23	208.60	247.34	181.80	253.30	372.00	242.74	375.22	227.97	241.38	300.90	390.50	349.68	157.94	224.94	246.17	181.44	350.88	206.87	568.10	276.64	331.56	238.40	471.20	154.96	299.52	529.92	222.30	253.30	207.11	386.26	478.40	283.10	224.40	193.70	379.94	227.97	434.60	247.34	213.07	307.20	174.33	464.72	195.52	416.95	279.00	365.04	227.97	373.76

Spare parts types of different demand points: 
(where columns denote demand points: 1 to 100.)
4	1	4	5	2	4	2	1	2	5	2	4	5	1	3	3	2	2	3	3	2	4	1	3	3	1	2	4	1	1	2	1	3	1	1	3	5	5	5	2	1	1	4	4	1	5	4	2	5	2	5	3	2	2	2	4	4	5	1	1	5	4	5	4	2	2	1	5	5	3	5	1	5	1	5	1	2	4	2	4	2	4	3	3	5	1	3	4	1	5	2	5	5	3	1	3	2	1	5	1

inventory management cost per unit time of different types of orders: 
(where columns denote types of orders: 1 to 5.)
1.9	1.7	1.3	2.7	2

Maintenance cost per unit time of different worker: 
(Where rows denote strategy: 1 to 3,and columns denote available worker of each strategy: 1 to 3.)
4.8	3.8	4.9
3.9	3.5	3.8
3.6	3.2	4.8

The weight of tardiness cost of different demand points: 
(where columns denote demand points: 1 to 100.)
3.1	5.9	4.5	4.5	3.3	5.6	5.4	5.1	5.4	5.6	3.4	5	3.1	4.6	5.2	5.6	4.8	4.5	5.8	4.3	3.6	5.8	5.7	3.3	5.7	5.8	4.8	5	4.6	3.8	5.9	4.2	5	3.4	4.3	3.7	5	4	5.9	4.4	5.9	4.8	3.7	5.7	4.7	5.6	4.4	3.4	3.3	3.6	3	4.2	5.8	4.7	5.1	3.3	4.1	4.8	4.2	4.2	3.7	3.1	4.3	5.8	4.2	5.1	5.9	4.4	4.4	5.3	4.4	5.6	5.8	5	3.5	4.9	5.7	5	4.2	5.4	4.8	5.3	4	4.1	3.4	5.7	3.6	5.6	3.7	5.9	3.9	3.5	5.7	5.4	4.2	4.9	3.3	3.6	5	5.2

The waste of old spare part per unit time of each distributed equipment: 
(where columns denote demand points: 1 to 100.)
7.4	7.5	7.9	6.2	5.8	5.5	6.7	7	5.7	8	7.2	6.7	7.6	6.1	7	6.6	7.4	6.2	7.2	7.1	5.9	6.5	5.9	6.2	8	6.3	5.9	5.6	5.5	5.2	5.9	5.3	7.4	7.3	6.5	7.4	7.1	6.7	5.9	7	6.5	7.3	7.4	6.3	6.5	7.4	5.2	7.9	5.3	6.2	6.2	6.9	5.3	7.7	8	6.3	6.2	7.1	5.5	5.2	6.4	6.8	7.1	7.1	5.2	7.5	6.4	5	6.1	5.6	5.3	6.9	7.5	5.9	6.1	5.2	6.3	5.1	6.9	5.8	7.5	5.2	7.6	5.6	6.1	7.4	7.9	7	6.1	6.1	6	5.2	8	7.1	7	6.7	7	7.1	6.6	7.4

shutdown cost per unit time of each distributed equipment: 
(where columns denote demand points: 1 to 100.)
23.6	23	22.1	23	23.8	24.2	21.6	24.2	21.2	20.8	23.8	22.2	23.7	24.8	20.8	21.1	20.1	21.4	20.7	22.1	21.7	22.1	21.5	21	20.5	23.3	21.6	22.7	20.8	21.2	24.9	23.1	24.3	21.5	23.5	24.1	22.7	23.3	24.8	21.1	21	20.8	24.9	24.9	24.2	23.4	23.9	20.9	23.7	24.4	22.8	22.6	24.7	23.3	23.4	22.4	22.9	22.7	23.2	24.6	22.8	20.4	24.1	24.1	21	24.9	22.9	21.6	21.6	23.1	20.6	21.5	21.5	21.5	20.2	22	21.7	20.6	24.3	21	21.8	24.2	21.8	20.6	22.3	20.4	24.6	22.9	24.8	21.7	21.3	24.3	22.6	24.1	23.8	22.4	22.8	20.6	23.3	24.2

Deterioration rate of each piece of equipment:
(Where columns denote distributed equipment: 1 to 100.)
1.86	1.56	1.22	1.2	1.34	1.21	1.76	1.02	1.52	1.47	1.5	1.76	1.77	1.07	1.65	1.7	1.77	1.11	1.15	1.63	1.95	1.87	1.48	1.85	1.18	1.06	1.79	1.76	1.96	1.77	1.83	1.67	1.86	1.85	1.15	2	1.25	1.9	1.25	1.78	1.05	1.03	1.62	1.54	1.8	1.32	1.08	1.96	1.33	1.63	1.13	1.27	1.4	1.49	1.01	1.7	1.86	1.06	1.46	1.53	1.62	1.77	1.42	1.86	1.06	1.38	1.03	1.08	1.72	1.37	1.9	1.52	1.08	1.6	1.55	1.04	1.44	1.92	1.3	1.7	1.39	1.78	1.84	1.9	1.32	1.3	1.57	1.53	1.64	1.66	1.43	1.92	1.17	1.57	1.04	1.55	1.55	1.17	1.53	1.28

The processing time of different types of spare parts: 
(Where rows denote machines: 1 to 8,and columns denote types: 1 to 5.)
23	13	29	18	11
29	12	19	11	12
16	11	14	19	22
25	21	19	24	29
14	14	19	12	29
18	18	14	26	24
13	18	21	17	18
21	28	23	16	16

The maintenance time of different workers: 
(Where rows denote strategy: 1 to 3,and columns denote available worker of each strategy: 1 to 3.)
33	33	35
40	39	43
44	40	39

Repair degree of different strategies: 
(Where rows denote strategy: 1 to 33.)
0.59	0.51	0.68

Quantity of spare parts of each type reserved in each warehouse: 
(where rows denote warehouses£º1 to 10,and columns denote types£º1 to 5.)
1	5
2	3
3	4	5
1	1	2
1	5
1	1
5
1
1	2	4
1	1	1

Initial due date of each order: 
(Where columns denote order: 1 to 100.)
285	206	262	149	149	246	149	309	154	162	152	307	149	221	158	205	250	221	294	162	217	149	149	238	202	246	224	223	149	154	235	267	161	269	215	297	221	186	149	312	149	149	206	149	229	243	214	301	149	258	149	149	149	166	180	149	200	229	257	149	149	170	275	188	149	163	239	168	204	151	299	182	307	149	304	149	208	276	171	149	149	217	260	149	170	149	242	149	265	149	149	160	149	296	188	269	180	312	149	292

Maintenance starting time window of each piece of equipment: 
(Where rows denote Lower and Upper bounds of Maintenance starting time window: 1 to 2,and columns denote distributed equipment: 1 to 100.)
199.5	144.2	183.4	104.3	104.3	172.2	104.3	216.3	107.8	113.4	106.4	214.9	104.3	154.7	110.6	143.5	175	154.7	205.8	113.4	151.9	104.3	104.3	166.6	141.4	172.2	156.8	156.1	104.3	107.8	164.5	186.9	112.7	188.3	150.5	207.9	154.7	130.2	104.3	218.4	104.3	104.3	144.2	104.3	160.3	170.1	149.8	210.7	104.3	180.6	104.3	104.3	104.3	116.2	126	104.3	140	160.3	179.9	104.3	104.3	119	192.5	131.6	104.3	114.1	167.3	117.6	142.8	105.7	209.3	127.4	214.9	104.3	212.8	104.3	145.6	193.2	119.7	104.3	104.3	151.9	182	104.3	119	104.3	169.4	104.3	185.5	104.3	104.3	112	104.3	207.2	131.6	188.3	126	218.4	104.3	204.4
256.5	185.4	235.8	134.1	134.1	221.4	134.1	278.1	138.6	145.8	136.8	276.3	134.1	198.9	142.2	184.5	225	198.9	264.6	145.8	195.3	134.1	134.1	214.2	181.8	221.4	201.6	200.7	134.1	138.6	211.5	240.3	144.9	242.1	193.5	267.3	198.9	167.4	134.1	280.8	134.1	134.1	185.4	134.1	206.1	218.7	192.6	270.9	134.1	232.2	134.1	134.1	134.1	149.4	162	134.1	180	206.1	231.3	134.1	134.1	153	247.5	169.2	134.1	146.7	215.1	151.2	183.6	135.9	269.1	163.8	276.3	134.1	273.6	134.1	187.2	248.4	153.9	134.1	134.1	195.3	234	134.1	153	134.1	217.8	134.1	238.5	134.1	134.1	144	134.1	266.4	169.2	242.1	162	280.8	134.1	262.8

