Number of orders: 
100

Number of factories\warehouses: 
5

Number of machines per factory: 
5

Number of types of spare parts: 
15

Number of maintenance strategies: 
3

Number of available workers per strategy: 
3

Transportation cost per unit time: 
3

Transprotation time between factories/warehouses and demand points: 
(Where rows denote factories: 1 to 5 ,and columns denote demand points: 1 to 100.)
64	138	59	103	70	148	145	79	63	40	97	72	71	131	50	36	63	37	50	111	31	38	89	89	81	134	133	33	145	103	54	87	104	143	146	63	145	125	67	101	101	49	99	127	139	91	39	149	41	108	86	88	115	49	38	124	129	75	87	85	111	35	125	94	136	84	88	89	47	54	120	141	38	32	101	84	35	69	47	99	113	141	140	78	75	45	130	95	113	124	63	57	96	107	86	90	91	119	36	121
109	30	95	34	128	31	130	95	120	139	121	65	51	113	97	110	37	30	67	39	87	99	54	52	149	62	67	120	75	141	111	149	34	140	67	46	71	137	142	65	72	46	51	133	37	93	95	115	82	68	109	149	110	58	69	101	69	59	142	83	87	61	79	89	79	41	132	65	82	149	64	44	90	95	76	123	102	140	123	85	60	88	37	72	35	73	71	146	81	105	46	98	96	84	123	146	69	37	87	113
57	38	137	139	86	42	37	118	44	74	106	128	114	91	41	81	57	138	112	96	93	58	94	106	64	86	69	132	51	73	43	141	96	126	115	88	142	49	108	118	72	112	141	101	58	76	74	110	134	50	96	119	141	116	68	125	136	92	59	99	52	48	134	76	44	107	48	100	37	71	37	64	134	94	107	61	37	34	78	60	136	38	98	81	39	45	65	137	85	77	138	97	49	39	83	64	93	148	74	76
35	108	87	37	71	137	85	70	113	88	83	45	88	55	60	140	120	89	84	140	89	110	58	50	71	120	60	124	107	58	34	33	120	77	116	35	105	54	73	93	102	96	73	84	31	57	56	135	31	110	145	57	79	121	97	106	85	55	142	131	110	122	82	57	38	142	68	71	78	145	60	126	34	86	77	64	138	76	108	78	82	93	137	73	84	83	47	49	59	81	84	125	114	72	52	136	85	34	107	51
128	58	113	117	33	56	136	116	113	46	42	67	127	113	120	77	75	85	124	58	88	43	43	72	80	114	126	118	143	33	56	103	43	98	54	80	59	138	85	124	83	109	100	102	42	67	45	47	86	89	73	147	95	100	71	129	78	149	39	115	116	82	81	103	80	33	90	97	46	34	61	138	50	149	113	143	83	95	119	113	62	85	134	60	110	96	109	146	135	120	55	134	94	86	50	137	93	104	118	36

Tranfer time of each worker between two different demand points: 
(Where rows and columns both denote demands points: 1 to 100.)
0	36	33	79	52	75	43	62	71	53	45	40	65	64	30	66	54	43	69	38	30	73	41	40	53	40	67	36	33	33	70	74	49	42	64	53	59	41	44	48	52	47	54	41	77	40	52	58	69	71	58	63	49	47	49	70	57	33	42	56	60	30	80	69	66	56	78	78	38	38	68	75	38	39	77	36	78	67	72	36	70	62	41	37	38	70	50	36	46	79	69	65	30	48	36	35	78	47	41	65
36	0	66	69	71	43	76	49	78	74	48	79	67	50	40	79	34	79	34	65	76	78	67	66	61	39	59	72	79	71	58	41	58	64	39	62	47	61	54	47	79	72	65	68	32	56	32	36	64	62	79	63	40	61	59	62	67	78	65	56	35	80	41	67	34	65	69	46	47	41	54	43	66	53	65	37	35	65	65	70	75	43	56	43	57	64	65	47	66	75	40	40	53	59	32	37	70	79	40	79
33	66	0	60	70	33	70	53	37	65	34	72	36	65	48	67	73	60	34	72	41	44	69	72	80	60	36	76	35	53	45	62	79	45	69	53	52	41	66	72	71	59	54	42	37	52	73	53	42	52	41	34	43	80	47	45	39	39	63	59	80	80	67	40	48	35	78	51	60	56	77	64	65	42	80	45	54	61	54	50	75	56	79	58	30	42	63	63	58	78	80	50	63	37	67	74	36	79	32	57
79	69	60	0	70	35	70	75	64	37	77	57	36	54	70	74	77	37	67	65	52	43	46	79	46	39	62	70	68	45	42	47	78	31	64	63	61	38	48	75	49	62	49	55	75	69	72	44	36	34	77	72	73	49	58	50	37	52	66	53	49	51	56	75	69	45	34	32	68	53	56	37	72	44	38	31	73	68	69	74	65	59	37	32	63	69	31	42	66	60	69	79	42	70	72	69	40	61	39	59
52	71	70	70	0	60	80	33	54	34	47	80	41	40	39	60	59	55	39	67	54	32	33	49	75	62	70	35	39	46	46	37	72	46	35	64	48	76	34	55	50	61	62	51	35	80	59	30	67	63	57	56	72	60	55	56	62	33	77	66	55	38	68	80	39	43	78	66	54	61	60	34	48	63	61	39	67	35	44	58	44	48	53	45	62	58	55	66	63	40	36	62	71	70	78	57	35	34	75	60
75	43	33	35	60	0	72	47	54	59	43	36	61	46	78	39	35	76	72	72	30	70	41	34	42	43	37	79	53	48	58	73	64	35	38	47	80	34	30	54	56	76	67	52	31	77	72	37	46	54	48	51	58	78	34	42	62	32	42	70	44	50	77	58	42	46	40	51	57	59	72	80	72	58	46	51	42	70	58	55	39	54	35	41	56	66	53	50	60	65	56	60	52	57	73	33	30	47	72	50
43	76	70	70	80	72	0	64	65	61	53	56	74	75	57	60	34	45	37	51	47	62	72	70	62	35	56	36	50	70	31	41	62	72	56	39	34	68	56	75	42	61	39	72	65	73	61	34	67	57	41	42	63	64	59	62	59	39	44	48	31	53	41	54	39	72	40	48	47	34	30	48	37	70	60	68	50	51	74	33	50	71	64	45	50	66	77	61	71	31	75	77	60	58	71	36	49	48	76	32
62	49	53	75	33	47	64	0	67	78	60	48	55	72	33	73	56	75	74	69	32	76	47	37	44	77	63	44	64	39	75	80	52	45	58	70	31	80	54	48	77	37	43	40	35	46	61	63	72	31	36	75	41	41	68	30	64	42	32	76	60	77	58	51	30	52	53	40	54	34	39	61	34	49	51	79	73	44	42	36	54	44	53	36	42	39	64	64	78	73	75	39	42	54	35	34	75	71	38	48
71	78	37	64	54	54	65	67	0	76	74	62	50	73	47	35	30	64	61	73	30	46	76	49	35	44	75	46	46	65	73	50	38	52	31	53	50	61	40	57	42	56	74	71	32	37	57	79	30	59	78	35	52	54	72	73	44	44	75	77	55	42	67	50	51	38	43	38	78	69	78	76	63	32	58	31	63	45	36	73	62	32	58	56	67	63	34	49	38	52	77	34	50	35	59	69	68	77	74	54
53	74	65	37	34	59	61	78	76	0	52	31	37	42	56	61	66	78	61	31	44	42	38	60	75	49	47	33	74	70	43	38	62	78	77	80	65	51	67	78	73	57	64	73	33	70	47	59	65	41	62	46	39	65	77	75	32	58	72	51	34	30	51	55	36	68	72	40	45	70	52	63	30	74	42	51	30	42	73	68	71	61	70	66	30	38	56	58	43	37	71	39	49	54	30	79	66	53	33	75
45	48	34	77	47	43	53	60	74	52	0	38	61	32	57	30	76	34	62	58	58	65	65	51	38	56	37	62	68	50	49	38	36	41	61	66	63	52	51	39	46	61	56	78	56	59	46	78	52	42	78	76	80	70	77	51	52	52	63	51	53	31	63	52	37	47	68	49	42	41	50	31	48	65	77	73	32	50	56	54	77	45	74	42	78	55	76	33	68	46	36	73	34	46	36	68	37	73	32	70
40	79	72	57	80	36	56	48	62	31	38	0	52	71	60	73	67	56	68	74	39	38	67	38	74	47	64	47	45	63	37	59	72	70	57	71	58	58	41	54	38	80	57	35	53	53	33	56	51	79	71	59	38	49	72	67	55	32	79	54	35	51	35	58	79	64	59	57	32	65	35	62	69	37	44	53	48	73	43	56	64	70	30	34	39	59	77	52	68	74	76	62	40	55	74	42	52	76	75	67
65	67	36	36	41	61	74	55	50	37	61	52	0	49	44	33	73	57	76	36	74	47	77	71	48	37	67	43	67	69	44	63	32	66	74	66	33	74	78	54	37	64	66	71	42	48	32	38	53	73	43	32	50	45	41	39	40	74	80	66	61	40	65	42	71	58	35	52	32	38	52	30	75	66	46	32	47	71	53	61	42	32	40	56	65	36	43	66	66	70	65	75	55	34	60	69	75	80	57	43
64	50	65	54	40	46	75	72	73	42	32	71	49	0	60	57	51	44	47	35	71	30	47	54	62	61	70	42	61	58	60	51	66	50	66	78	62	41	70	78	44	37	41	36	46	72	65	71	78	69	57	38	64	64	75	63	43	80	78	69	56	65	42	70	58	48	56	49	71	46	60	30	80	70	69	37	55	70	59	55	50	50	34	51	63	47	46	45	32	75	49	43	46	46	47	46	68	55	59	45
30	40	48	70	39	78	57	33	47	56	57	60	44	60	0	40	78	40	68	30	54	47	76	49	43	53	38	52	45	71	65	50	74	75	62	51	35	63	46	55	41	70	56	48	39	35	34	55	63	72	80	74	34	54	70	68	48	63	58	73	35	53	70	37	72	65	36	36	40	67	32	59	64	44	72	65	63	57	33	79	46	43	33	78	71	71	40	69	33	55	47	59	59	34	67	30	59	54	59	51
66	79	67	74	60	39	60	73	35	61	30	73	33	57	40	0	55	71	60	67	62	73	66	47	79	44	53	56	32	40	63	58	35	38	50	73	60	32	53	70	35	65	77	78	54	45	70	57	42	38	48	57	57	40	44	63	54	44	40	80	50	59	72	38	30	69	54	43	34	40	67	32	57	76	31	40	36	41	67	63	75	52	38	58	40	68	47	33	42	44	66	33	58	57	55	71	41	49	57	71
54	34	73	77	59	35	34	56	30	66	76	67	73	51	78	55	0	67	70	77	51	34	49	42	43	41	61	74	75	68	78	31	58	69	49	31	41	56	61	79	33	55	79	41	61	51	36	32	61	64	53	35	76	63	80	77	46	56	34	51	54	37	48	52	77	56	54	45	73	62	47	34	63	39	33	64	63	80	31	39	53	66	35	37	46	69	36	39	41	39	57	32	49	59	50	48	52	80	47	57
43	79	60	37	55	76	45	75	64	78	34	56	57	44	40	71	67	0	40	56	56	53	31	35	32	76	31	80	30	30	77	58	51	57	40	75	46	50	42	73	36	66	35	79	47	41	66	49	45	58	63	60	53	43	71	40	39	32	72	32	62	60	30	80	46	32	56	80	76	36	72	53	72	30	78	44	62	37	78	62	57	36	51	33	41	56	78	65	39	78	78	52	57	57	63	34	44	80	68	44
69	34	34	67	39	72	37	74	61	61	62	68	76	47	68	60	70	40	0	33	79	56	52	31	36	47	30	54	58	39	79	34	37	40	36	44	78	58	67	71	53	53	72	57	58	70	76	45	58	46	34	32	52	40	74	71	76	30	50	74	55	39	33	66	60	36	68	39	46	69	52	64	38	47	79	76	62	68	57	78	71	33	32	50	69	77	57	74	58	66	80	57	69	30	77	75	48	36	72	61
38	65	72	65	67	72	51	69	73	31	58	74	36	35	30	67	77	56	33	0	43	75	64	70	41	65	53	40	75	61	39	76	64	64	51	65	69	35	65	42	80	64	40	32	38	71	66	42	80	54	42	61	44	48	37	67	61	40	45	61	37	70	75	49	65	73	77	70	58	75	43	72	39	75	33	61	77	34	73	63	65	78	69	37	30	74	53	41	40	32	72	37	62	33	50	51	31	53	59	32
30	76	41	52	54	30	47	32	30	44	58	39	74	71	54	62	51	56	79	43	0	79	34	69	40	60	54	66	38	30	80	60	54	62	57	60	74	71	33	78	54	57	53	72	71	54	62	63	69	69	41	73	72	68	33	60	52	37	68	40	68	33	69	67	73	62	69	35	34	73	57	62	30	77	63	79	40	38	59	55	47	79	40	45	39	46	72	61	50	43	43	61	31	75	58	63	70	35	53	36
73	78	44	43	32	70	62	76	46	42	65	38	47	30	47	73	34	53	56	75	79	0	36	56	42	77	43	52	33	75	71	73	38	49	79	44	33	42	43	72	40	60	37	80	74	36	77	76	57	71	36	56	42	41	37	43	59	59	79	45	63	41	52	47	63	73	47	62	31	71	38	55	60	47	70	45	75	76	36	47	53	72	50	36	41	42	45	32	40	49	53	73	37	50	76	37	64	54	39	37
41	67	69	46	33	41	72	47	76	38	65	67	77	47	76	66	49	31	52	64	34	36	0	58	79	30	68	61	48	36	77	36	50	62	44	48	79	43	69	79	39	56	43	77	49	61	60	40	79	50	77	38	42	58	48	78	72	40	80	44	49	52	57	56	31	53	74	80	30	42	49	54	68	35	30	45	34	74	32	71	71	35	53	31	68	68	72	70	66	77	42	31	46	50	46	42	80	59	60	48
40	66	72	79	49	34	70	37	49	60	51	38	71	54	49	47	42	35	31	70	69	56	58	0	61	53	66	55	30	44	70	70	74	55	47	49	43	45	67	54	53	37	54	59	38	44	69	59	56	41	65	43	38	80	37	71	60	40	69	45	34	65	48	77	67	76	72	49	30	41	62	57	45	52	42	77	55	30	46	36	73	67	48	53	72	60	75	68	42	51	45	73	37	40	54	35	78	76	39	74
53	61	80	46	75	42	62	44	35	75	38	74	48	62	43	79	43	32	36	41	40	42	79	61	0	79	76	50	74	63	39	44	32	76	56	59	39	78	75	53	70	39	42	36	55	41	41	58	67	71	66	67	63	45	71	46	71	32	70	55	51	32	61	49	44	48	74	69	35	48	43	30	30	33	46	36	49	55	78	73	30	75	41	40	73	66	62	35	53	74	57	74	69	69	72	50	54	74	56	46
40	39	60	39	62	43	35	77	44	49	56	47	37	61	53	44	41	76	47	65	60	77	30	53	79	0	30	59	55	48	34	76	51	68	37	71	60	79	64	42	58	68	79	56	61	45	36	54	43	54	64	38	50	36	42	44	63	68	33	73	53	34	46	56	61	65	79	77	75	38	47	70	65	55	57	43	68	47	31	58	64	46	45	40	40	79	62	73	36	64	52	44	30	51	37	48	67	69	38	60
67	59	36	62	70	37	56	63	75	47	37	64	67	70	38	53	61	31	30	53	54	43	68	66	76	30	0	67	47	30	58	63	47	77	56	38	74	32	76	37	40	70	63	56	64	37	65	42	55	77	66	35	39	62	38	75	54	65	59	47	78	37	43	80	51	57	61	33	80	72	42	76	64	65	40	63	35	54	53	60	68	39	70	56	57	64	40	34	76	43	64	61	32	61	35	67	68	51	57	76
36	72	76	70	35	79	36	44	46	33	62	47	43	42	52	56	74	80	54	40	66	52	61	55	50	59	67	0	37	54	73	54	41	58	60	57	35	80	79	54	45	46	55	70	37	79	64	67	66	63	51	67	45	59	49	80	63	72	75	79	47	52	32	35	55	48	39	57	66	79	78	58	78	66	57	62	39	32	78	51	76	35	76	41	50	80	59	46	60	50	37	46	53	79	58	79	51	68	70	47
33	79	35	68	39	53	50	64	46	74	68	45	67	61	45	32	75	30	58	75	38	33	48	30	74	55	47	37	0	38	68	36	66	53	72	68	35	58	37	69	77	51	44	50	63	71	51	63	65	36	60	34	61	31	33	60	42	51	40	48	75	42	35	53	79	66	37	77	64	61	41	62	52	45	68	38	72	43	41	77	79	64	51	54	48	60	75	58	76	40	43	71	35	38	63	63	57	54	73	79
33	71	53	45	46	48	70	39	65	70	50	63	69	58	71	40	68	30	39	61	30	75	36	44	63	48	30	54	38	0	50	37	32	64	75	69	78	33	45	71	33	62	56	51	49	34	44	65	30	44	33	62	66	80	34	31	48	49	72	67	51	45	71	78	44	54	47	79	41	49	75	37	66	52	58	35	78	55	36	51	55	66	46	59	75	78	33	54	80	44	80	62	51	77	62	30	61	40	48	42
70	58	45	42	46	58	31	75	73	43	49	37	44	60	65	63	78	77	79	39	80	71	77	70	39	34	58	73	68	50	0	72	42	57	62	77	60	57	48	38	58	55	64	42	39	45	46	30	59	49	33	54	61	34	65	54	46	67	77	46	67	74	34	46	66	68	39	62	47	41	56	71	77	62	72	54	44	43	34	45	34	76	31	80	35	33	59	57	33	76	59	34	66	58	77	50	76	33	72	62
74	41	62	47	37	73	41	80	50	38	38	59	63	51	50	58	31	58	34	76	60	73	36	70	44	76	63	54	36	37	72	0	44	46	80	63	66	38	34	75	31	58	56	58	79	60	51	54	40	60	36	56	31	42	34	68	51	74	65	45	52	47	50	67	64	69	58	52	57	70	51	72	39	78	79	41	31	64	75	73	58	72	67	32	57	30	60	71	33	73	78	38	43	79	69	55	76	54	52	31
49	58	79	78	72	64	62	52	38	62	36	72	32	66	74	35	58	51	37	64	54	38	50	74	32	51	47	41	66	32	42	44	0	56	34	52	75	66	61	30	34	71	60	74	39	44	78	78	53	46	44	70	74	43	55	60	78	53	79	50	78	60	31	62	31	53	73	50	30	77	59	52	51	67	38	57	68	40	58	80	68	47	80	50	69	51	53	43	78	49	37	48	30	33	54	66	33	77	70	58
42	64	45	31	46	35	72	45	52	78	41	70	66	50	75	38	69	57	40	64	62	49	62	55	76	68	77	58	53	64	57	46	56	0	52	50	69	60	31	42	60	62	51	42	34	46	55	45	42	32	74	31	64	75	71	57	38	67	48	32	67	37	65	51	67	78	46	72	32	55	34	48	34	66	60	45	67	37	49	66	70	48	32	66	78	78	50	61	51	56	40	34	45	47	42	51	77	65	39	56
64	39	69	64	35	38	56	58	31	77	61	57	74	66	62	50	49	40	36	51	57	79	44	47	56	37	56	60	72	75	62	80	34	52	0	66	37	36	64	47	76	50	45	33	72	46	77	31	58	38	74	51	57	35	56	35	60	37	48	70	57	54	46	39	39	68	40	34	47	40	74	79	33	39	73	48	37	60	69	57	54	30	76	60	60	76	34	46	63	35	59	58	45	32	59	71	74	51	36	51
53	62	53	63	64	47	39	70	53	80	66	71	66	78	51	73	31	75	44	65	60	44	48	49	59	71	38	57	68	69	77	63	52	50	66	0	57	77	53	75	71	30	30	31	80	73	80	52	48	35	75	76	41	55	75	43	54	51	30	49	47	73	33	47	46	65	48	36	59	73	41	38	47	34	66	40	42	34	69	72	52	37	46	38	63	68	54	58	31	70	79	57	52	38	62	59	70	79	75	70
59	47	52	61	48	80	34	31	50	65	63	58	33	62	35	60	41	46	78	69	74	33	79	43	39	60	74	35	35	78	60	66	75	69	37	57	0	56	58	49	35	47	32	78	36	69	60	56	46	48	38	67	55	80	58	49	33	38	79	59	53	67	52	70	77	70	67	46	38	60	42	48	30	59	46	70	47	67	53	63	45	57	49	58	53	68	50	44	46	41	32	61	39	35	39	38	58	80	75	53
41	61	41	38	76	34	68	80	61	51	52	58	74	41	63	32	56	50	58	35	71	42	43	45	78	79	32	80	58	33	57	38	66	60	36	77	56	0	69	66	80	50	40	68	45	58	70	48	78	49	39	48	51	39	36	58	72	38	72	71	61	52	43	40	75	37	30	57	38	42	38	47	46	62	63	56	48	59	40	44	78	77	64	35	37	73	31	66	56	61	67	36	73	69	63	59	56	31	62	46
44	54	66	48	34	30	56	54	40	67	51	41	78	70	46	53	61	42	67	65	33	43	69	67	75	64	76	79	37	45	48	34	61	31	64	53	58	69	0	74	75	43	30	37	68	41	71	76	61	70	42	33	40	37	35	70	68	40	31	42	46	61	57	35	40	63	44	39	44	33	70	57	35	35	42	44	61	41	69	49	46	45	63	43	71	63	46	47	52	39	45	74	52	59	34	67	50	53	78	79
48	47	72	75	55	54	75	48	57	78	39	54	54	78	55	70	79	73	71	42	78	72	79	54	53	42	37	54	69	71	38	75	30	42	47	75	49	66	74	0	69	55	73	47	50	53	31	62	51	78	38	52	44	47	45	60	59	35	56	80	77	36	59	37	54	36	48	39	43	46	70	54	66	40	56	78	46	49	74	40	33	52	65	34	56	59	79	56	54	60	63	55	30	64	79	44	43	64	80	31
52	79	71	49	50	56	42	77	42	73	46	38	37	44	41	35	33	36	53	80	54	40	39	53	70	58	40	45	77	33	58	31	34	60	76	71	35	80	75	69	0	55	73	57	40	33	49	71	35	36	44	79	60	56	31	62	30	47	64	73	64	61	33	52	47	57	49	54	79	43	34	37	65	79	74	72	54	52	78	73	50	78	55	35	62	41	63	72	67	60	39	31	47	37	61	45	78	67	52	69
47	72	59	62	61	76	61	37	56	57	61	80	64	37	70	65	55	66	53	64	57	60	56	37	39	68	70	46	51	62	55	58	71	62	50	30	47	50	43	55	55	0	63	78	34	31	34	54	44	68	48	48	50	37	63	30	67	48	67	35	33	61	65	60	31	56	71	61	60	34	73	66	48	59	76	35	78	51	42	66	57	33	74	73	44	60	50	75	44	52	62	75	43	30	72	56	56	67	57	54
54	65	54	49	62	67	39	43	74	64	56	57	66	41	56	77	79	35	72	40	53	37	43	54	42	79	63	55	44	56	64	56	60	51	45	30	32	40	30	73	73	63	0	64	57	34	53	59	66	69	49	71	31	43	58	72	48	44	30	32	48	38	66	66	65	73	67	30	38	64	33	40	34	41	68	49	36	49	76	76	63	69	55	39	62	36	36	31	68	63	33	52	41	38	35	42	39	39	77	72
41	68	42	55	51	52	72	40	71	73	78	35	71	36	48	78	41	79	57	32	72	80	77	59	36	56	56	70	50	51	42	58	74	42	33	31	78	68	37	47	57	78	64	0	63	38	41	42	74	50	68	35	31	53	62	67	56	79	75	49	50	76	41	60	34	80	36	32	30	71	33	39	62	33	56	63	59	53	30	73	60	36	44	68	65	76	45	53	68	38	60	72	62	35	69	62	62	66	46	36
77	32	37	75	35	31	65	35	32	33	56	53	42	46	39	54	61	47	58	38	71	74	49	38	55	61	64	37	63	49	39	79	39	34	72	80	36	45	68	50	40	34	57	63	0	57	76	49	72	69	65	55	53	74	45	58	62	43	64	30	66	47	33	48	44	69	32	55	58	53	46	40	39	46	66	65	70	58	75	37	69	68	52	64	45	49	72	57	65	37	73	51	67	77	30	53	56	61	77	50
40	56	52	69	80	77	73	46	37	70	59	53	48	72	35	45	51	41	70	71	54	36	61	44	41	45	37	79	71	34	45	60	44	46	46	73	69	58	41	53	33	31	34	38	57	0	38	71	59	64	64	71	78	65	71	66	35	78	76	64	62	48	77	32	62	63	60	44	79	55	57	64	42	74	35	49	44	51	51	51	42	38	30	72	37	36	52	38	63	72	32	37	31	38	76	48	57	67	42	70
52	32	73	72	59	72	61	61	57	47	46	33	32	65	34	70	36	66	76	66	62	77	60	69	41	36	65	64	51	44	46	51	78	55	77	80	60	70	71	31	49	34	53	41	76	38	0	58	77	31	58	32	65	59	71	34	62	49	62	61	79	61	55	64	78	62	67	69	35	72	78	60	51	38	66	68	49	69	37	73	52	69	49	32	47	37	58	32	68	48	55	43	50	58	69	54	69	39	41	69
58	36	53	44	30	37	34	63	79	59	78	56	38	71	55	57	32	49	45	42	63	76	40	59	58	54	42	67	63	65	30	54	78	45	31	52	56	48	76	62	71	54	59	42	49	71	58	0	45	70	48	67	77	38	45	37	50	41	33	59	78	35	75	79	33	57	64	54	54	63	56	38	39	80	58	63	38	70	53	54	36	54	50	43	49	55	56	56	30	60	63	77	66	77	78	79	78	78	64	45
69	64	42	36	67	46	67	72	30	65	52	51	53	78	63	42	61	45	58	80	69	57	79	56	67	43	55	66	65	30	59	40	53	42	58	48	46	78	61	51	35	44	66	74	72	59	77	45	0	51	50	53	51	52	44	62	80	35	57	60	55	53	65	68	52	31	30	38	49	64	55	59	65	36	59	77	58	48	66	56	78	62	33	38	66	48	51	34	37	33	50	64	58	49	73	54	30	45	68	47
71	62	52	34	63	54	57	31	59	41	42	79	73	69	72	38	64	58	46	54	69	71	50	41	71	54	77	63	36	44	49	60	46	32	38	35	48	49	70	78	36	68	69	50	69	64	31	70	51	0	68	40	58	48	69	34	46	39	72	71	72	79	30	59	77	41	76	59	66	46	42	73	62	55	77	65	50	59	65	74	42	52	63	76	55	70	43	35	67	78	66	34	53	66	53	41	66	57	57	45
58	79	41	77	57	48	41	36	78	62	78	71	43	57	80	48	53	63	34	42	41	36	77	65	66	64	66	51	60	33	33	36	44	74	74	75	38	39	42	38	44	48	49	68	65	64	58	48	50	68	0	73	74	74	45	60	56	40	41	53	30	31	66	50	45	74	72	47	54	75	33	51	63	35	32	48	32	44	70	76	33	40	73	64	69	50	63	59	32	53	43	50	34	31	61	58	65	48	72	65
63	63	34	72	56	51	42	75	35	46	76	59	32	38	74	57	35	60	32	61	73	56	38	43	67	38	35	67	34	62	54	56	70	31	51	76	67	48	33	52	79	48	71	35	55	71	32	67	53	40	73	0	55	56	73	55	74	57	58	75	54	70	37	69	55	64	35	52	30	58	67	53	76	42	32	37	68	45	54	61	59	31	63	78	51	70	41	37	48	56	43	61	38	64	34	58	46	41	43	50
49	40	43	73	72	58	63	41	52	39	80	38	50	64	34	57	76	53	52	44	72	42	42	38	63	50	39	45	61	66	61	31	74	64	57	41	55	51	40	44	60	50	31	31	53	78	65	77	51	58	74	55	0	71	56	58	42	56	52	76	61	75	80	72	39	60	34	65	49	56	45	61	69	71	56	36	75	54	77	45	33	46	71	74	35	77	48	60	74	67	36	71	61	61	66	56	42	69	31	55
47	61	80	49	60	78	64	41	54	65	70	49	45	64	54	40	63	43	40	48	68	41	58	80	45	36	62	59	31	80	34	42	43	75	35	55	80	39	37	47	56	37	43	53	74	65	59	38	52	48	74	56	71	0	55	55	37	45	72	71	67	51	46	33	51	54	43	59	41	69	63	76	68	59	57	39	65	33	64	47	68	75	66	67	38	47	48	58	48	55	71	73	38	49	77	42	41	60	37	72
49	59	47	58	55	34	59	68	72	77	77	72	41	75	70	44	80	71	74	37	33	37	48	37	71	42	38	49	33	34	65	34	55	71	56	75	58	36	35	45	31	63	58	62	45	71	71	45	44	69	45	73	56	55	0	44	33	73	79	63	60	72	59	78	35	64	74	34	31	41	70	33	68	46	61	73	32	53	39	49	70	74	76	56	70	79	41	51	42	80	50	56	35	51	59	56	76	54	67	72
70	62	45	50	56	42	62	30	73	75	51	67	39	63	68	63	77	40	71	67	60	43	78	71	46	44	75	80	60	31	54	68	60	57	35	43	49	58	70	60	62	30	72	67	58	66	34	37	62	34	60	55	58	55	44	0	59	49	70	50	76	41	39	44	35	50	42	33	39	63	71	40	72	32	46	71	80	61	38	41	45	61	36	40	73	42	74	33	71	68	37	53	46	54	63	55	79	57	61	75
57	67	39	37	62	62	59	64	44	32	52	55	40	43	48	54	46	39	76	61	52	59	72	60	71	63	54	63	42	48	46	51	78	38	60	54	33	72	68	59	30	67	48	56	62	35	62	50	80	46	56	74	42	37	33	59	0	67	41	34	72	61	62	50	41	34	45	64	77	66	58	60	55	43	62	76	75	73	52	72	32	69	73	53	43	53	66	39	41	52	33	74	60	60	61	50	74	35	47	35
33	78	39	52	33	32	39	42	44	58	52	32	74	80	63	44	56	32	30	40	37	59	40	40	32	68	65	72	51	49	67	74	53	67	37	51	38	38	40	35	47	48	44	79	43	78	49	41	35	39	40	57	56	45	73	49	67	0	59	58	42	50	49	60	53	35	69	34	66	73	60	76	68	68	55	67	79	37	41	39	52	40	43	52	68	49	71	34	53	73	51	36	42	33	54	71	49	68	36	71
42	65	63	66	77	42	44	32	75	72	63	79	80	78	58	40	34	72	50	45	68	79	80	69	70	33	59	75	40	72	77	65	79	48	48	30	79	72	31	56	64	67	30	75	64	76	62	33	57	72	41	58	52	72	79	70	41	59	0	56	31	74	42	38	69	30	48	54	48	34	78	78	67	36	48	31	47	42	75	42	79	61	61	62	72	55	49	32	41	77	53	59	71	63	53	46	30	70	62	73
56	56	59	53	66	70	48	76	77	51	51	54	66	69	73	80	51	32	74	61	40	45	44	45	55	73	47	79	48	67	46	45	50	32	70	49	59	71	42	80	73	35	32	49	30	64	61	59	60	71	53	75	76	71	63	50	34	58	56	0	66	66	47	57	57	77	61	74	52	56	60	55	73	42	35	76	48	74	49	35	40	48	65	48	74	54	53	43	52	47	64	56	59	43	78	53	76	71	70	72
60	35	80	49	55	44	31	60	55	34	53	35	61	56	35	50	54	62	55	37	68	63	49	34	51	53	78	47	75	51	67	52	78	67	57	47	53	61	46	77	64	33	48	50	66	62	79	78	55	72	30	54	61	67	60	76	72	42	31	66	0	67	73	33	45	36	79	33	68	31	79	65	67	68	78	70	39	50	79	71	40	67	70	57	41	55	54	38	51	66	59	39	67	66	40	65	67	54	46	73
30	80	80	51	38	50	53	77	42	30	31	51	40	65	53	59	37	60	39	70	33	41	52	65	32	34	37	52	42	45	74	47	60	37	54	73	67	52	61	36	61	61	38	76	47	48	61	35	53	79	31	70	75	51	72	41	61	50	74	66	67	0	77	80	44	49	39	34	42	75	35	44	34	73	66	30	49	62	51	80	35	56	67	41	76	39	71	70	68	55	42	66	48	32	32	53	44	44	34	36
80	41	67	56	68	77	41	58	67	51	63	35	65	42	70	72	48	30	33	75	69	52	57	48	61	46	43	32	35	71	34	50	31	65	46	33	52	43	57	59	33	65	66	41	33	77	55	75	65	30	66	37	80	46	59	39	62	49	42	47	73	77	0	74	70	52	53	69	35	45	75	66	41	51	32	50	51	79	58	36	78	55	78	63	53	72	41	40	63	64	40	78	63	80	42	44	74	53	52	60
69	67	40	75	80	58	54	51	50	55	52	58	42	70	37	38	52	80	66	49	67	47	56	77	49	56	80	35	53	78	46	67	62	51	39	47	70	40	35	37	52	60	66	60	48	32	64	79	68	59	50	69	72	33	78	44	50	60	38	57	33	80	74	0	58	36	37	33	75	65	47	49	36	33	58	48	77	47	61	79	43	62	42	40	39	36	67	40	79	43	66	74	62	64	47	62	77	30	47	71
66	34	48	69	39	42	39	30	51	36	37	79	71	58	72	30	77	46	60	65	73	63	31	67	44	61	51	55	79	44	66	64	31	67	39	46	77	75	40	54	47	31	65	34	44	62	78	33	52	77	45	55	39	51	35	35	41	53	69	57	45	44	70	58	0	63	30	54	46	41	44	78	67	73	32	54	37	80	38	58	79	76	54	74	44	64	39	62	70	33	32	31	76	54	78	74	61	71	34	75
56	65	35	45	43	46	72	52	38	68	47	64	58	48	65	69	56	32	36	73	62	73	53	76	48	65	57	48	66	54	68	69	53	78	68	65	70	37	63	36	57	56	73	80	69	63	62	57	31	41	74	64	60	54	64	50	34	35	30	77	36	49	52	36	63	0	50	54	76	72	46	36	68	55	69	79	78	58	59	43	60	65	54	77	58	74	67	36	66	68	30	39	41	80	61	70	71	45	70	39
78	69	78	34	78	40	40	53	43	72	68	59	35	56	36	54	54	56	68	77	69	47	74	72	74	79	61	39	37	47	39	58	73	46	40	48	67	30	44	48	49	71	67	36	32	60	67	64	30	76	72	35	34	43	74	42	45	69	48	61	79	39	53	37	30	50	0	40	80	59	73	65	39	69	55	41	46	32	34	65	43	39	40	48	39	55	80	65	68	31	43	74	49	35	68	47	42	79	71	37
78	46	51	32	66	51	48	40	38	40	49	57	52	49	36	43	45	80	39	70	35	62	80	49	69	77	33	57	77	79	62	52	50	72	34	36	46	57	39	39	54	61	30	32	55	44	69	54	38	59	47	52	65	59	34	33	64	34	54	74	33	34	69	33	54	54	40	0	36	34	80	52	57	30	63	58	59	49	38	48	30	41	75	58	65	41	69	64	75	61	54	39	41	34	56	55	56	31	40	66
38	47	60	68	54	57	47	54	78	45	42	32	32	71	40	34	73	76	46	58	34	31	30	30	35	75	80	66	64	41	47	57	30	32	47	59	38	38	44	43	79	60	38	30	58	79	35	54	49	66	54	30	49	41	31	39	77	66	48	52	68	42	35	75	46	76	80	36	0	68	35	44	73	43	66	48	76	43	74	75	56	32	58	35	47	55	33	67	80	54	42	74	50	40	76	54	49	42	38	43
38	41	56	53	61	59	34	34	69	70	41	65	38	46	67	40	62	36	69	75	73	71	42	41	48	38	72	79	61	49	41	70	77	55	40	73	60	42	33	46	43	34	64	71	53	55	72	63	64	46	75	58	56	69	41	63	66	73	34	56	31	75	45	65	41	72	59	34	68	0	68	36	77	40	63	34	36	80	69	69	50	73	56	60	53	64	61	49	74	42	80	55	35	51	61	34	57	30	53	56
68	54	77	56	60	72	30	39	78	52	50	35	52	60	32	67	47	72	52	43	57	38	49	62	43	47	42	78	41	75	56	51	59	34	74	41	42	38	70	70	34	73	33	33	46	57	78	56	55	42	33	67	45	63	70	71	58	60	78	60	79	35	75	47	44	46	73	80	35	68	0	78	59	77	67	47	40	34	41	58	80	66	73	69	39	43	54	54	60	63	63	41	57	56	47	38	31	36	66	55
75	43	64	37	34	80	48	61	76	63	31	62	30	30	59	32	34	53	64	72	62	55	54	57	30	70	76	58	62	37	71	72	52	48	79	38	48	47	57	54	37	66	40	39	40	64	60	38	59	73	51	53	61	76	33	40	60	76	78	55	65	44	66	49	78	36	65	52	44	36	78	0	37	49	48	37	62	78	70	79	35	54	42	52	45	36	40	75	75	45	53	42	78	41	52	36	57	34	65	76
38	66	65	72	48	72	37	34	63	30	48	69	75	80	64	57	63	72	38	39	30	60	68	45	30	65	64	78	52	66	77	39	51	34	33	47	30	46	35	66	65	48	34	62	39	42	51	39	65	62	63	76	69	68	68	72	55	68	67	73	67	34	41	36	67	68	39	57	73	77	59	37	0	47	30	75	69	51	39	34	66	72	67	38	54	54	50	37	69	75	65	62	80	48	60	73	78	67	72	73
39	53	42	44	63	58	70	49	32	74	65	37	66	70	44	76	39	30	47	75	77	47	35	52	33	55	65	66	45	52	62	78	67	66	39	34	59	62	35	40	79	59	41	33	46	74	38	80	36	55	35	42	71	59	46	32	43	68	36	42	68	73	51	33	73	55	69	30	43	40	77	49	47	0	44	78	75	61	43	63	47	33	73	49	49	36	35	79	36	74	45	34	47	62	79	53	72	50	62	31
77	65	80	38	61	46	60	51	58	42	77	44	46	69	72	31	33	78	79	33	63	70	30	42	46	57	40	57	68	58	72	79	38	60	73	66	46	63	42	56	74	76	68	56	66	35	66	58	59	77	32	32	56	57	61	46	62	55	48	35	78	66	32	58	32	69	55	63	66	63	67	48	30	44	0	67	65	79	63	72	73	32	64	61	70	41	75	67	75	55	38	73	42	32	41	61	80	34	56	63
36	37	45	31	39	51	68	79	31	51	73	53	32	37	65	40	64	44	76	61	79	45	45	77	36	43	63	62	38	35	54	41	57	45	48	40	70	56	44	78	72	35	49	63	65	49	68	63	77	65	48	37	36	39	73	71	76	67	31	76	70	30	50	48	54	79	41	58	48	34	47	37	75	78	67	0	58	72	40	45	71	52	36	56	56	57	55	77	69	73	75	43	69	59	48	33	66	35	73	32
78	35	54	73	67	42	50	73	63	30	32	48	47	55	63	36	63	62	62	77	40	75	34	55	49	68	35	39	72	78	44	31	68	67	37	42	47	48	61	46	54	78	36	59	70	44	49	38	58	50	32	68	75	65	32	80	75	79	47	48	39	49	51	77	37	78	46	59	76	36	40	62	69	75	65	58	0	40	51	60	50	41	37	65	66	64	76	56	58	78	44	67	63	59	46	69	38	57	40	79
67	65	61	68	35	70	51	44	45	42	50	73	71	70	57	41	80	37	68	34	38	76	74	30	55	47	54	32	43	55	43	64	40	37	60	34	67	59	41	49	52	51	49	53	58	51	69	70	48	59	44	45	54	33	53	61	73	37	42	74	50	62	79	47	80	58	32	49	43	80	34	78	51	61	79	72	40	0	49	70	70	79	64	63	54	56	38	79	67	30	31	75	46	49	50	49	35	69	47	37
72	65	54	69	44	58	74	42	36	73	56	43	53	59	33	67	31	78	57	73	59	36	32	46	78	31	53	78	41	36	34	75	58	49	69	69	53	40	69	74	78	42	76	30	75	51	37	53	66	65	70	54	77	64	39	38	52	41	75	49	79	51	58	61	38	59	34	38	74	69	41	70	39	43	63	40	51	49	0	35	33	68	55	40	64	40	58	32	41	40	48	74	57	40	63	62	30	55	69	68
36	70	50	74	58	55	33	36	73	68	54	56	61	55	79	63	39	62	78	63	55	47	71	36	73	58	60	51	77	51	45	73	80	66	57	72	63	44	49	40	73	66	76	73	37	51	73	54	56	74	76	61	45	47	49	41	72	39	42	35	71	80	36	79	58	43	65	48	75	69	58	79	34	63	72	45	60	70	35	0	58	32	77	67	58	51	51	43	57	61	76	78	36	59	80	77	58	38	58	36
70	75	75	65	44	39	50	54	62	71	77	64	42	50	46	75	53	57	71	65	47	53	71	73	30	64	68	76	79	55	34	58	68	70	54	52	45	78	46	33	50	57	63	60	69	42	52	36	78	42	33	59	33	68	70	45	32	52	79	40	40	35	78	43	79	60	43	30	56	50	80	35	66	47	73	71	50	70	33	58	0	54	53	48	67	70	75	74	53	68	47	49	43	31	73	56	72	77	59	32
62	43	56	59	48	54	71	44	32	61	45	70	32	50	43	52	66	36	33	78	79	72	35	67	75	46	39	35	64	66	76	72	47	48	30	37	57	77	45	52	78	33	69	36	68	38	69	54	62	52	40	31	46	75	74	61	69	40	61	48	67	56	55	62	76	65	39	41	32	73	66	54	72	33	32	52	41	79	68	32	54	0	40	43	67	36	55	34	57	74	73	38	42	71	38	56	39	55	80	74
41	56	79	37	53	35	64	53	58	70	74	30	40	34	33	38	35	51	32	69	40	50	53	48	41	45	70	76	51	46	31	67	80	32	76	46	49	64	63	65	55	74	55	44	52	30	49	50	33	63	73	63	71	66	76	36	73	43	61	65	70	67	78	42	54	54	40	75	58	56	73	42	67	73	64	36	37	64	55	77	53	40	0	63	39	49	71	74	34	75	77	61	71	73	64	47	52	77	53	53
37	43	58	32	45	41	45	36	56	66	42	34	56	51	78	58	37	33	50	37	45	36	31	53	40	40	56	41	54	59	80	32	50	66	60	38	58	35	43	34	35	73	39	68	64	72	32	43	38	76	64	78	74	67	56	40	53	52	62	48	57	41	63	40	74	77	48	58	35	60	69	52	38	49	61	56	65	63	40	67	48	43	63	0	59	62	73	38	53	66	40	38	73	72	46	71	48	43	64	37
38	57	30	63	62	56	50	42	67	30	78	39	65	63	71	40	46	41	69	30	39	41	68	72	73	40	57	50	48	75	35	57	69	78	60	63	53	37	71	56	62	44	62	65	45	37	47	49	66	55	69	51	35	38	70	73	43	68	72	74	41	76	53	39	44	58	39	65	47	53	39	45	54	49	70	56	66	54	64	58	67	67	39	59	0	67	51	73	31	30	73	37	38	59	69	45	43	80	50	37
70	64	42	69	58	66	66	39	63	38	55	59	36	47	71	68	69	56	77	74	46	42	68	60	66	79	64	80	60	78	33	30	51	78	76	68	68	73	63	59	41	60	36	76	49	36	37	55	48	70	50	70	77	47	79	42	53	49	55	54	55	39	72	36	64	74	55	41	55	64	43	36	54	36	41	57	64	56	40	51	70	36	49	62	67	0	33	73	69	65	80	50	59	32	37	64	72	75	54	33
50	65	63	31	55	53	77	64	34	56	76	77	43	46	40	47	36	78	57	53	72	45	72	75	62	62	40	59	75	33	59	60	53	50	34	54	50	31	46	79	63	50	36	45	72	52	58	56	51	43	63	41	48	48	41	74	66	71	49	53	54	71	41	67	39	67	80	69	33	61	54	40	50	35	75	55	76	38	58	51	75	55	71	73	51	33	0	63	71	54	73	66	56	56	68	51	33	32	62	72
36	47	63	42	66	50	61	64	49	58	33	52	66	45	69	33	39	65	74	41	61	32	70	68	35	73	34	46	58	54	57	71	43	61	46	58	44	66	47	56	72	75	31	53	57	38	32	56	34	35	59	37	60	58	51	33	39	34	32	43	38	70	40	40	62	36	65	64	67	49	54	75	37	79	67	77	56	79	32	43	74	34	74	38	73	73	63	0	75	52	47	34	77	71	63	59	48	77	34	53
46	66	58	66	63	60	71	78	38	43	68	68	66	32	33	42	41	39	58	40	50	40	66	42	53	36	76	60	76	80	33	33	78	51	63	31	46	56	52	54	67	44	68	68	65	63	68	30	37	67	32	48	74	48	42	71	41	53	41	52	51	68	63	79	70	66	68	75	80	74	60	75	69	36	75	69	58	67	41	57	53	57	34	53	31	69	71	75	0	37	45	65	65	64	33	76	46	50	78	61
79	75	78	60	40	65	31	73	52	37	46	74	70	75	55	44	39	78	66	32	43	49	77	51	74	64	43	50	40	44	76	73	49	56	35	70	41	61	39	60	60	52	63	38	37	72	48	60	33	78	53	56	67	55	80	68	52	73	77	47	66	55	64	43	33	68	31	61	54	42	63	45	75	74	55	73	78	30	40	61	68	74	75	66	30	65	54	52	37	0	56	64	58	50	47	52	32	46	46	51
69	40	80	69	36	56	75	75	77	71	36	76	65	49	47	66	57	78	80	72	43	53	42	45	57	52	64	37	43	80	59	78	37	40	59	79	32	67	45	63	39	62	33	60	73	32	55	63	50	66	43	43	36	71	50	37	33	51	53	64	59	42	40	66	32	30	43	54	42	80	63	53	65	45	38	75	44	31	48	76	47	73	77	40	73	80	73	47	45	56	0	65	62	80	70	69	68	57	60	34
65	40	50	79	62	60	77	39	34	39	73	62	75	43	59	33	32	52	57	37	61	73	31	73	74	44	61	46	71	62	34	38	48	34	58	57	61	36	74	55	31	75	52	72	51	37	43	77	64	34	50	61	71	73	56	53	74	36	59	56	39	66	78	74	31	39	74	39	74	55	41	42	62	34	73	43	67	75	74	78	49	38	61	38	37	50	66	34	65	64	65	0	44	63	56	78	74	57	72	46
30	53	63	42	71	52	60	42	50	49	34	40	55	46	59	58	49	57	69	62	31	37	46	37	69	30	32	53	35	51	66	43	30	45	45	52	39	73	52	30	47	43	41	62	67	31	50	66	58	53	34	38	61	38	35	46	60	42	71	59	67	48	63	62	76	41	49	41	50	35	57	78	80	47	42	69	63	46	57	36	43	42	71	73	38	59	56	77	65	58	62	44	0	76	58	75	70	74	30	67
48	59	37	70	70	57	58	54	35	54	46	55	34	46	34	57	59	57	30	33	75	50	50	40	69	51	61	79	38	77	58	79	33	47	32	38	35	69	59	64	37	30	38	35	77	38	58	77	49	66	31	64	61	49	51	54	60	33	63	43	66	32	80	64	54	80	35	34	40	51	56	41	48	62	32	59	59	49	40	59	31	71	73	72	59	32	56	71	64	50	80	63	76	0	67	72	36	60	56	30
36	32	67	72	78	73	71	35	59	30	36	74	60	47	67	55	50	63	77	50	58	76	46	54	72	37	35	58	63	62	77	69	54	42	59	62	39	63	34	79	61	72	35	69	30	76	69	78	73	53	61	34	66	77	59	63	61	54	53	78	40	32	42	47	78	61	68	56	76	61	47	52	60	79	41	48	46	50	63	80	73	38	64	46	69	37	68	63	33	47	70	56	58	67	0	47	47	58	65	51
35	37	74	69	57	33	36	34	69	79	68	42	69	46	30	71	48	34	75	51	63	37	42	35	50	48	67	79	63	30	50	55	66	51	71	59	38	59	67	44	45	56	42	62	53	48	54	79	54	41	58	58	56	42	56	55	50	71	46	53	65	53	44	62	74	70	47	55	54	34	38	36	73	53	61	33	69	49	62	77	56	56	47	71	45	64	51	59	76	52	69	78	75	72	47	0	47	32	55	62
78	70	36	40	35	30	49	75	68	66	37	52	75	68	59	41	52	44	48	31	70	64	80	78	54	67	68	51	57	61	76	76	33	77	74	70	58	56	50	43	78	56	39	62	56	57	69	78	30	66	65	46	42	41	76	79	74	49	30	76	67	44	74	77	61	71	42	56	49	57	31	57	78	72	80	66	38	35	30	58	72	39	52	48	43	72	33	48	46	32	68	74	70	36	47	47	0	33	56	75
47	79	79	61	34	47	48	71	77	53	73	76	80	55	54	49	80	80	36	53	35	54	59	76	74	69	51	68	54	40	33	54	77	65	51	79	80	31	53	64	67	67	39	66	61	67	39	78	45	57	48	41	69	60	54	57	35	68	70	71	54	44	53	30	71	45	79	31	42	30	36	34	67	50	34	35	57	69	55	38	77	55	77	43	80	75	32	77	50	46	57	57	74	60	58	32	33	0	61	68
41	40	32	39	75	72	76	38	74	33	32	75	57	59	59	57	47	68	72	59	53	39	60	39	56	38	57	70	73	48	72	52	70	39	36	75	75	62	78	80	52	57	77	46	77	42	41	64	68	57	72	43	31	37	67	61	47	36	62	70	46	34	52	47	34	70	71	40	38	53	66	65	72	62	56	73	40	47	69	58	59	80	53	64	50	54	62	34	78	46	60	72	30	56	65	55	56	61	0	54
65	79	57	59	60	50	32	48	54	75	70	67	43	45	51	71	57	44	61	32	36	37	48	74	46	60	76	47	79	42	62	31	58	56	51	70	53	46	79	31	69	54	72	36	50	70	69	45	47	45	65	50	55	72	72	75	35	71	73	72	73	36	60	71	75	39	37	66	43	56	55	76	73	31	63	32	79	37	68	36	32	74	53	37	37	33	72	53	61	51	34	46	67	30	51	62	75	68	54	0

Initial health value of each distributed equipment: 
(Where columns denote demand points: 1 to 100.)
302.40	205.20	293.53	347.10	265.22	258.07	217.54	149.00	216.05	189.23	352.80	510.23	211.20	279.85	207.11	360.18	180.54	438.90	192.93	199.66	277.14	151.98	217.54	280.86	340.28	267.15	264.00	199.66	278.63	348.88	275.65	260.75	284.59	415.80	178.80	183.27	470.58	504.40	213.07	238.40	229.46	315.59	280.44	187.74	180.25	447.76	232.44	262.24	184.76	244.80	196.68	257.77	253.30	201.15	325.92	442.80	482.65	277.14	366.46	245.21	277.14	366.00	388.50	246.45	286.08	332.86	217.54	159.43	169.86	375.48	214.56	280.12	282.90	196.68	207.11	168.37	273.24	275.65	252.72	360.80	248.83	294.64	166.88	168.37	269.69	244.26	223.50	284.59	174.33	223.50	217.54	263.73	370.08	338.67	265.62	306.00	192.21	286.08	247.34	257.77

Spare parts types of different demand points: 
(where columns denote demand points: 1 to 100.)
6	13	5	3	14	15	4	12	7	14	2	4	4	4	3	2	7	14	9	6	8	12	9	8	2	13	2	2	9	7	2	13	15	6	5	2	14	2	6	9	8	6	1	5	2	1	4	13	1	11	2	6	2	12	13	8	1	3	4	12	12	4	2	7	14	7	10	12	9	15	1	7	3	2	15	4	8	14	5	2	13	8	7	12	15	5	14	15	15	11	2	12	3	1	10	12	2	14	4	3

inventory management cost per unit time of different types of orders: 
(where columns denote types of orders: 1 to 15.)
2.6	1.5	2.2	1	2.1	2.5	1.3	1.6	1.8	2.9	2.5	2.7	2.1	1.9	1.1

Maintenance cost per unit time of different worker: 
(Where rows denote strategy: 1 to 3,and columns denote available worker of each strategy: 1 to 3.)
3.5	4	3.7
4.4	3.1	4.3
3.4	4.1	4.9

The weight of tardiness cost of different demand points: 
(where columns denote demand points: 1 to 100.)
3.4	4.7	3.2	4.8	4.3	3.1	4	4.9	3.3	4	3.7	5.4	4.5	3.8	5.2	5.9	3.8	4.1	4.7	4.5	4.5	5.3	5.2	5.2	5.8	3.6	5.9	5	5.6	5.6	4.8	4.2	5.3	5.1	4.1	3.4	5.5	3.3	3.2	4.5	5.3	3.3	3.1	4.7	5.7	4.8	3.4	5.3	3.4	5.9	4.3	3.6	4	4.3	3.9	5.7	5.8	5.5	3.1	3.5	5.4	3.3	5.9	3.8	3.5	3.9	4	3.1	5.1	5	3.4	5	3.3	4.7	4.3	5.4	4	4.3	4.7	3.9	4.2	5.6	4.1	4.1	4.3	4.5	5.2	3	3.8	4.3	3.5	6	5.6	3.5	3.9	4.3	5.7	4.9	3.4	5

The waste of old spare part per unit time of each distributed equipment: 
(where columns denote demand points: 1 to 100.)
7.1	5.9	6.6	5.1	6	7	6.1	6.2	6.7	5.1	7.1	7.9	7.7	7.5	5.9	5	6.6	7.2	5.8	7.7	7.2	5.4	5.7	6.1	5.7	6.6	7	5.9	7.6	7.3	5.4	6	5.1	5.7	6.7	5	6.2	6.6	7.7	5.6	6.3	6.5	7.5	6.9	6.1	5.7	5.8	6.5	7.4	8	6.1	7.6	5.3	6.6	6	6.1	7.8	5.7	5.2	6.1	7	6	6.8	6.2	5.9	7.4	6	7.3	7.1	5.5	5.1	6.5	5.4	6.8	7.5	5.6	6.2	7	7.6	5.7	6.1	6.3	5.8	7	5.1	5.8	6	6.7	5.3	6.2	6.4	6.2	6.1	5.1	6.2	7.1	7.8	7	7.3	7.9

shutdown cost per unit time of each distributed equipment: 
(where columns denote demand points: 1 to 100.)
22.2	20.9	21.5	22.3	24	24.9	20.5	20.1	23.2	24.8	20.1	23	20.8	20.9	22.4	20.2	21.8	21.9	23.5	23.5	23.1	22.8	22.2	21.9	24.2	23.2	21.2	22	23.6	20	23.4	23.1	21.7	22.2	24.2	22.2	24.7	24.2	23.7	24.4	23	21.6	20.3	23.1	20.3	21.7	20.3	21.7	20.7	22.3	22.4	24.7	22.8	22.8	22.7	23.7	20.6	20	21.7	23.6	22.4	22.2	22.3	21.5	20.9	21.6	22.8	22.7	20.7	21.7	21.4	24.9	23.8	21.6	22.9	20.1	21	20.7	23.7	20.3	24.2	22.6	24.8	23.6	20.8	22.8	23.9	20	23.4	21.7	24.5	24.5	23.1	24.2	20.2	24.3	20.2	24.5	21	20.1

Deterioration rate of each piece of equipment:
(Where columns denote distributed equipment: 1 to 100.)
1.68	1.2	1.97	1.95	1.78	1.31	1.46	1	1.45	1.27	1.96	1.97	1.32	1.45	1.39	1.38	1.18	1.9	1.09	1.34	1.86	1.02	1.46	1.51	1.81	1.37	1.76	1.34	1.87	1.96	1.85	1.75	1.91	1.89	1.2	1.23	1.86	1.94	1.43	1.6	1.54	1.51	1.71	1.26	1.03	1.93	1.56	1.76	1.24	1.44	1.32	1.73	1.7	1.35	1.68	1.8	1.97	1.86	1.46	1.13	1.86	1.83	1.75	1.55	1.92	1.78	1.46	1.07	1.14	1.49	1.44	1.88	1.38	1.32	1.39	1.13	1.32	1.85	1.62	1.76	1.67	1.16	1.12	1.13	1.81	1.38	1.5	1.91	1.17	1.5	1.46	1.77	1.44	1.59	1.14	1.53	1.29	1.92	1.66	1.49

The processing time of different types of spare parts: 
(Where rows denote machines: 1 to 5,and columns denote types: 1 to 15.)
26	28	15	10	14	23	10	27	15	19	22	19	24	22	25
25	21	29	15	14	18	16	19	21	20	15	18	19	13	21
16	19	18	12	28	23	18	20	11	14	28	12	15	19	22
15	29	13	16	13	15	11	24	13	11	24	24	24	29	17
27	15	28	19	13	24	11	29	17	15	26	14	22	16	10

The maintenance time of different workers: 
(Where rows denote strategy: 1 to 3,and columns denote available worker of each strategy: 1 to 3.)
39	37	46
37	46	40
43	31	30

Repair degree of different strategies: 
(Where rows denote strategy: 1 to 33.)
0.66	0.53	0.66

Quantity of spare parts of each type reserved in each warehouse: 
(where rows denote warehouses£º1 to 10,and columns denote types£º1 to 15.)
9
1
4	6	9	14
1	2	1	1
1	2	13
1	2	1
14	15
1	2
6	7	10	11	15
1	1	2	1	1

Initial due date of each order: 
(Where columns denote order: 1 to 100.)
180	171	149	178	149	197	149	149	149	149	180	259	160	193	149	261	153	231	177	149	149	149	149	186	188	195	150	149	149	178	149	149	149	220	149	149	253	260	149	149	149	209	164	149	175	232	149	149	149	170	149	149	149	149	194	246	245	149	251	217	149	200	222	159	149	187	149	149	149	252	149	149	205	149	149	149	207	149	156	205	149	254	149	149	149	177	149	149	149	149	149	149	257	213	233	200	149	149	149	173

Maintenance starting time window of each piece of equipment: 
(Where rows denote Lower and Upper bounds of Maintenance starting time window: 1 to 2,and columns denote distributed equipment: 1 to 100.)
126	119.7	104.3	124.6	104.3	137.9	104.3	104.3	104.3	104.3	126	181.3	112	135.1	104.3	182.7	107.1	161.7	123.9	104.3	104.3	104.3	104.3	130.2	131.6	136.5	105	104.3	104.3	124.6	104.3	104.3	104.3	154	104.3	104.3	177.1	182	104.3	104.3	104.3	146.3	114.8	104.3	122.5	162.4	104.3	104.3	104.3	119	104.3	104.3	104.3	104.3	135.8	172.2	171.5	104.3	175.7	151.9	104.3	140	155.4	111.3	104.3	130.9	104.3	104.3	104.3	176.4	104.3	104.3	143.5	104.3	104.3	104.3	144.9	104.3	109.2	143.5	104.3	177.8	104.3	104.3	104.3	123.9	104.3	104.3	104.3	104.3	104.3	104.3	179.9	149.1	163.1	140	104.3	104.3	104.3	121.1
162	153.9	134.1	160.2	134.1	177.3	134.1	134.1	134.1	134.1	162	233.1	144	173.7	134.1	234.9	137.7	207.9	159.3	134.1	134.1	134.1	134.1	167.4	169.2	175.5	135	134.1	134.1	160.2	134.1	134.1	134.1	198	134.1	134.1	227.7	234	134.1	134.1	134.1	188.1	147.6	134.1	157.5	208.8	134.1	134.1	134.1	153	134.1	134.1	134.1	134.1	174.6	221.4	220.5	134.1	225.9	195.3	134.1	180	199.8	143.1	134.1	168.3	134.1	134.1	134.1	226.8	134.1	134.1	184.5	134.1	134.1	134.1	186.3	134.1	140.4	184.5	134.1	228.6	134.1	134.1	134.1	159.3	134.1	134.1	134.1	134.1	134.1	134.1	231.3	191.7	209.7	180	134.1	134.1	134.1	155.7

