Number of orders: 
100

Number of factories\warehouses: 
5

Number of machines per factory: 
5

Number of types of spare parts: 
15

Number of maintenance strategies: 
4

Number of available workers per strategy: 
3

Transportation cost per unit time: 
3

Transprotation time between factories/warehouses and demand points: 
(Where rows denote factories: 1 to 5 ,and columns denote demand points: 1 to 100.)
120	139	58	99	135	33	118	127	84	51	47	148	130	48	123	32	109	135	119	121	98	95	106	44	65	102	102	117	84	137	33	73	123	81	85	37	111	94	131	103	67	129	104	111	55	42	112	130	98	101	145	112	45	107	103	135	40	39	54	99	145	65	30	58	92	108	119	105	136	61	82	37	31	124	30	105	137	116	57	89	82	103	116	115	127	126	55	57	101	107	126	82	148	147	137	57	64	63	48	98
130	105	40	40	103	76	143	107	35	59	69	130	105	101	79	102	145	50	52	31	54	101	131	74	32	101	137	65	104	48	34	147	79	114	112	102	139	102	144	67	77	98	39	103	79	54	140	149	47	84	100	137	127	51	30	71	105	85	132	40	76	76	90	53	130	46	40	120	65	108	116	121	70	77	43	140	48	134	66	77	81	127	82	98	71	35	98	148	62	51	58	70	58	41	102	55	112	46	45	83
73	51	30	43	105	32	133	39	33	101	47	109	145	92	116	108	121	58	140	75	84	40	34	67	79	60	52	136	46	122	93	93	114	71	74	128	147	105	73	98	124	69	93	93	140	135	115	59	50	65	51	94	103	126	116	82	41	48	90	110	124	108	110	98	66	53	90	59	82	41	113	80	62	139	72	66	71	64	72	79	104	135	59	119	146	78	99	39	124	84	133	103	31	66	149	59	75	36	45	64
89	144	131	79	107	97	43	56	44	33	124	83	115	57	42	147	125	35	113	83	117	52	49	74	55	140	42	97	134	36	82	134	100	128	42	45	127	72	57	108	95	72	75	140	61	55	74	42	145	61	114	149	122	64	125	59	113	140	77	124	71	45	48	130	34	62	111	124	140	86	133	95	45	94	123	62	122	117	120	83	136	67	135	114	68	100	132	123	104	114	123	66	93	143	139	88	115	129	75	148
105	105	38	78	50	31	99	37	123	78	54	44	46	125	76	78	43	147	115	49	62	30	38	86	115	39	94	64	79	98	45	142	82	149	62	66	58	76	61	141	114	45	115	117	65	44	149	88	76	60	100	40	124	111	71	105	59	49	35	55	98	126	42	65	96	101	69	97	68	120	118	81	56	149	112	67	128	88	104	89	100	129	84	141	76	115	105	121	113	92	112	96	30	147	136	48	137	109	149	65

Tranfer time of each worker between two different demand points: 
(Where rows and columns both denote demands points: 1 to 100.)
0	75	66	42	41	50	78	78	32	32	56	78	39	77	55	51	34	32	78	52	71	64	42	51	52	42	57	44	56	68	51	43	39	52	69	79	49	49	38	61	69	66	67	48	72	44	58	76	38	39	55	45	60	52	44	50	50	58	35	69	64	76	75	45	32	72	51	40	52	56	36	31	49	42	74	38	78	75	77	33	49	34	58	41	60	59	49	59	35	38	48	73	47	59	78	63	56	32	69	34
75	0	79	78	51	80	48	77	66	67	62	44	48	56	35	50	51	76	34	65	46	31	40	65	31	62	42	69	37	40	44	51	65	65	56	61	70	64	69	31	67	71	71	56	54	65	51	57	52	41	72	55	59	78	32	78	49	31	35	52	43	60	69	59	31	39	61	78	54	35	78	46	55	36	69	72	35	76	55	66	68	70	49	33	47	30	43	42	39	80	56	61	78	79	50	50	78	56	42	71
66	79	0	57	34	48	33	80	38	43	57	59	42	68	36	73	62	73	52	73	52	71	44	67	67	75	80	64	33	45	66	67	41	36	68	67	69	45	33	65	65	48	55	46	32	38	32	37	67	69	60	55	58	42	43	56	74	75	55	67	67	34	41	65	55	37	80	57	35	45	38	78	59	55	79	36	32	49	50	56	51	67	64	31	50	80	78	41	43	77	61	36	66	43	57	57	76	47	57	53
42	78	57	0	57	67	78	56	47	50	79	67	67	78	72	43	72	31	50	59	62	58	76	32	59	42	31	52	37	62	52	47	71	42	68	35	46	71	37	31	60	44	64	64	32	49	33	30	70	49	52	54	47	43	40	71	35	70	72	48	39	60	45	44	38	70	71	64	57	63	30	40	56	57	74	52	79	80	50	51	71	62	49	56	57	66	52	68	73	79	76	33	57	38	68	31	32	72	59	44
41	51	34	57	0	32	62	67	74	63	47	73	79	45	70	37	59	65	43	56	58	77	47	40	37	52	31	62	61	57	72	46	50	69	62	67	56	32	70	34	50	46	66	36	49	45	33	68	45	30	54	62	71	64	50	55	73	52	55	31	68	42	60	41	55	47	41	34	76	70	60	72	51	33	76	55	53	69	55	71	30	66	47	34	58	32	75	34	47	70	51	36	52	32	62	37	42	63	44	68
50	80	48	67	32	0	37	59	71	49	33	42	74	76	39	77	44	64	57	73	57	37	51	73	65	74	63	78	42	64	49	59	31	33	51	66	38	62	75	31	60	48	43	75	42	30	41	37	59	62	63	76	37	61	61	52	72	76	59	36	56	45	44	63	44	74	58	75	56	68	62	47	58	72	78	42	36	37	31	30	42	69	39	80	72	62	56	75	34	35	74	57	38	41	53	52	49	37	33	38
78	48	33	78	62	37	0	66	41	78	47	42	55	79	38	56	56	45	59	73	75	58	47	66	52	52	41	32	73	77	47	43	37	78	58	66	65	63	45	43	60	52	31	33	80	69	63	42	39	74	72	40	68	65	30	77	70	62	61	75	47	61	71	36	67	78	50	51	65	32	67	39	61	77	49	33	74	49	75	78	32	71	36	69	51	46	53	61	71	64	52	70	72	50	75	33	47	43	62	41
78	77	80	56	67	59	66	0	31	60	50	72	30	60	40	61	67	56	33	51	61	77	44	64	69	77	68	33	30	59	31	54	34	77	39	35	63	33	59	35	34	54	65	62	39	44	42	47	77	65	71	54	32	72	37	63	32	32	50	60	59	72	49	63	34	79	45	71	60	63	56	38	33	56	45	76	59	52	50	66	79	40	71	59	47	56	35	41	53	74	36	32	38	66	68	49	49	57	74	46
32	66	38	47	74	71	41	31	0	36	71	75	66	76	41	54	51	48	32	51	54	34	73	59	46	36	59	38	64	44	63	66	51	60	56	72	52	31	55	43	53	73	73	58	55	42	40	48	49	50	65	75	34	75	65	65	74	33	60	31	73	40	63	60	71	55	78	75	72	33	30	65	76	55	79	41	77	69	80	60	80	76	73	58	50	46	52	31	72	61	39	53	67	65	69	54	30	54	65	77
32	67	43	50	63	49	78	60	36	0	36	44	58	54	58	42	72	76	30	71	53	45	43	65	31	65	41	66	65	38	50	73	80	42	79	53	54	35	44	78	33	66	59	34	39	74	31	49	36	64	71	50	45	35	69	68	65	50	71	80	69	35	38	77	30	43	35	73	52	69	67	65	50	65	61	59	37	77	48	40	75	41	32	52	43	39	59	37	77	76	34	45	37	56	72	41	76	60	75	30
56	62	57	79	47	33	47	50	71	36	0	37	64	30	49	44	33	79	35	51	35	34	35	50	74	58	64	49	63	74	39	44	53	60	74	77	55	44	63	49	32	53	57	34	61	61	74	46	55	41	44	72	38	30	63	30	34	73	34	58	30	46	47	59	40	73	62	69	55	34	41	78	44	31	38	36	66	47	37	66	58	60	58	37	72	38	51	69	32	62	49	38	41	71	61	75	77	69	48	48
78	44	59	67	73	42	42	72	75	44	37	0	75	77	55	73	53	54	33	64	55	38	67	65	61	38	60	60	74	70	65	66	53	45	39	72	66	60	80	68	50	79	31	44	51	52	76	73	57	46	68	68	39	36	70	65	74	42	40	57	55	66	50	66	53	56	69	30	41	31	48	69	57	58	38	39	67	63	78	42	40	54	58	40	79	70	52	50	77	46	72	63	67	70	69	78	73	79	71	71
39	48	42	67	79	74	55	30	66	58	64	75	0	37	78	34	76	48	35	33	32	58	46	57	37	59	40	74	74	35	43	78	65	73	40	51	69	52	61	37	68	69	78	71	31	38	70	61	74	78	39	78	53	66	61	47	77	60	30	64	68	58	72	42	72	61	51	56	79	47	76	44	67	57	34	62	60	46	75	75	37	74	67	43	44	37	58	30	71	42	72	75	37	67	39	56	66	49	60	70
77	56	68	78	45	76	79	60	76	54	30	77	37	0	52	72	71	58	50	42	31	71	42	55	32	35	60	55	59	74	41	35	34	57	74	63	41	43	77	62	44	74	47	34	60	54	76	70	47	60	68	60	67	43	45	34	44	49	72	72	46	31	75	69	75	57	70	73	66	54	51	73	37	48	52	61	73	41	36	80	72	63	63	70	39	79	44	32	30	42	80	57	57	80	66	43	37	36	42	76
55	35	36	72	70	39	38	40	41	58	49	55	78	52	0	79	75	61	57	41	64	78	70	48	31	58	74	59	59	66	65	43	64	58	76	33	63	47	55	55	58	71	68	31	55	61	73	71	50	55	69	37	60	69	38	38	64	66	63	80	32	79	78	50	52	37	70	46	69	37	58	40	76	75	33	74	58	50	32	52	52	61	76	64	49	36	61	77	50	54	68	43	42	34	30	32	79	60	38	65
51	50	73	43	37	77	56	61	54	42	44	73	34	72	79	0	72	78	60	42	74	63	62	78	67	43	48	62	56	42	71	32	38	80	49	48	61	41	77	41	41	47	37	58	53	67	59	66	46	43	35	30	57	72	56	57	32	57	68	71	55	64	30	45	56	47	39	74	30	46	40	56	42	72	77	38	51	78	33	66	42	37	68	63	69	59	64	50	60	41	63	50	54	78	56	76	78	73	32	78
34	51	62	72	59	44	56	67	51	72	33	53	76	71	75	72	0	80	48	32	76	37	43	79	37	36	34	55	69	38	73	47	59	80	42	66	66	54	39	55	77	54	53	59	72	48	75	72	78	60	62	78	72	53	39	45	44	70	42	55	50	42	61	80	48	45	45	35	78	36	62	62	73	33	67	53	74	49	35	63	67	60	46	76	47	71	78	75	39	39	31	64	70	57	32	68	58	54	48	50
32	76	73	31	65	64	45	56	48	76	79	54	48	58	61	78	80	0	78	40	54	32	66	80	48	48	73	33	71	46	52	75	52	74	40	52	31	50	35	31	74	30	63	34	43	34	31	40	45	72	54	63	33	51	44	76	39	32	51	34	50	64	63	36	34	42	36	73	38	73	70	68	54	72	73	62	72	34	60	34	66	77	59	37	58	53	79	42	67	36	71	58	66	51	44	33	39	72	39	64
78	34	52	50	43	57	59	33	32	30	35	33	35	50	57	60	48	78	0	51	31	79	72	52	64	64	78	74	63	42	46	68	52	61	37	55	40	58	63	42	60	36	48	77	70	79	64	61	32	80	60	40	69	48	59	61	58	49	52	64	36	47	44	40	46	74	44	43	58	72	80	32	33	41	74	64	40	66	30	54	65	59	69	72	47	79	78	77	59	69	39	68	51	67	66	52	72	54	79	32
52	65	73	59	56	73	73	51	51	71	51	64	33	42	41	42	32	40	51	0	71	38	42	69	63	51	31	68	53	38	30	47	32	55	68	49	48	71	36	46	43	69	48	62	41	73	30	72	70	71	41	71	64	72	53	72	51	41	33	45	58	38	46	36	38	47	52	64	59	30	77	77	57	62	39	61	74	61	68	68	54	68	62	34	48	33	58	36	61	68	69	36	46	42	48	80	53	52	68	37
71	46	52	62	58	57	75	61	54	53	35	55	32	31	64	74	76	54	31	71	0	52	34	79	40	43	69	32	64	49	45	36	48	37	55	58	56	80	34	48	44	32	64	75	36	72	46	70	54	66	73	70	49	63	72	59	43	54	56	66	47	45	79	35	72	74	56	41	80	67	74	44	37	72	30	41	77	64	43	68	50	47	41	54	31	53	43	50	63	52	59	63	33	65	62	47	74	54	68	65
64	31	71	58	77	37	58	77	34	45	34	38	58	71	78	63	37	32	79	38	52	0	36	45	49	55	51	56	66	44	76	30	66	65	80	72	59	41	63	32	65	58	62	44	42	70	38	45	50	50	47	52	60	49	75	37	40	71	54	46	55	39	39	47	34	64	34	56	32	70	66	69	42	64	64	78	73	46	42	74	37	58	31	33	50	43	46	52	79	73	57	45	60	30	37	33	71	50	43	48
42	40	44	76	47	51	47	44	73	43	35	67	46	42	70	62	43	66	72	42	34	36	0	76	75	36	63	71	78	52	54	55	72	63	68	48	68	77	46	65	78	65	63	64	46	63	60	64	46	31	39	39	63	45	67	42	68	36	47	60	73	53	58	51	32	80	72	47	61	55	35	50	38	40	59	30	67	39	48	48	70	34	63	63	61	32	78	32	44	63	67	58	30	50	53	56	51	68	54	47
51	65	67	32	40	73	66	64	59	65	50	65	57	55	48	78	79	80	52	69	79	45	76	0	67	47	51	34	64	34	71	66	30	37	55	61	51	57	43	57	61	41	44	41	31	68	51	67	35	47	31	43	79	44	57	66	68	66	67	37	48	63	77	49	48	60	35	77	52	56	32	67	74	33	48	53	59	61	50	70	65	40	60	66	68	79	55	65	48	49	76	49	73	78	68	72	78	47	44	39
52	31	67	59	37	65	52	69	46	31	74	61	37	32	31	67	37	48	64	63	40	49	75	67	0	36	46	42	40	45	59	70	37	51	79	50	35	73	65	55	42	60	51	50	40	59	65	34	58	49	44	78	52	40	68	80	63	66	51	43	55	44	52	46	54	44	40	54	38	36	65	73	39	51	48	41	78	60	37	42	48	74	46	50	41	78	76	67	46	77	40	46	78	79	67	79	46	45	64	70
42	62	75	42	52	74	52	77	36	65	58	38	59	35	58	43	36	48	64	51	43	55	36	47	36	0	44	77	52	35	38	33	57	51	78	39	51	68	71	47	46	79	65	75	53	54	47	61	73	39	36	54	62	60	56	38	71	51	42	49	74	50	46	64	59	69	80	43	30	71	59	54	40	30	66	60	71	38	76	37	66	57	79	30	52	43	67	70	55	73	39	80	80	64	72	49	60	64	52	70
57	42	80	31	31	63	41	68	59	41	64	60	40	60	74	48	34	73	78	31	69	51	63	51	46	44	0	62	73	50	49	62	54	31	54	70	74	46	33	63	64	80	30	50	30	60	47	32	72	78	70	30	79	69	80	52	41	40	46	41	68	51	79	58	46	49	48	59	39	63	39	60	61	35	75	36	75	73	74	41	77	54	45	66	36	53	59	77	70	52	48	42	65	67	50	37	36	33	42	47
44	69	64	52	62	78	32	33	38	66	49	60	74	55	59	62	55	33	74	68	32	56	71	34	42	77	62	0	76	33	72	47	78	36	67	49	74	33	38	39	78	39	77	49	61	63	75	59	47	37	37	78	64	76	30	54	76	80	76	44	72	37	55	30	72	44	58	32	80	40	79	58	46	58	38	72	36	30	73	79	53	40	71	41	72	71	64	57	70	52	45	64	54	68	53	48	47	50	50	30
56	37	33	37	61	42	73	30	64	65	63	74	74	59	59	56	69	71	63	53	64	66	78	64	40	52	73	76	0	68	44	72	38	57	62	79	53	39	32	52	34	33	54	61	71	44	48	46	56	41	38	49	73	72	37	65	43	41	48	31	53	69	77	31	65	47	33	47	72	61	67	31	47	57	78	53	72	50	72	40	36	54	40	38	53	77	38	36	41	70	68	63	69	61	56	49	52	72	75	53
68	40	45	62	57	64	77	59	44	38	74	70	35	74	66	42	38	46	42	38	49	44	52	34	45	35	50	33	68	0	80	44	34	54	31	33	32	68	38	47	48	60	47	36	46	80	35	41	71	74	40	34	77	67	37	30	77	44	43	42	76	31	77	52	43	34	48	55	78	45	72	44	66	79	43	37	79	54	69	70	62	64	78	44	36	46	63	78	36	59	38	51	44	33	55	36	57	30	36	77
51	44	66	52	72	49	47	31	63	50	39	65	43	41	65	71	73	52	46	30	45	76	54	71	59	38	49	72	44	80	0	41	71	59	75	31	51	67	76	30	71	35	35	78	43	58	59	36	69	69	30	35	40	47	64	65	65	60	46	79	39	48	77	79	49	53	54	58	66	47	56	35	41	58	40	46	45	52	48	51	49	58	60	50	70	75	67	60	53	77	63	80	63	42	75	74	30	73	51	44
43	51	67	47	46	59	43	54	66	73	44	66	78	35	43	32	47	75	68	47	36	30	55	66	70	33	62	47	72	44	41	0	37	51	56	71	58	76	48	60	48	57	47	34	65	75	56	75	80	71	59	43	37	61	55	64	71	67	43	66	35	47	39	45	57	52	60	58	78	36	62	70	43	77	58	53	53	44	47	61	62	68	50	62	71	33	73	50	76	51	78	63	45	42	58	72	47	48	35	76
39	65	41	71	50	31	37	34	51	80	53	53	65	34	64	38	59	52	52	32	48	66	72	30	37	57	54	78	38	34	71	37	0	34	30	77	30	60	50	67	73	43	36	67	49	64	36	69	79	69	62	69	48	67	53	37	54	75	68	39	31	73	63	39	41	59	77	60	56	33	39	64	68	54	78	72	51	50	79	51	61	39	31	48	67	71	73	66	69	70	62	45	69	48	33	68	75	64	75	74
52	65	36	42	69	33	78	77	60	42	60	45	73	57	58	80	80	74	61	55	37	65	63	37	51	51	31	36	57	54	59	51	34	0	33	58	55	78	61	44	38	34	61	60	43	54	73	36	73	45	64	42	79	61	48	60	57	54	60	32	73	60	74	78	30	71	74	39	72	32	48	57	46	47	50	40	35	35	49	40	79	71	66	31	36	72	61	34	73	62	50	32	68	60	75	48	38	70	71	66
69	56	68	68	62	51	58	39	56	79	74	39	40	74	76	49	42	40	37	68	55	80	68	55	79	78	54	67	62	31	75	56	30	33	0	35	71	51	69	61	80	57	50	61	76	78	49	67	51	75	46	38	69	50	34	73	46	61	70	45	63	30	54	60	47	50	76	67	55	41	41	68	58	38	36	36	46	72	72	71	64	48	78	58	33	73	70	55	54	76	59	72	51	35	33	64	33	46	80	62
79	61	67	35	67	66	66	35	72	53	77	72	51	63	33	48	66	52	55	49	58	72	48	61	50	39	70	49	79	33	31	71	77	58	35	0	55	77	75	79	72	50	59	64	50	62	53	67	79	50	31	72	57	49	31	50	31	76	31	72	42	79	40	57	53	75	35	37	49	73	61	41	79	39	42	38	48	54	72	49	43	74	41	57	47	56	61	64	54	71	67	46	42	68	67	76	61	36	38	34
49	70	69	46	56	38	65	63	52	54	55	66	69	41	63	61	66	31	40	48	56	59	68	51	35	51	74	74	53	32	51	58	30	55	71	55	0	30	69	31	75	60	76	80	41	34	60	66	50	67	33	66	50	37	60	65	65	55	79	39	44	49	32	37	65	62	51	63	44	79	48	35	30	53	52	72	32	55	45	44	54	39	33	38	77	71	44	56	56	65	75	77	35	78	32	73	65	33	56	59
49	64	45	71	32	62	63	33	31	35	44	60	52	43	47	41	54	50	58	71	80	41	77	57	73	68	46	33	39	68	67	76	60	78	51	77	30	0	47	71	58	33	40	58	65	41	38	75	77	42	36	48	80	50	69	69	43	39	68	45	52	69	47	77	65	63	31	35	56	46	31	47	72	48	53	67	46	64	49	51	54	62	37	30	37	60	35	59	64	58	45	72	76	36	60	34	59	46	49	57
38	69	33	37	70	75	45	59	55	44	63	80	61	77	55	77	39	35	63	36	34	63	46	43	65	71	33	38	32	38	76	48	50	61	69	75	69	47	0	67	30	35	43	37	70	56	39	31	79	55	40	72	49	38	52	62	31	68	63	48	41	56	43	45	78	41	38	78	67	42	46	47	71	77	76	33	68	60	80	41	71	33	68	43	39	56	64	65	32	42	76	42	80	59	79	56	44	32	58	72
61	31	65	31	34	31	43	35	43	78	49	68	37	62	55	41	55	31	42	46	48	32	65	57	55	47	63	39	52	47	30	60	67	44	61	79	31	71	67	0	48	31	62	73	62	67	80	30	52	59	55	77	36	30	66	40	68	60	36	56	42	76	31	68	63	42	44	64	69	77	34	73	55	67	75	55	31	41	40	78	44	74	53	48	72	36	67	37	67	46	38	45	61	39	68	31	45	30	70	62
69	67	65	60	50	60	60	34	53	33	32	50	68	44	58	41	77	74	60	43	44	65	78	61	42	46	64	78	34	48	71	48	73	38	80	72	75	58	30	48	0	78	58	37	59	63	76	43	50	72	53	56	44	48	42	79	64	32	31	65	49	38	33	34	52	38	43	42	39	52	45	63	61	61	49	73	71	51	33	50	36	45	44	34	41	33	50	40	33	48	62	37	39	40	46	40	40	60	35	66
66	71	48	44	46	48	52	54	73	66	53	79	69	74	71	47	54	30	36	69	32	58	65	41	60	79	80	39	33	60	35	57	43	34	57	50	60	33	35	31	78	0	44	57	62	36	67	71	66	78	52	67	43	53	58	51	46	58	30	68	47	73	68	73	46	48	73	71	63	77	30	73	65	52	55	67	60	59	40	56	37	33	55	51	36	65	55	74	75	62	70	32	39	56	63	58	62	70	77	31
67	71	55	64	66	43	31	65	73	59	57	31	78	47	68	37	53	63	48	48	64	62	63	44	51	65	30	77	54	47	35	47	36	61	50	59	76	40	43	62	58	44	0	67	38	33	41	47	75	37	65	75	50	78	56	78	59	61	55	46	51	61	77	36	66	40	76	42	70	40	78	79	34	53	30	53	57	50	59	66	30	59	57	47	40	76	56	79	31	70	70	65	47	33	70	49	40	74	70	54
48	56	46	64	36	75	33	62	58	34	34	44	71	34	31	58	59	34	77	62	75	44	64	41	50	75	50	49	61	36	78	34	67	60	61	64	80	58	37	73	37	57	67	0	50	61	67	32	69	69	34	43	80	78	67	44	59	79	42	52	79	32	30	52	78	32	73	34	67	80	40	44	68	63	37	80	56	72	55	30	54	51	80	74	50	52	72	65	51	64	36	65	46	41	43	51	47	45	37	50
72	54	32	32	49	42	80	39	55	39	61	51	31	60	55	53	72	43	70	41	36	42	46	31	40	53	30	61	71	46	43	65	49	43	76	50	41	65	70	62	59	62	38	50	0	58	30	39	31	45	58	35	54	60	67	53	58	48	61	80	39	47	34	37	40	71	74	51	74	59	74	55	57	66	68	35	71	39	61	53	56	46	40	55	72	72	70	36	31	54	72	57	37	35	53	32	78	45	36	40
44	65	38	49	45	30	69	44	42	74	61	52	38	54	61	67	48	34	79	73	72	70	63	68	59	54	60	63	44	80	58	75	64	54	78	62	34	41	56	67	63	36	33	61	58	0	38	71	79	34	68	60	51	51	60	79	73	69	47	44	59	56	50	75	64	56	79	49	41	53	41	59	50	34	37	67	77	56	54	30	75	37	30	48	35	44	77	31	36	45	59	78	37	62	30	65	72	31	33	79
58	51	32	33	33	41	63	42	40	31	74	76	70	76	73	59	75	31	64	30	46	38	60	51	65	47	47	75	48	35	59	56	36	73	49	53	60	38	39	80	76	67	41	67	30	38	0	61	52	73	73	53	59	63	60	79	68	32	69	54	79	80	36	63	56	65	52	37	30	41	44	34	46	42	53	72	60	50	67	43	63	73	50	77	44	80	76	60	70	42	30	74	49	54	80	69	54	63	64	53
76	57	37	30	68	37	42	47	48	49	46	73	61	70	71	66	72	40	61	72	70	45	64	67	34	61	32	59	46	41	36	75	69	36	67	67	66	75	31	30	43	71	47	32	39	71	61	0	65	80	62	56	38	58	80	47	47	63	39	75	64	55	33	48	48	53	39	60	53	72	41	47	58	42	38	45	35	35	56	77	31	70	42	66	50	58	64	35	58	63	61	65	44	44	62	56	71	39	59	73
38	52	67	70	45	59	39	77	49	36	55	57	74	47	50	46	78	45	32	70	54	50	46	35	58	73	72	47	56	71	69	80	79	73	51	79	50	77	79	52	50	66	75	69	31	79	52	65	0	30	69	78	53	59	51	42	66	46	45	35	45	61	44	52	45	51	60	62	66	37	71	35	43	53	66	53	67	76	36	46	52	34	55	52	30	61	48	35	74	66	55	71	48	35	58	41	38	35	60	65
39	41	69	49	30	62	74	65	50	64	41	46	78	60	55	43	60	72	80	71	66	50	31	47	49	39	78	37	41	74	69	71	69	45	75	50	67	42	55	59	72	78	37	69	45	34	73	80	30	0	76	63	51	80	80	73	77	30	37	58	62	51	67	71	71	68	39	38	36	76	66	57	36	77	42	58	80	75	58	70	64	37	42	60	61	79	78	54	70	58	60	61	78	43	77	68	34	67	30	46
55	72	60	52	54	63	72	71	65	71	44	68	39	68	69	35	62	54	60	41	73	47	39	31	44	36	70	37	38	40	30	59	62	64	46	31	33	36	40	55	53	52	65	34	58	68	73	62	69	76	0	67	45	51	31	52	77	57	63	32	65	58	60	49	78	47	66	31	60	67	56	43	77	47	72	36	67	48	68	77	44	65	60	47	62	75	59	77	75	72	54	69	58	70	49	47	60	68	51	52
45	55	55	54	62	76	40	54	75	50	72	68	78	60	37	30	78	63	40	71	70	52	39	43	78	54	30	78	49	34	35	43	69	42	38	72	66	48	72	77	56	67	75	43	35	60	53	56	78	63	67	0	54	74	56	46	57	66	76	56	34	80	54	77	56	56	45	47	68	59	38	33	58	44	48	34	51	79	33	36	60	53	31	46	66	80	72	40	63	80	36	42	67	70	74	60	36	45	44	49
60	59	58	47	71	37	68	32	34	45	38	39	53	67	60	57	72	33	69	64	49	60	63	79	52	62	79	64	73	77	40	37	48	79	69	57	50	80	49	36	44	43	50	80	54	51	59	38	53	51	45	54	0	52	42	39	48	38	44	30	40	43	37	80	61	67	31	30	32	47	80	67	74	31	50	71	56	75	57	77	78	36	75	75	79	71	61	80	73	33	70	50	45	46	59	65	43	52	59	54
52	78	42	43	64	61	65	72	75	35	30	36	66	43	69	72	53	51	48	72	63	49	45	44	40	60	69	76	72	67	47	61	67	61	50	49	37	50	38	30	48	53	78	78	60	51	63	58	59	80	51	74	52	0	45	32	73	53	39	65	77	51	72	78	31	76	57	38	80	49	62	65	40	70	80	61	76	63	30	41	78	69	42	76	60	79	67	39	78	58	55	74	77	62	44	39	66	45	40	48
44	32	43	40	50	61	30	37	65	69	63	70	61	45	38	56	39	44	59	53	72	75	67	57	68	56	80	30	37	37	64	55	53	48	34	31	60	69	52	66	42	58	56	67	67	60	60	80	51	80	31	56	42	45	0	34	47	38	78	63	66	47	41	53	57	38	70	39	77	66	62	66	38	63	51	74	30	53	42	43	61	66	66	60	64	33	46	37	43	49	68	61	36	76	52	56	64	39	68	69
50	78	56	71	55	52	77	63	65	68	30	65	47	34	38	57	45	76	61	72	59	37	42	66	80	38	52	54	65	30	65	64	37	60	73	50	65	69	62	40	79	51	78	44	53	79	79	47	42	73	52	46	39	32	34	0	33	49	45	54	67	79	70	57	32	65	49	53	74	64	66	36	70	49	45	30	43	55	45	57	78	31	55	58	77	66	61	55	66	72	50	50	38	44	43	36	34	42	43	80
50	49	74	35	73	72	70	32	74	65	34	74	77	44	64	32	44	39	58	51	43	40	68	68	63	71	41	76	43	77	65	71	54	57	46	31	65	43	31	68	64	46	59	59	58	73	68	47	66	77	77	57	48	73	47	33	0	50	78	59	39	59	56	74	57	42	31	37	58	41	63	35	66	33	61	31	66	54	75	73	72	45	38	78	75	38	68	32	60	62	74	51	34	53	60	62	48	33	72	31
58	31	75	70	52	76	62	32	33	50	73	42	60	49	66	57	70	32	49	41	54	71	36	66	66	51	40	80	41	44	60	67	75	54	61	76	55	39	68	60	32	58	61	79	48	69	32	63	46	30	57	66	38	53	38	49	50	0	71	48	74	36	50	77	64	43	67	31	52	48	43	68	61	72	37	43	39	43	77	72	63	52	31	68	50	46	68	61	33	45	43	70	48	54	30	47	69	67	51	46
35	35	55	72	55	59	61	50	60	71	34	40	30	72	63	68	42	51	52	33	56	54	47	67	51	42	46	76	48	43	46	43	68	60	70	31	79	68	63	36	31	30	55	42	61	47	69	39	45	37	63	76	44	39	78	45	78	71	0	58	48	34	37	35	68	66	73	39	53	50	65	56	45	40	30	62	62	54	60	48	40	47	59	32	78	75	68	33	65	30	33	46	80	63	53	56	69	30	68	46
69	52	67	48	31	36	75	60	31	80	58	57	64	72	80	71	55	34	64	45	66	46	60	37	43	49	41	44	31	42	79	66	39	32	45	72	39	45	48	56	65	68	46	52	80	44	54	75	35	58	32	56	30	65	63	54	59	48	58	0	74	54	76	63	37	73	61	46	64	59	50	65	67	55	64	54	45	54	53	60	40	43	46	51	53	49	78	57	80	52	79	74	61	33	76	47	69	70	68	67
64	43	67	39	68	56	47	59	73	69	30	55	68	46	32	55	50	50	36	58	47	55	73	48	55	74	68	72	53	76	39	35	31	73	63	42	44	52	41	42	49	47	51	79	39	59	79	64	45	62	65	34	40	77	66	67	39	74	48	74	0	32	52	30	37	52	64	66	62	59	54	44	57	55	43	55	61	60	32	73	70	43	78	45	37	48	46	57	44	70	59	45	69	43	72	45	79	47	76	55
76	60	34	60	42	45	61	72	40	35	46	66	58	31	79	64	42	64	47	38	45	39	53	63	44	50	51	37	69	31	48	47	73	60	30	79	49	69	56	76	38	73	61	32	47	56	80	55	61	51	58	80	43	51	47	79	59	36	34	54	32	0	52	61	54	57	42	56	57	44	56	30	53	76	80	49	57	32	69	45	34	39	32	35	66	63	48	70	75	62	36	77	36	57	46	64	45	34	48	63
75	69	41	45	60	44	71	49	63	38	47	50	72	75	78	30	61	63	44	46	79	39	58	77	52	46	79	55	77	77	77	39	63	74	54	40	32	47	43	31	33	68	77	30	34	50	36	33	44	67	60	54	37	72	41	70	56	50	37	76	52	52	0	49	57	31	52	52	66	65	52	76	54	35	63	68	34	70	54	42	79	58	70	50	57	72	36	43	70	58	36	47	52	31	62	60	44	64	72	74
45	59	65	44	41	63	36	63	60	77	59	66	42	69	50	45	80	36	40	36	35	47	51	49	46	64	58	30	31	52	79	45	39	78	60	57	37	77	45	68	34	73	36	52	37	75	63	48	52	71	49	77	80	78	53	57	74	77	35	63	30	61	49	0	37	50	41	71	59	55	69	70	57	50	69	37	61	72	56	31	33	37	77	31	77	76	33	71	55	39	79	35	43	43	42	62	73	42	46	58
32	31	55	38	55	44	67	34	71	30	40	53	72	75	52	56	48	34	46	38	72	34	32	48	54	59	46	72	65	43	49	57	41	30	47	53	65	65	78	63	52	46	66	78	40	64	56	48	45	71	78	56	61	31	57	32	57	64	68	37	37	54	57	37	0	79	63	52	59	54	50	68	45	77	76	60	78	79	43	65	70	69	76	37	49	30	61	57	46	48	68	79	52	65	37	67	51	65	37	41
72	39	37	70	47	74	78	79	55	43	73	56	61	57	37	47	45	42	74	47	74	64	80	60	44	69	49	44	47	34	53	52	59	71	50	75	62	63	41	42	38	48	40	32	71	56	65	53	51	68	47	56	67	76	38	65	42	43	66	73	52	57	31	50	79	0	49	42	75	60	33	51	62	36	49	59	65	62	34	61	61	76	46	48	39	41	42	56	75	45	72	75	72	59	39	72	43	33	52	77
51	61	80	71	41	58	50	45	78	35	62	69	51	70	70	39	45	36	44	52	56	34	72	35	40	80	48	58	33	48	54	60	77	74	76	35	51	31	38	44	43	73	76	73	74	79	52	39	60	39	66	45	31	57	70	49	31	67	73	61	64	42	52	41	63	49	0	77	46	45	46	62	54	74	63	38	69	43	55	69	62	72	40	77	59	50	31	65	64	52	74	65	48	80	44	30	48	71	69	31
40	78	57	64	34	75	51	71	75	73	69	30	56	73	46	74	35	73	43	64	41	56	47	77	54	43	59	32	47	55	58	58	60	39	67	37	63	35	78	64	42	71	42	34	51	49	37	60	62	38	31	47	30	38	39	53	37	31	39	46	66	56	52	71	52	42	77	0	67	45	54	46	56	36	65	41	43	48	67	66	40	73	32	33	80	34	56	72	51	41	38	73	75	40	52	71	57	80	33	61
52	54	35	57	76	56	65	60	72	52	55	41	79	66	69	30	78	38	58	59	80	32	61	52	38	30	39	80	72	78	66	78	56	72	55	49	44	56	67	69	39	63	70	67	74	41	30	53	66	36	60	68	32	80	77	74	58	52	53	64	62	57	66	59	59	75	46	67	0	51	40	75	31	76	58	70	65	61	60	53	33	34	77	65	45	51	72	42	32	32	49	42	62	59	72	40	79	42	66	40
56	35	45	63	70	68	32	63	33	69	34	31	47	54	37	46	36	73	72	30	67	70	55	56	36	71	63	40	61	45	47	36	33	32	41	73	79	46	42	77	52	77	40	80	59	53	41	72	37	76	67	59	47	49	66	64	41	48	50	59	59	44	65	55	54	60	45	45	51	0	65	58	80	70	74	66	80	61	60	50	76	62	75	40	39	64	30	36	65	63	80	42	63	48	68	31	37	71	50	71
36	78	38	30	60	62	67	56	30	67	41	48	76	51	58	40	62	70	80	77	74	66	35	32	65	59	39	79	67	72	56	62	39	48	41	61	48	31	46	34	45	30	78	40	74	41	44	41	71	66	56	38	80	62	62	66	63	43	65	50	54	56	52	69	50	33	46	54	40	65	0	47	60	33	51	59	41	79	48	77	63	46	44	44	42	39	40	72	63	32	64	53	31	34	79	58	72	43	48	49
31	46	78	40	72	47	39	38	65	65	78	69	44	73	40	56	62	68	32	77	44	69	50	67	73	54	60	58	31	44	35	70	64	57	68	41	35	47	47	73	63	73	79	44	55	59	34	47	35	57	43	33	67	65	66	36	35	68	56	65	44	30	76	70	68	51	62	46	75	58	47	0	39	62	52	77	64	32	78	36	69	55	56	49	77	75	39	48	64	47	44	47	36	61	75	30	77	41	40	69
49	55	59	56	51	58	61	33	76	50	44	57	67	37	76	42	73	54	33	57	37	42	38	74	39	40	61	46	47	66	41	43	68	46	58	79	30	72	71	55	61	65	34	68	57	50	46	58	43	36	77	58	74	40	38	70	66	61	45	67	57	53	54	57	45	62	54	56	31	80	60	39	0	35	73	53	40	46	48	66	51	75	80	72	46	62	31	67	56	32	80	61	64	74	45	40	73	38	52	53
42	36	55	57	33	72	77	56	55	65	31	58	57	48	75	72	33	72	41	62	72	64	40	33	51	30	35	58	57	79	58	77	54	47	38	39	53	48	77	67	61	52	53	63	66	34	42	42	53	77	47	44	31	70	63	49	33	72	40	55	55	76	35	50	77	36	74	36	76	70	33	62	35	0	37	47	61	37	35	77	32	51	40	65	62	35	41	44	32	66	48	40	46	61	66	44	51	79	79	63
74	69	79	74	76	78	49	45	79	61	38	38	34	52	33	77	67	73	74	39	30	64	59	48	48	66	75	38	78	43	40	58	78	50	36	42	52	53	76	75	49	55	30	37	68	37	53	38	66	42	72	48	50	80	51	45	61	37	30	64	43	80	63	69	76	49	63	65	58	74	51	52	73	37	0	55	43	74	33	79	76	46	77	39	38	34	30	77	41	44	74	66	65	79	52	53	51	60	41	37
38	72	36	52	55	42	33	76	41	59	36	39	62	61	74	38	53	62	64	61	41	78	30	53	41	60	36	72	53	37	46	53	72	40	36	38	72	67	33	55	73	67	53	80	35	67	72	45	53	58	36	34	71	61	74	30	31	43	62	54	55	49	68	37	60	59	38	41	70	66	59	77	53	47	55	0	55	46	60	49	55	70	68	58	39	37	67	44	33	31	46	31	73	65	71	37	77	60	70	67
78	35	32	79	53	36	74	59	77	37	66	67	60	73	58	51	74	72	40	74	77	73	67	59	78	71	75	36	72	79	45	53	51	35	46	48	32	46	68	31	71	60	57	56	71	77	60	35	67	80	67	51	56	76	30	43	66	39	62	45	61	57	34	61	78	65	69	43	65	80	41	64	40	61	43	55	0	56	54	42	51	59	46	77	76	78	68	78	58	55	76	40	38	57	49	65	30	34	49	63
75	76	49	80	69	37	49	52	69	77	47	63	46	41	50	78	49	34	66	61	64	46	39	61	60	38	73	30	50	54	52	44	50	35	72	54	55	64	60	41	51	59	50	72	39	56	50	35	76	75	48	79	75	63	53	55	54	43	54	54	60	32	70	72	79	62	43	48	61	61	79	32	46	37	74	46	56	0	59	79	38	80	31	73	44	79	64	72	63	65	48	33	61	49	41	55	50	65	51	80
77	55	50	50	55	31	75	50	80	48	37	78	75	36	32	33	35	60	30	68	43	42	48	50	37	76	74	73	72	69	48	47	79	49	72	72	45	49	80	40	33	40	59	55	61	54	67	56	36	58	68	33	57	30	42	45	75	77	60	53	32	69	54	56	43	34	55	67	60	60	48	78	48	35	33	60	54	59	0	37	71	75	53	32	45	38	36	75	52	31	40	73	49	45	43	38	58	32	63	49
33	66	56	51	71	30	78	66	60	40	66	42	75	80	52	66	63	34	54	68	68	74	48	70	42	37	41	79	40	70	51	61	51	40	71	49	44	51	41	78	50	56	66	30	53	30	43	77	46	70	77	36	77	41	43	57	73	72	48	60	73	45	42	31	65	61	69	66	53	50	77	36	66	77	79	49	42	79	37	0	38	69	32	36	71	46	60	74	58	36	36	41	60	69	67	45	30	78	41	47
49	68	51	71	30	42	32	79	80	75	58	40	37	72	52	42	67	66	65	54	50	37	70	65	48	66	77	53	36	62	49	62	61	79	64	43	54	54	71	44	36	37	30	54	56	75	63	31	52	64	44	60	78	78	61	78	72	63	40	40	70	34	79	33	70	61	62	40	33	76	63	69	51	32	76	55	51	38	71	38	0	49	32	32	79	33	57	63	62	57	42	49	31	43	55	67	57	44	55	58
34	70	67	62	66	69	71	40	76	41	60	54	74	63	61	37	60	77	59	68	47	58	34	40	74	57	54	40	54	64	58	68	39	71	48	74	39	62	33	74	45	33	59	51	46	37	73	70	34	37	65	53	36	69	66	31	45	52	47	43	43	39	58	37	69	76	72	73	34	62	46	55	75	51	46	70	59	80	75	69	49	0	60	54	33	47	57	48	59	41	51	50	49	58	64	32	75	74	51	65
58	49	64	49	47	39	36	71	73	32	58	58	67	63	76	68	46	59	69	62	41	31	63	60	46	79	45	71	40	78	60	50	31	66	78	41	33	37	68	53	44	55	57	80	40	30	50	42	55	42	60	31	75	42	66	55	38	31	59	46	78	32	70	77	76	46	40	32	77	75	44	56	80	40	77	68	46	31	53	32	32	60	0	61	74	68	61	40	41	56	62	50	63	50	51	33	30	46	64	57
41	33	31	56	34	80	69	59	58	52	37	40	43	70	64	63	76	37	72	34	54	33	63	66	50	30	66	41	38	44	50	62	48	31	58	57	38	30	43	48	34	51	47	74	55	48	77	66	52	60	47	46	75	76	60	58	78	68	32	51	45	35	50	31	37	48	77	33	65	40	44	49	72	65	39	58	77	73	32	36	32	54	61	0	66	57	49	55	47	52	50	60	55	44	55	74	37	60	66	76
60	47	50	57	58	72	51	47	50	43	72	79	44	39	49	69	47	58	47	48	31	50	61	68	41	52	36	72	53	36	70	71	67	36	33	47	77	37	39	72	41	36	40	50	72	35	44	50	30	61	62	66	79	60	64	77	75	50	78	53	37	66	57	77	49	39	59	80	45	39	42	77	46	62	38	39	76	44	45	71	79	33	74	66	0	74	46	53	43	40	57	50	63	54	56	54	42	59	60	49
59	30	80	66	32	62	46	56	46	39	38	70	37	79	36	59	71	53	79	33	53	43	32	79	78	43	53	71	77	46	75	33	71	72	73	56	71	60	56	36	33	65	76	52	72	44	80	58	61	79	75	80	71	79	33	66	38	46	75	49	48	63	72	76	30	41	50	34	51	64	39	75	62	35	34	37	78	79	38	46	33	47	68	57	74	0	49	76	38	73	44	73	67	35	61	76	41	51	59	59
49	43	78	52	75	56	53	35	52	59	51	52	58	44	61	64	78	79	78	58	43	46	78	55	76	67	59	64	38	63	67	73	73	61	70	61	44	35	64	67	50	55	56	72	70	77	76	64	48	78	59	72	61	67	46	61	68	68	68	78	46	48	36	33	61	42	31	56	72	30	40	39	31	41	30	67	68	64	36	60	57	57	61	49	46	49	0	78	46	62	40	48	80	41	54	48	59	37	32	67
59	42	41	68	34	75	61	41	31	37	69	50	30	32	77	50	75	42	77	36	50	52	32	65	67	70	77	57	36	78	60	50	66	34	55	64	56	59	65	37	40	74	79	65	36	31	60	35	35	54	77	40	80	39	37	55	32	61	33	57	57	70	43	71	57	56	65	72	42	36	72	48	67	44	77	44	78	72	75	74	63	48	40	55	53	76	78	0	79	53	71	62	63	30	69	59	53	78	52	57
35	39	43	73	47	34	71	53	72	77	32	77	71	30	50	60	39	67	59	61	63	79	44	48	46	55	70	70	41	36	53	76	69	73	54	54	56	64	32	67	33	75	31	51	31	36	70	58	74	70	75	63	73	78	43	66	60	33	65	80	44	75	70	55	46	75	64	51	32	65	63	64	56	32	41	33	58	63	52	58	62	59	41	47	43	38	46	79	0	32	53	47	53	48	57	37	76	72	74	63
38	80	77	79	70	35	64	74	61	76	62	46	42	42	54	41	39	36	69	68	52	73	63	49	77	73	52	52	70	59	77	51	70	62	76	71	65	58	42	46	48	62	70	64	54	45	42	63	66	58	72	80	33	58	49	72	62	45	30	52	70	62	58	39	48	45	52	41	32	63	32	47	32	66	44	31	55	65	31	36	57	41	56	52	40	73	62	53	32	0	31	59	64	38	67	61	74	64	79	36
48	56	61	76	51	74	52	36	39	34	49	72	72	80	68	63	31	71	39	69	59	57	67	76	40	39	48	45	68	38	63	78	62	50	59	67	75	45	76	38	62	70	70	36	72	59	30	61	55	60	54	36	70	55	68	50	74	43	33	79	59	36	36	79	68	72	74	38	49	80	64	44	80	48	74	46	76	48	40	36	42	51	62	50	57	44	40	71	53	31	0	75	68	50	56	56	77	56	55	58
73	61	36	33	36	57	70	32	53	45	38	63	75	57	43	50	64	58	68	36	63	45	58	49	46	80	42	64	63	51	80	63	45	32	72	46	77	72	42	45	37	32	65	65	57	78	74	65	71	61	69	42	50	74	61	50	51	70	46	74	45	77	47	35	79	75	65	73	42	42	53	47	61	40	66	31	40	33	73	41	49	50	50	60	50	73	48	62	47	59	75	0	69	71	36	48	57	48	64	34
47	78	66	57	52	38	72	38	67	37	41	67	37	57	42	54	70	66	51	46	33	60	30	73	78	80	65	54	69	44	63	45	69	68	51	42	35	76	80	61	39	39	47	46	37	37	49	44	48	78	58	67	45	77	36	38	34	48	80	61	69	36	52	43	52	72	48	75	62	63	31	36	64	46	65	73	38	61	49	60	31	49	63	55	63	67	80	63	53	64	68	69	0	53	78	76	73	42	68	43
59	79	43	38	32	41	50	66	65	56	71	70	67	80	34	78	57	51	67	42	65	30	50	78	79	64	67	68	61	33	42	42	48	60	35	68	78	36	59	39	40	56	33	41	35	62	54	44	35	43	70	70	46	62	76	44	53	54	63	33	43	57	31	43	65	59	80	40	59	48	34	61	74	61	79	65	57	49	45	69	43	58	50	44	54	35	41	30	48	38	50	71	53	0	32	53	39	35	72	71
78	50	57	68	62	53	75	68	69	72	61	69	39	66	30	56	32	44	66	48	62	37	53	68	67	72	50	53	56	55	75	58	33	75	33	67	32	60	79	68	46	63	70	43	53	30	80	62	58	77	49	74	59	44	52	43	60	30	53	76	72	46	62	42	37	39	44	52	72	68	79	75	45	66	52	71	49	41	43	67	55	64	51	55	56	61	54	69	57	67	56	36	78	32	0	68	65	30	32	74
63	50	57	31	37	52	33	49	54	41	75	78	56	43	32	76	68	33	52	80	47	33	56	72	79	49	37	48	49	36	74	72	68	48	64	76	73	34	56	31	40	58	49	51	32	65	69	56	41	68	47	60	65	39	56	36	62	47	56	47	45	64	60	62	67	72	30	71	40	31	58	30	40	44	53	37	65	55	38	45	67	32	33	74	54	76	48	59	37	61	56	48	76	53	68	0	62	43	47	70
56	78	76	32	42	49	47	49	30	76	77	73	66	37	79	78	58	39	72	53	74	71	51	78	46	60	36	47	52	57	30	47	75	38	33	61	65	59	44	45	40	62	40	47	78	72	54	71	38	34	60	36	43	66	64	34	48	69	69	69	79	45	44	73	51	43	48	57	79	37	72	77	73	51	51	77	30	50	58	30	57	75	30	37	42	41	59	53	76	74	77	57	73	39	65	62	0	65	74	42
32	56	47	72	63	37	43	57	54	60	69	79	49	36	60	73	54	72	54	52	54	50	68	47	45	64	33	50	72	30	73	48	64	70	46	36	33	46	32	30	60	70	74	45	45	31	63	39	35	67	68	45	52	45	39	42	33	67	30	70	47	34	64	42	65	33	71	80	42	71	43	41	38	79	60	60	34	65	32	78	44	74	46	60	59	51	37	78	72	64	56	48	42	35	30	43	65	0	74	51
69	42	57	59	44	33	62	74	65	75	48	71	60	42	38	32	48	39	79	68	68	43	54	44	64	52	42	50	75	36	51	35	75	71	80	38	56	49	58	70	35	77	70	37	36	33	64	59	60	30	51	44	59	40	68	43	72	51	68	68	76	48	72	46	37	52	69	33	66	50	48	40	52	79	41	70	49	51	63	41	55	51	64	66	60	59	32	52	74	79	55	64	68	72	32	47	74	74	0	78
34	71	53	44	68	38	41	46	77	30	48	71	70	76	65	78	50	64	32	37	65	48	47	39	70	70	47	30	53	77	44	76	74	66	62	34	59	57	72	62	66	31	54	50	40	79	53	73	65	46	52	49	54	48	69	80	31	46	46	67	55	63	74	58	41	77	31	61	40	71	49	69	53	63	37	67	63	80	49	47	58	65	57	76	49	59	67	57	63	36	58	34	43	71	74	70	42	51	78	0

Initial health value of each distributed equipment: 
(Where columns denote demand points: 1 to 100.)
219.03	218.90	166.88	165.39	291.20	223.21	285.27	294.84	362.60	189.23	323.18	386.40	251.81	235.42	471.96	397.54	407.88	274.82	211.58	278.24	179.22	176.96	204.13	286.08	220.48	162.41	262.08	166.88	156.45	226.48	182.40	256.28	282.24	189.23	232.32	333.20	287.57	183.27	347.20	243.80	296.51	457.52	192.10	297.14	260.82	370.00	346.50	285.25	202.64	284.20	265.33	403.92	168.92	239.40	280.32	321.63	199.26	232.44	163.90	238.68	217.10	449.58	165.39	300.76	239.89	311.22	202.80	461.70	290.55	285.48	372.50	192.21	254.79	356.96	244.36	202.64	241.38	159.43	192.21	268.66	375.70	340.34	398.16	222.01	230.95	281.61	325.74	245.85	174.33	302.40	280.12	291.41	373.86	192.21	239.89	202.64	223.50	442.26	274.16	421.20

Spare parts types of different demand points: 
(where columns denote demand points: 1 to 100.)
8	5	10	8	12	8	4	14	10	1	14	5	3	10	5	5	7	9	10	13	7	9	14	11	5	11	2	4	15	2	2	4	9	15	9	10	14	11	1	3	1	8	14	10	7	10	3	7	3	3	11	4	6	12	7	14	12	6	15	2	9	14	8	12	14	5	14	2	8	7	7	11	1	12	8	13	5	6	13	15	5	1	5	11	13	12	11	13	9	13	15	7	15	13	13	7	4	10	7	4

inventory management cost per unit time of different types of orders: 
(where columns denote types of orders: 1 to 15.)
1.4	1.5	2.8	2.3	2.8	2.3	2.1	1.3	2	2	2.3	2.7	2.4	1.9	1

Maintenance cost per unit time of different worker: 
(Where rows denote strategy: 1 to 4,and columns denote available worker of each strategy: 1 to 3.)
3.8	3.6	3.4	4.1
4.5	3.8	4.2	4.6
4.5	3.8	3.5	4.2

The weight of tardiness cost of different demand points: 
(where columns denote demand points: 1 to 100.)
3.7	3.3	3.4	4.2	3.4	5.8	5	4.2	3.3	4.2	4.1	5.8	5.5	5	4.5	3.6	3.4	5.6	3.5	5.6	4.6	4.2	5.2	4.1	5.1	4.3	4.5	3.2	5.1	4.9	5.2	5	3.7	3.2	4.6	5	3.5	5.1	5.8	5.9	5.8	3.1	3.5	5.9	5.7	4.2	3.9	5.1	3.7	5.2	4.2	3.1	5	5.4	3.2	5.8	5.5	6	4.9	6	3.8	5.5	4.5	3.1	5.2	5.8	3.8	4.9	4.8	3.6	3.9	4.9	3.8	5.9	3.6	3.1	4.7	3.8	3.9	5.2	5.8	4	4.2	5.4	5.8	4.4	4.9	3.7	4	5.2	4.3	5.6	4.9	4.7	4.8	4	3.7	4.3	3.7	4.1

The waste of old spare part per unit time of each distributed equipment: 
(where columns denote demand points: 1 to 100.)
5.8	6	5.9	7.9	7.4	7.7	6.8	5.8	6.4	7.9	5.1	5.4	7.7	5.3	6.8	6.2	6.2	6.5	7.5	7.8	7.4	6.1	7.8	7.9	7.5	5.9	7.8	5.2	6.2	5.2	6.5	6.2	5.6	6.6	5.3	5.3	6.8	5.6	7.7	7.9	5.1	7.1	6.7	5.5	8	7.9	6.7	5.4	5.9	7	7.1	6.9	6.5	7.8	6.1	7	5.2	7.8	5.8	6.3	7.1	7.3	7.9	7.6	7.7	6.7	7.4	5.7	5.8	5.3	5.8	6.5	5.6	7.1	5.9	7.8	6.3	5.7	6.5	6.8	6.3	6.2	6.1	7.4	7.6	5.8	7.9	7.6	6	6.1	5.1	5.7	6.5	7.8	7.1	5.2	7	6.4	6.6	5.7

shutdown cost per unit time of each distributed equipment: 
(where columns denote demand points: 1 to 100.)
24.5	20.8	20.4	24.7	22.9	23.9	24	21.7	21.1	25	20.5	21.5	23.9	20.7	24.1	21	21.5	22.3	22.7	22.6	20.5	20.2	23.1	22.7	24.2	21.3	23.1	20.7	22.4	23.3	21	20.5	24.3	22.1	20.4	20.5	21.2	22.8	24.6	22.3	25	23.7	21.3	24.9	22.8	24.8	21.3	24.9	21.8	23.8	22.3	20.8	22.1	21.5	20.3	22.1	21.1	21.2	21.1	23.7	22.3	24.6	23	21.2	20.7	20.8	21	20.3	20.9	21.3	22	21.1	24.7	21.3	23	22.5	22.8	20.3	22.8	25	20.8	20.2	20.5	23.6	24	23.6	24.2	22.7	23.5	24.9	24.3	21.9	20.4	23.1	23	23.6	21.1	24.4	23.3	23.6

Deterioration rate of each piece of equipment:
(Where columns denote distributed equipment: 1 to 100.)
1.47	1.1	1.12	1.11	1.4	1.01	1.11	1.56	1.96	1.27	1.43	1.84	1.69	1.58	1.71	1.43	1.98	1.51	1.42	1.48	1.03	1.12	1.37	1.92	1.06	1.09	1.56	1.12	1.05	1.52	1.14	1.72	1.26	1.27	1.32	1.96	1.93	1.23	1.55	1.06	1.99	1.72	1.13	1.79	1.61	2	1.54	1.75	1.36	1.45	1.69	1.87	1.03	1.33	1.46	1.51	1.23	1.56	1.1	1.17	1.3	1.77	1.11	1.46	1.61	1.17	1.04	1.9	1.95	1.22	1.49	1.29	1.71	1.94	1.64	1.36	1.62	1.07	1.29	1.01	1.7	1.43	1.68	1.49	1.55	1.89	1.83	1.65	1.17	1.8	1.88	1.81	1.34	1.29	1.61	1.36	1.5	1.89	1.84	1.95

The processing time of different types of spare parts: 
(Where rows denote machines: 1 to 5,and columns denote types: 1 to 15.)
17	17	28	19	13	10	21	17	14	23	21	28	21	15	20
12	15	14	14	14	26	18	17	19	13	24	11	23	16	14
18	13	27	12	25	20	23	14	23	11	11	28	25	29	12
13	14	22	28	25	18	13	27	15	18	23	27	26	24	25
24	22	24	13	21	23	27	18	17	14	19	15	29	17	28

The maintenance time of different workers: 
(Where rows denote strategy: 1 to 4,and columns denote available worker of each strategy: 1 to 3.)
35	46	32	48
31	39	31	42
33	35	31	43

Repair degree of different strategies: 
(Where rows denote strategy: 1 to 43.)
0.57	0.67	0.63	0.53

Quantity of spare parts of each type reserved in each warehouse: 
(where rows denote warehouses£º1 to 10,and columns denote types£º1 to 15.)
12	14
1	2
3	4	7
1	1	1
1	4	11	13
1	1	1	1
2	3	5	7	14
1	1	1	1	1
1	2
1	1

Initial due date of each order: 
(Where columns denote order: 1 to 100.)
149	199	149	149	208	221	257	189	185	149	226	210	149	149	276	278	206	182	149	188	174	158	149	149	208	149	168	149	149	149	160	149	224	149	176	170	149	149	224	230	149	266	170	166	162	185	225	163	149	196	157	216	164	180	192	213	162	149	149	204	167	254	149	206	149	266	195	243	149	234	250	149	149	184	149	149	149	149	149	266	221	238	237	149	149	149	178	149	149	168	149	161	279	149	149	149	149	234	149	216

Maintenance starting time window of each piece of equipment: 
(Where rows denote Lower and Upper bounds of Maintenance starting time window: 1 to 2,and columns denote distributed equipment: 1 to 100.)
104.3	139.3	104.3	104.3	145.6	154.7	179.9	132.3	129.5	104.3	158.2	147	104.3	104.3	193.2	194.6	144.2	127.4	104.3	131.6	121.8	110.6	104.3	104.3	145.6	104.3	117.6	104.3	104.3	104.3	112	104.3	156.8	104.3	123.2	119	104.3	104.3	156.8	161	104.3	186.2	119	116.2	113.4	129.5	157.5	114.1	104.3	137.2	109.9	151.2	114.8	126	134.4	149.1	113.4	104.3	104.3	142.8	116.9	177.8	104.3	144.2	104.3	186.2	136.5	170.1	104.3	163.8	175	104.3	104.3	128.8	104.3	104.3	104.3	104.3	104.3	186.2	154.7	166.6	165.9	104.3	104.3	104.3	124.6	104.3	104.3	117.6	104.3	112.7	195.3	104.3	104.3	104.3	104.3	163.8	104.3	151.2
134.1	179.1	134.1	134.1	187.2	198.9	231.3	170.1	166.5	134.1	203.4	189	134.1	134.1	248.4	250.2	185.4	163.8	134.1	169.2	156.6	142.2	134.1	134.1	187.2	134.1	151.2	134.1	134.1	134.1	144	134.1	201.6	134.1	158.4	153	134.1	134.1	201.6	207	134.1	239.4	153	149.4	145.8	166.5	202.5	146.7	134.1	176.4	141.3	194.4	147.6	162	172.8	191.7	145.8	134.1	134.1	183.6	150.3	228.6	134.1	185.4	134.1	239.4	175.5	218.7	134.1	210.6	225	134.1	134.1	165.6	134.1	134.1	134.1	134.1	134.1	239.4	198.9	214.2	213.3	134.1	134.1	134.1	160.2	134.1	134.1	151.2	134.1	144.9	251.1	134.1	134.1	134.1	134.1	210.6	134.1	194.4

