Number of orders: 
100

Number of factories\warehouses: 
3

Number of machines per factory: 
8

Number of types of spare parts: 
15

Number of maintenance strategies: 
3

Number of available workers per strategy: 
4

Transportation cost per unit time: 
3

Transprotation time between factories/warehouses and demand points: 
(Where rows denote factories: 1 to 3 ,and columns denote demand points: 1 to 100.)
131	103	63	128	81	106	111	98	61	142	47	88	125	138	35	116	77	36	97	64	49	57	132	42	91	67	141	123	56	134	90	60	60	30	105	139	72	92	120	50	133	141	134	40	115	47	42	102	58	66	80	87	110	50	95	40	143	45	128	110	52	118	148	65	41	32	108	149	64	38	51	119	83	120	133	112	139	38	79	66	141	98	89	130	125	40	53	34	143	76	125	86	135	132	56	30	124	118	82	52
68	119	104	96	43	125	94	92	50	82	122	99	34	86	115	128	132	32	91	133	106	64	147	112	41	96	57	112	71	128	44	102	67	136	143	78	65	122	80	70	57	45	69	42	114	40	120	145	93	95	92	135	138	30	77	53	111	134	32	81	126	82	86	134	57	146	138	98	96	68	52	133	118	42	32	66	73	55	88	75	118	33	58	63	62	120	31	55	117	109	46	137	123	126	135	36	53	121	146	66
84	88	94	118	76	68	146	90	135	130	35	64	96	59	147	132	49	133	128	146	117	127	142	147	63	148	147	56	108	124	102	43	148	144	110	61	42	93	138	36	65	141	49	128	122	107	55	53	128	95	140	30	79	68	129	63	131	136	30	116	113	32	124	31	109	137	80	71	70	66	142	118	116	37	42	119	110	53	78	86	65	55	113	100	121	101	146	40	39	64	138	73	39	148	128	50	122	123	101	136

Tranfer time of each worker between two different demand points: 
(Where rows and columns both denote demands points: 1 to 100.)
0	46	61	54	60	36	55	64	68	37	75	50	54	77	66	72	53	31	50	53	65	58	40	35	70	47	32	36	32	40	67	31	72	79	67	43	67	76	42	80	44	62	80	53	56	38	45	46	54	71	44	52	67	33	51	43	68	56	46	42	30	58	53	66	68	67	66	50	43	55	53	74	48	69	37	32	59	53	60	47	71	31	31	55	53	80	65	42	69	74	72	78	74	69	45	42	59	68	41	52
46	0	37	47	68	79	44	63	60	65	65	55	41	61	66	47	65	75	47	34	38	61	48	42	63	46	49	33	46	70	67	61	73	76	40	38	42	46	67	44	69	35	38	52	34	41	74	56	41	34	66	71	67	54	76	73	63	61	34	69	60	52	76	55	37	61	70	70	69	44	45	64	62	57	60	44	67	49	78	51	32	54	30	53	77	68	48	39	58	44	46	38	46	76	40	72	64	31	54	67
61	37	0	37	43	48	78	65	42	50	51	61	38	61	53	32	68	66	37	31	31	62	37	52	76	38	38	62	80	45	68	38	33	56	59	46	65	54	51	62	56	78	80	75	55	42	46	45	40	38	57	61	69	72	65	51	76	31	32	64	75	66	58	38	60	79	76	34	49	68	70	56	52	77	49	44	33	31	39	31	79	62	71	70	42	71	76	31	48	52	39	59	64	56	61	46	56	67	32	51
54	47	37	0	80	33	42	74	75	62	37	64	57	34	53	77	43	46	62	53	78	64	30	44	35	71	48	38	66	41	72	77	36	52	30	70	67	45	73	73	55	58	46	71	37	74	72	76	38	50	45	47	63	57	69	58	41	76	49	70	75	78	36	60	43	42	43	62	52	67	52	80	44	47	72	80	38	46	63	73	30	32	61	67	57	73	74	34	45	61	54	79	33	78	38	49	49	43	80	32
60	68	43	80	0	72	41	45	79	56	78	63	35	41	52	79	40	33	73	57	57	58	57	44	72	52	30	62	57	32	30	36	34	30	48	80	44	66	61	57	67	62	69	52	48	64	32	43	74	72	45	51	49	33	45	65	40	52	53	63	41	63	59	42	60	77	43	74	69	32	72	80	49	58	34	79	61	35	66	68	32	53	76	56	75	59	69	59	62	38	45	38	53	61	77	47	34	49	60	54
36	79	48	33	72	0	78	50	50	58	73	71	72	73	61	49	72	40	74	48	69	40	63	49	38	44	79	49	70	39	47	55	34	54	67	49	37	50	46	76	65	52	70	46	33	45	72	77	30	36	32	38	54	51	64	64	47	76	73	45	70	34	73	51	47	59	42	74	48	68	59	47	63	78	71	64	79	32	55	78	79	45	46	66	38	63	69	47	74	78	33	39	71	51	57	76	76	65	59	72
55	44	78	42	41	78	0	77	43	64	74	43	75	43	36	46	79	46	44	52	75	52	52	44	38	57	80	66	52	53	35	33	75	71	79	61	54	59	57	30	77	70	30	69	56	46	39	33	64	33	65	80	33	69	63	61	48	59	39	73	67	53	74	36	44	40	37	80	48	78	30	34	35	61	61	36	61	67	34	35	47	65	39	80	62	51	59	76	62	32	62	63	54	70	42	65	34	66	59	44
64	63	65	74	45	50	77	0	31	76	50	51	49	75	59	78	46	65	43	77	64	45	34	58	45	79	79	41	51	42	61	32	66	35	56	63	53	57	46	50	76	38	54	37	32	41	32	38	75	56	44	60	49	67	59	70	56	73	68	58	76	67	31	41	47	50	49	32	64	43	72	45	41	32	72	76	44	46	64	51	77	58	54	62	74	49	48	56	51	43	74	45	61	61	42	79	76	51	51	49
68	60	42	75	79	50	43	31	0	42	56	60	35	73	41	48	67	46	46	62	65	32	58	57	52	40	49	49	39	69	70	40	44	60	31	43	41	68	42	74	67	49	77	35	35	47	63	70	58	67	38	62	33	37	43	36	58	61	41	30	39	55	46	46	75	69	79	35	45	74	32	63	31	45	58	74	53	77	79	67	64	32	50	38	78	44	63	59	33	30	58	77	68	50	31	65	77	34	37	38
37	65	50	62	56	58	64	76	42	0	38	33	52	70	48	46	56	61	62	75	66	69	63	30	52	65	34	61	60	32	57	47	68	75	34	70	32	42	49	47	63	72	41	79	42	60	46	80	33	36	63	33	74	30	32	50	47	63	50	33	79	78	37	39	62	59	42	32	43	61	50	77	52	42	55	55	79	39	74	73	35	49	72	37	42	52	67	46	68	65	32	45	42	60	55	53	54	52	63	41
75	65	51	37	78	73	74	50	56	38	0	46	74	42	59	69	37	76	46	78	44	60	48	63	61	37	77	61	57	31	67	72	63	45	48	46	79	41	30	64	49	65	38	76	34	74	62	62	57	60	33	43	57	80	56	46	78	49	72	54	67	70	58	47	67	73	79	42	58	39	36	45	48	32	32	63	30	73	37	67	73	60	30	33	61	68	66	76	63	30	49	65	60	56	48	44	74	57	33	59
50	55	61	64	63	71	43	51	60	33	46	0	66	55	71	32	47	66	79	50	75	75	36	40	37	49	78	74	37	80	44	45	70	79	52	52	63	37	42	43	49	47	76	48	76	35	41	50	68	70	39	55	58	72	31	36	49	69	56	55	47	75	57	76	35	78	37	61	73	40	79	41	53	36	74	49	50	56	36	44	37	79	46	67	37	79	57	63	75	51	48	80	74	49	43	67	30	71	38	52
54	41	38	57	35	72	75	49	35	52	74	66	0	70	63	39	51	65	63	42	63	75	41	45	80	63	39	33	43	39	64	50	58	71	37	77	46	52	69	35	64	78	44	49	36	59	67	74	77	63	46	72	64	37	51	71	48	60	37	66	73	50	32	68	41	30	80	36	78	36	33	62	40	76	47	48	44	61	45	43	62	56	38	65	32	48	45	41	30	53	70	45	78	57	43	80	42	52	53	74
77	61	61	34	41	73	43	75	73	70	42	55	70	0	76	38	64	76	79	57	41	38	39	46	56	80	52	53	44	68	30	46	62	73	45	54	48	50	59	73	32	45	44	30	78	73	75	44	63	34	44	78	74	30	64	38	68	33	62	77	35	39	37	74	62	30	31	37	80	68	78	66	58	55	78	55	69	47	55	35	32	47	50	47	66	57	59	54	70	32	69	72	35	43	47	63	53	44	58	74
66	66	53	53	52	61	36	59	41	48	59	71	63	76	0	69	74	51	44	80	50	70	53	78	42	62	44	77	53	56	51	65	58	44	59	53	77	63	49	35	58	53	55	42	42	69	74	32	30	40	41	59	68	34	63	32	41	43	64	53	42	79	36	43	47	37	67	69	47	76	55	76	55	49	59	52	74	39	30	37	74	57	78	61	30	72	42	39	46	61	33	61	38	64	52	75	76	44	33	40
72	47	32	77	79	49	46	78	48	46	69	32	39	38	69	0	60	60	30	42	64	55	75	38	46	37	49	59	51	44	46	51	67	30	77	49	75	55	48	33	41	48	37	37	39	43	78	57	59	63	77	45	50	70	79	30	43	66	77	41	80	45	75	43	73	56	68	48	64	77	62	36	53	65	50	71	47	64	46	61	71	34	41	78	33	58	47	53	78	62	57	54	41	74	45	38	33	31	65	43
53	65	68	43	40	72	79	46	67	56	37	47	51	64	74	60	0	36	31	77	34	68	62	30	41	62	65	47	56	44	77	40	72	39	78	54	68	49	74	36	54	68	48	75	80	56	41	52	61	34	75	61	69	67	80	33	60	47	31	44	67	80	35	42	39	75	54	80	49	38	42	36	71	74	48	80	79	38	43	54	63	50	33	72	49	61	42	46	50	76	46	39	47	47	74	66	44	52	68	58
31	75	66	46	33	40	46	65	46	61	76	66	65	76	51	60	36	0	79	69	47	51	32	77	67	35	49	80	37	46	36	45	49	70	33	48	62	42	57	71	31	79	60	52	49	80	67	65	77	67	66	72	43	70	67	56	48	36	39	48	63	75	37	43	62	58	31	41	35	77	42	69	68	61	67	56	69	36	68	74	30	42	35	58	65	45	36	72	75	41	34	49	34	50	78	42	68	51	68	78
50	47	37	62	73	74	44	43	46	62	46	79	63	79	44	30	31	79	0	53	35	59	42	33	44	38	37	60	44	40	51	66	75	39	35	77	69	74	58	43	44	75	60	46	63	80	50	69	60	65	50	77	47	73	41	40	49	76	44	74	69	49	59	49	75	74	67	54	48	72	53	48	41	58	39	55	30	51	30	41	31	56	78	45	59	72	80	37	77	68	69	49	61	31	80	48	37	35	66	45
53	34	31	53	57	48	52	77	62	75	78	50	42	57	80	42	77	69	53	0	70	78	34	31	30	70	37	62	66	38	74	55	61	70	34	51	33	61	74	51	54	58	43	73	40	48	33	53	79	50	72	66	57	64	32	57	48	63	35	71	43	61	74	54	51	69	52	35	40	56	37	39	42	34	73	34	39	52	80	76	68	43	76	72	30	36	63	32	33	63	66	61	57	73	56	60	31	36	41	59
65	38	31	78	57	69	75	64	65	66	44	75	63	41	50	64	34	47	35	70	0	43	30	65	60	79	56	74	66	78	57	70	42	52	73	72	38	61	43	32	42	37	35	38	50	73	60	74	35	56	34	64	42	36	49	54	35	49	80	60	35	49	79	77	63	33	73	30	66	43	42	58	76	79	34	59	64	58	61	52	63	65	31	41	55	36	40	80	40	39	30	30	68	78	58	58	65	54	56	33
58	61	62	64	58	40	52	45	32	69	60	75	75	38	70	55	68	51	59	78	43	0	78	58	75	64	56	80	67	59	45	31	64	53	44	42	72	70	32	32	38	44	76	37	73	40	61	66	79	67	75	76	76	42	75	74	40	75	54	66	43	66	63	69	65	44	72	66	69	34	79	75	78	46	72	54	42	48	58	79	35	42	75	33	73	76	55	79	76	56	64	38	79	61	72	60	57	66	74	35
40	48	37	30	57	63	52	34	58	63	48	36	41	39	53	75	62	32	42	34	30	78	0	80	50	30	70	40	53	49	58	41	45	60	58	52	62	54	49	49	59	48	60	46	35	58	36	68	65	65	73	40	75	80	58	74	54	37	43	77	77	53	33	45	63	68	47	62	54	77	55	65	57	45	46	53	45	48	72	35	74	61	62	64	79	59	59	43	56	38	50	38	75	64	47	41	34	62	48	60
35	42	52	44	44	49	44	58	57	30	63	40	45	46	78	38	30	77	33	31	65	58	80	0	62	51	80	32	39	40	71	64	65	36	79	31	56	57	32	34	67	58	68	42	69	56	50	32	38	56	37	64	76	67	71	57	63	43	40	64	53	56	46	53	70	60	60	68	61	52	77	46	43	53	57	38	43	69	57	41	75	39	80	49	55	63	43	71	64	66	52	55	69	61	58	48	44	79	60	57
70	63	76	35	72	38	38	45	52	52	61	37	80	56	42	46	41	67	44	30	60	75	50	62	0	73	63	66	51	56	45	63	44	61	35	76	43	62	53	59	45	58	30	79	45	54	52	58	72	71	52	40	48	54	59	37	44	73	66	35	79	50	64	64	37	70	77	68	55	55	63	41	75	30	32	79	74	34	31	37	32	80	33	70	66	75	72	67	78	35	33	33	37	51	46	80	51	64	41	79
47	46	38	71	52	44	57	79	40	65	37	49	63	80	62	37	62	35	38	70	79	64	30	51	73	0	54	64	56	80	70	42	50	62	73	68	41	62	48	36	62	62	65	52	66	58	49	38	70	80	30	30	79	73	74	39	46	45	39	32	68	30	42	79	71	57	59	63	61	39	32	47	46	30	46	44	80	65	44	52	30	33	79	42	55	77	49	63	35	56	42	68	63	54	43	52	34	49	80	60
32	49	38	48	30	79	80	79	49	34	77	78	39	52	44	49	65	49	37	37	56	56	70	80	63	54	0	54	74	61	48	69	52	79	70	35	73	56	66	53	46	72	68	71	78	31	36	39	80	79	51	45	54	56	42	45	44	79	34	73	80	73	59	32	60	79	41	46	65	50	42	72	52	73	66	61	71	76	64	40	57	75	41	53	44	60	35	34	77	74	70	44	32	66	79	80	70	67	33	73
36	33	62	38	62	49	66	41	49	61	61	74	33	53	77	59	47	80	60	62	74	80	40	32	66	64	54	0	42	49	42	54	42	44	59	36	59	68	31	62	53	36	66	79	33	55	50	70	49	45	73	58	52	77	72	39	76	80	45	48	38	61	60	54	78	67	72	47	64	72	53	38	38	35	34	41	73	60	64	73	39	56	31	38	72	76	66	43	48	79	32	37	66	54	63	38	66	51	72	32
32	46	80	66	57	70	52	51	39	60	57	37	43	44	53	51	56	37	44	66	66	67	53	39	51	56	74	42	0	58	71	61	49	48	77	32	49	74	35	58	56	68	46	60	54	37	51	47	63	39	80	43	30	59	47	67	77	40	67	64	55	42	67	53	36	53	65	47	46	55	71	36	79	61	50	39	65	38	32	30	39	69	66	74	80	49	31	61	76	32	57	43	38	70	71	53	32	46	32	35
40	70	45	41	32	39	53	42	69	32	31	80	39	68	56	44	44	46	40	38	78	59	49	40	56	80	61	49	58	0	74	42	79	45	39	78	73	49	56	67	77	30	79	68	70	48	65	56	71	60	65	53	50	63	71	53	60	78	57	49	68	46	75	45	40	39	61	70	40	80	71	56	62	71	59	57	33	34	33	49	61	43	62	78	70	59	53	48	37	46	35	37	40	72	45	69	60	35	34	61
67	67	68	72	30	47	35	61	70	57	67	44	64	30	51	46	77	36	51	74	57	45	58	71	45	70	48	42	71	74	0	75	66	47	69	55	74	35	69	72	64	65	48	70	57	51	50	63	33	78	38	36	65	80	69	37	41	76	51	68	33	36	51	32	77	75	48	76	71	31	37	54	33	61	74	44	33	43	48	68	49	69	76	61	57	39	76	32	67	43	33	42	75	61	37	50	50	73	80	76
31	61	38	77	36	55	33	32	40	47	72	45	50	46	65	51	40	45	66	55	70	31	41	64	63	42	69	54	61	42	75	0	65	39	44	31	31	73	35	79	40	50	73	71	47	63	58	41	65	80	78	76	48	68	73	69	32	30	44	39	31	43	62	41	47	80	33	41	41	74	76	32	62	54	66	73	64	70	59	33	74	75	43	52	57	50	38	69	80	41	33	49	77	33	67	60	39	65	46	49
72	73	33	36	34	34	75	66	44	68	63	70	58	62	58	67	72	49	75	61	42	64	45	65	44	50	52	42	49	79	66	65	0	72	65	36	43	74	40	46	65	66	80	37	30	37	47	44	49	44	55	37	59	63	51	60	67	45	64	73	61	56	60	70	44	80	36	57	57	58	47	38	71	46	79	47	45	67	53	43	74	32	57	30	41	46	33	58	42	62	46	78	77	32	69	56	51	65	34	37
79	76	56	52	30	54	71	35	60	75	45	79	71	73	44	30	39	70	39	70	52	53	60	36	61	62	79	44	48	45	47	39	72	0	32	37	54	53	78	34	38	32	52	46	46	31	63	48	31	50	48	33	61	67	62	68	30	60	69	52	47	64	48	34	48	40	75	62	50	52	43	70	54	30	66	40	59	35	31	66	52	44	43	34	55	42	69	68	36	55	80	59	57	65	70	49	58	32	76	45
67	40	59	30	48	67	79	56	31	34	48	52	37	45	59	77	78	33	35	34	73	44	58	79	35	73	70	59	77	39	69	44	65	32	0	32	59	64	30	65	53	33	45	75	31	60	64	44	47	64	64	31	39	68	31	32	77	52	50	48	51	75	51	56	47	75	72	48	74	69	67	41	53	54	46	52	58	45	72	63	47	53	72	56	77	44	78	30	75	30	67	70	58	52	56	33	72	74	35	56
43	38	46	70	80	49	61	63	43	70	46	52	77	54	53	49	54	48	77	51	72	42	52	31	76	68	35	36	32	78	55	31	36	37	32	0	33	57	43	47	32	44	32	36	49	54	40	66	36	47	30	54	80	63	54	68	39	48	70	40	76	42	41	52	45	50	51	50	74	44	59	39	71	32	63	47	67	77	52	67	30	71	62	73	71	53	69	53	37	47	46	74	48	43	54	30	74	53	55	40
67	42	65	67	44	37	54	53	41	32	79	63	46	48	77	75	68	62	69	33	38	72	62	56	43	41	73	59	49	73	74	31	43	54	59	33	0	72	70	44	50	46	51	59	53	47	68	67	60	43	67	36	39	32	58	45	70	66	70	56	80	33	41	66	70	39	56	80	48	48	71	49	35	73	78	78	63	37	56	54	63	51	48	41	58	38	62	46	61	32	46	30	33	32	49	41	50	62	60	35
76	46	54	45	66	50	59	57	68	42	41	37	52	50	63	55	49	42	74	61	61	70	54	57	62	62	56	68	74	49	35	73	74	53	64	57	72	0	69	58	70	68	77	68	72	71	74	45	52	73	30	60	48	30	54	61	76	62	45	67	47	69	67	53	68	42	44	58	64	30	60	65	58	31	45	60	63	49	60	34	36	57	46	57	58	56	36	30	41	60	44	49	46	33	71	73	57	65	68	59
42	67	51	73	61	46	57	46	42	49	30	42	69	59	49	48	74	57	58	74	43	32	49	32	53	48	66	31	35	56	69	35	40	78	30	43	70	69	0	52	67	33	50	41	70	46	60	47	79	51	50	32	70	64	79	79	64	79	53	42	60	30	36	80	37	35	67	57	48	46	37	43	31	55	64	68	51	73	79	43	77	51	63	30	49	32	55	79	36	37	76	62	47	80	68	77	33	76	79	50
80	44	62	73	57	76	30	50	74	47	64	43	35	73	35	33	36	71	43	51	32	32	49	34	59	36	53	62	58	67	72	79	46	34	65	47	44	58	52	0	40	48	48	49	32	60	54	48	60	70	49	37	75	49	60	34	30	49	49	31	61	52	79	76	50	55	34	49	49	40	61	49	60	41	42	33	35	80	39	41	76	42	45	36	62	41	72	67	58	57	41	55	53	63	75	39	66	55	75	61
44	69	56	55	67	65	77	76	67	63	49	49	64	32	58	41	54	31	44	54	42	38	59	67	45	62	46	53	56	77	64	40	65	38	53	32	50	70	67	40	0	49	78	65	72	32	30	73	35	49	39	63	80	67	47	71	47	52	77	59	54	42	68	33	74	49	38	44	37	79	37	70	45	49	57	32	57	35	31	52	64	56	37	74	37	41	77	65	39	35	50	40	72	63	79	75	47	49	30	40
62	35	78	58	62	52	70	38	49	72	65	47	78	45	53	48	68	79	75	58	37	44	48	58	58	62	72	36	68	30	65	50	66	32	33	44	46	68	33	48	49	0	33	37	53	31	76	31	74	67	75	37	36	57	50	45	30	33	42	38	68	46	54	71	74	54	49	62	64	80	39	56	71	36	47	51	40	66	36	37	74	77	56	42	55	37	41	39	58	48	61	51	70	75	71	69	68	46	51	80
80	38	80	46	69	70	30	54	77	41	38	76	44	44	55	37	48	60	60	43	35	76	60	68	30	65	68	66	46	79	48	73	80	52	45	32	51	77	50	48	78	33	0	62	57	57	58	47	52	48	33	80	73	36	39	65	80	37	38	69	39	73	62	78	56	64	62	59	74	60	74	34	51	58	48	53	75	37	64	39	54	33	40	50	72	41	50	33	59	47	38	52	37	73	56	80	80	32	66	64
53	52	75	71	52	46	69	37	35	79	76	48	49	30	42	37	75	52	46	73	38	37	46	42	79	52	71	79	60	68	70	71	37	46	75	36	59	68	41	49	65	37	62	0	66	74	67	64	71	50	32	79	38	55	79	69	52	35	80	36	69	43	36	30	56	41	58	54	34	55	76	66	77	59	34	40	31	66	37	32	60	55	67	41	75	49	77	77	45	77	73	32	73	55	41	79	61	68	50	61
56	34	55	37	48	33	56	32	35	42	34	76	36	78	42	39	80	49	63	40	50	73	35	69	45	66	78	33	54	70	57	47	30	46	31	49	53	72	70	32	72	53	57	66	0	63	72	51	51	41	74	67	56	35	57	57	55	56	52	66	65	74	40	40	71	45	42	59	40	53	66	44	67	68	53	38	41	39	50	30	80	52	77	50	49	80	42	65	37	39	63	33	60	72	42	50	71	51	55	78
38	41	42	74	64	45	46	41	47	60	74	35	59	73	69	43	56	80	80	48	73	40	58	56	54	58	31	55	37	48	51	63	37	31	60	54	47	71	46	60	32	31	57	74	63	0	61	41	68	69	55	43	64	74	32	36	32	47	78	63	48	42	60	55	69	79	53	38	77	50	55	42	74	71	55	57	64	65	48	55	51	45	59	32	54	62	64	33	30	67	57	33	68	39	51	80	52	48	73	77
45	74	46	72	32	72	39	32	63	46	62	41	67	75	74	78	41	67	50	33	60	61	36	50	52	49	36	50	51	65	50	58	47	63	64	40	68	74	60	54	30	76	58	67	72	61	0	54	40	65	43	66	55	44	44	60	37	62	63	38	30	62	47	39	61	39	80	46	75	47	76	47	55	71	51	60	54	65	58	61	34	73	41	60	49	50	56	39	36	44	79	44	56	32	71	53	45	77	80	68
46	56	45	76	43	77	33	38	70	80	62	50	74	44	32	57	52	65	69	53	74	66	68	32	58	38	39	70	47	56	63	41	44	48	44	66	67	45	47	48	73	31	47	64	51	41	54	0	73	77	61	45	55	63	54	66	53	77	44	67	79	54	36	36	52	51	65	73	41	64	34	55	60	61	31	33	65	39	33	40	44	48	51	65	43	46	72	71	40	43	31	31	52	45	76	33	53	46	62	45
54	41	40	38	74	30	64	75	58	33	57	68	77	63	30	59	61	77	60	79	35	79	65	38	72	70	80	49	63	71	33	65	49	31	47	36	60	52	79	60	35	74	52	71	51	68	40	73	0	56	63	47	61	56	78	56	39	76	39	41	38	68	80	46	59	35	35	45	34	43	37	59	65	33	71	34	66	61	69	63	71	41	39	55	39	45	31	34	43	77	60	60	80	78	35	50	40	50	63	74
71	34	38	50	72	36	33	56	67	36	60	70	63	34	40	63	34	67	65	50	56	67	65	56	71	80	79	45	39	60	78	80	44	50	64	47	43	73	51	70	49	67	48	50	41	69	65	77	56	0	57	67	40	42	62	63	55	58	65	71	57	58	76	64	62	74	78	69	75	77	62	64	54	80	42	62	52	79	76	77	73	31	67	31	46	34	69	40	73	52	32	40	78	36	52	43	43	80	58	45
44	66	57	45	45	32	65	44	38	63	33	39	46	44	41	77	75	66	50	72	34	75	73	37	52	30	51	73	80	65	38	78	55	48	64	30	67	30	50	49	39	75	33	32	74	55	43	61	63	57	0	51	33	66	56	72	43	54	54	49	32	60	31	76	35	79	36	78	68	33	51	60	56	30	77	56	74	41	47	34	62	72	41	34	61	77	44	39	58	64	73	48	37	39	79	31	68	43	79	59
52	71	61	47	51	38	80	60	62	33	43	55	72	78	59	45	61	72	77	66	64	76	40	64	40	30	45	58	43	53	36	76	37	33	31	54	36	60	32	37	63	37	80	79	67	43	66	45	47	67	51	0	58	68	67	59	34	32	31	47	52	40	59	70	64	78	47	33	65	59	38	38	47	62	79	58	73	42	43	63	35	70	46	67	58	52	32	60	75	55	73	64	73	59	70	59	77	61	74	65
67	67	69	63	49	54	33	49	33	74	57	58	64	74	68	50	69	43	47	57	42	76	75	76	48	79	54	52	30	50	65	48	59	61	39	80	39	48	70	75	80	36	73	38	56	64	55	55	61	40	33	58	0	73	30	52	63	45	70	43	50	80	63	37	54	80	50	50	75	60	37	66	59	62	51	58	51	51	69	46	48	38	30	52	54	61	67	40	33	59	42	46	65	60	79	45	58	78	74	70
33	54	72	57	33	51	69	67	37	30	80	72	37	30	34	70	67	70	73	64	36	42	80	67	54	73	56	77	59	63	80	68	63	67	68	63	32	30	64	49	67	57	36	55	35	74	44	63	56	42	66	68	73	0	35	59	74	31	79	55	58	52	39	80	79	64	46	72	75	62	71	69	74	59	46	38	30	50	36	59	54	37	33	69	69	65	70	59	45	53	60	45	64	62	63	47	51	64	51	70
51	76	65	69	45	64	63	59	43	32	56	31	51	64	63	79	80	67	41	32	49	75	58	71	59	74	42	72	47	71	69	73	51	62	31	54	58	54	79	60	47	50	39	79	57	32	44	54	78	62	56	67	30	35	0	47	80	39	57	46	75	79	67	70	39	52	65	72	31	52	33	55	57	63	45	76	53	73	52	77	79	54	49	46	40	51	32	65	64	68	76	68	49	48	74	70	37	68	68	62
43	73	51	58	65	64	61	70	36	50	46	36	71	38	32	30	33	56	40	57	54	74	74	57	37	39	45	39	67	53	37	69	60	68	32	68	45	61	79	34	71	45	65	69	57	36	60	66	56	63	72	59	52	59	47	0	71	56	48	78	63	48	46	74	80	57	49	75	79	40	62	68	68	49	52	59	46	53	79	31	38	55	46	45	56	43	60	64	32	43	40	39	31	66	43	79	33	77	75	40
68	63	76	41	40	47	48	56	58	47	78	49	48	68	41	43	60	48	49	48	35	40	54	63	44	46	44	76	77	60	41	32	67	30	77	39	70	76	64	30	47	30	80	52	55	32	37	53	39	55	43	34	63	74	80	71	0	52	37	49	39	67	72	79	35	37	44	35	43	48	57	50	80	35	54	78	75	67	69	61	59	72	40	37	74	39	65	51	55	44	54	35	56	49	76	33	52	50	30	34
56	61	31	76	52	76	59	73	61	63	49	69	60	33	43	66	47	36	76	63	49	75	37	43	73	45	79	80	40	78	76	30	45	60	52	48	66	62	79	49	52	33	37	35	56	47	62	77	76	58	54	32	45	31	39	56	52	0	51	60	35	64	36	74	75	78	66	54	42	47	67	52	59	63	73	70	73	57	35	33	66	45	39	73	32	80	47	56	78	30	46	55	43	44	67	43	60	47	30	54
46	34	32	49	53	73	39	68	41	50	72	56	37	62	64	77	31	39	44	35	80	54	43	40	66	39	34	45	67	57	51	44	64	69	50	70	70	45	53	49	77	42	38	80	52	78	63	44	39	65	54	31	70	79	57	48	37	51	0	57	51	72	56	66	52	52	51	75	74	58	64	72	56	54	78	79	36	75	78	60	53	34	33	35	30	62	30	70	48	73	70	80	41	49	33	75	74	74	32	77
42	69	64	70	63	45	73	58	30	33	54	55	66	77	53	41	44	48	74	71	60	66	77	64	35	32	73	48	64	49	68	39	73	52	48	40	56	67	42	31	59	38	69	36	66	63	38	67	41	71	49	47	43	55	46	78	49	60	57	0	65	67	38	43	74	40	48	70	43	39	70	44	32	32	45	54	47	36	79	65	31	34	55	50	39	48	79	38	52	40	57	35	60	62	72	55	76	44	33	78
30	60	75	75	41	70	67	76	39	79	67	47	73	35	42	80	67	63	69	43	35	43	77	53	79	68	80	38	55	68	33	31	61	47	51	76	80	47	60	61	54	68	39	69	65	48	30	79	38	57	32	52	50	58	75	63	39	35	51	65	0	70	49	36	47	73	34	56	64	50	53	73	30	41	67	67	47	69	53	74	59	55	76	72	79	51	32	43	76	47	78	45	52	80	35	67	59	47	48	46
58	52	66	78	63	34	53	67	55	78	70	75	50	39	79	45	80	75	49	61	49	66	53	56	50	30	73	61	42	46	36	43	56	64	75	42	33	69	30	52	42	46	73	43	74	42	62	54	68	58	60	40	80	52	79	48	67	64	72	67	70	0	72	73	78	45	51	47	35	38	50	73	72	60	58	40	51	63	44	37	66	49	60	41	35	80	41	68	52	49	68	31	60	68	74	52	34	49	73	63
53	76	58	36	59	73	74	31	46	37	58	57	32	37	36	75	35	37	59	74	79	63	33	46	64	42	59	60	67	75	51	62	60	48	51	41	41	67	36	79	68	54	62	36	40	60	47	36	80	76	31	59	63	39	67	46	72	36	56	38	49	72	0	59	73	65	50	58	38	80	70	66	49	68	64	48	38	55	47	68	77	74	38	56	46	59	66	70	70	38	48	78	58	64	37	55	41	78	72	46
66	55	38	60	42	51	36	41	46	39	47	76	68	74	43	43	42	43	49	54	77	69	45	53	64	79	32	54	53	45	32	41	70	34	56	52	66	53	80	76	33	71	78	30	40	55	39	36	46	64	76	70	37	80	70	74	79	74	66	43	36	73	59	0	70	70	58	56	66	43	61	56	46	58	33	55	61	36	76	47	44	33	57	58	50	57	78	53	75	31	72	43	69	80	58	40	40	52	53	39
68	37	60	43	60	47	44	47	75	62	67	35	41	62	47	73	39	62	75	51	63	65	63	70	37	71	60	78	36	40	77	47	44	48	47	45	70	68	37	50	74	74	56	56	71	69	61	52	59	62	35	64	54	79	39	80	35	75	52	74	47	78	73	70	0	41	67	63	67	56	77	64	59	76	71	77	47	39	70	66	56	31	57	35	34	49	62	58	67	77	69	39	58	66	78	63	36	71	73	50
67	61	79	42	77	59	40	50	69	59	73	78	30	30	37	56	75	58	74	69	33	44	68	60	70	57	79	67	53	39	75	80	80	40	75	50	39	42	35	55	49	54	64	41	45	79	39	51	35	74	79	78	80	64	52	57	37	78	52	40	73	45	65	70	41	0	36	79	68	37	42	49	67	49	61	57	34	74	47	48	63	36	71	77	63	50	78	49	40	69	34	48	60	55	48	36	55	42	34	75
66	70	76	43	43	42	37	49	79	42	79	37	80	31	67	68	54	31	67	52	73	72	47	60	77	59	41	72	65	61	48	33	36	75	72	51	56	44	67	34	38	49	62	58	42	53	80	65	35	78	36	47	50	46	65	49	44	66	51	48	34	51	50	58	67	36	0	70	45	79	56	42	73	77	39	60	68	54	63	64	54	54	54	66	30	67	47	60	44	45	72	39	50	43	44	73	71	72	75	60
50	70	34	62	74	74	80	32	35	32	42	61	36	37	69	48	80	41	54	35	30	66	62	68	68	63	46	47	47	70	76	41	57	62	48	50	80	58	57	49	44	62	59	54	59	38	46	73	45	69	78	33	50	72	72	75	35	54	75	70	56	47	58	56	63	79	70	0	71	38	51	73	77	65	36	42	73	68	31	48	35	79	67	75	30	65	44	42	49	70	31	58	66	43	72	48	78	37	67	77
43	69	49	52	69	48	48	64	45	43	58	73	78	80	47	64	49	35	48	40	66	69	54	61	55	61	65	64	46	40	71	41	57	50	74	74	48	64	48	49	37	64	74	34	40	77	75	41	34	75	68	65	75	75	31	79	43	42	74	43	64	35	38	66	67	68	45	71	0	70	77	79	72	69	54	37	79	79	30	36	50	74	69	62	35	72	60	76	45	80	55	60	44	55	67	65	68	32	39	54
55	44	68	67	32	68	78	43	74	61	39	40	36	68	76	77	38	77	72	56	43	34	77	52	55	39	50	72	55	80	31	74	58	52	69	44	48	30	46	40	79	80	60	55	53	50	47	64	43	77	33	59	60	62	52	40	48	47	58	39	50	38	80	43	56	37	79	38	70	0	31	57	30	80	68	66	68	74	77	59	61	75	56	46	66	61	38	69	31	55	39	61	38	64	48	57	67	54	51	54
53	45	70	52	72	59	30	72	32	50	36	79	33	78	55	62	42	42	53	37	42	79	55	77	63	32	42	53	71	71	37	76	47	43	67	59	71	60	37	61	37	39	74	76	66	55	76	34	37	62	51	38	37	71	33	62	57	67	64	70	53	50	70	61	77	42	56	51	77	31	0	35	35	36	37	59	50	61	35	45	30	66	50	67	78	43	76	41	50	66	61	76	80	77	78	36	57	57	38	46
74	64	56	80	80	47	34	45	63	77	45	41	62	66	76	36	36	69	48	39	58	75	65	46	41	47	72	38	36	56	54	32	38	70	41	39	49	65	43	49	70	56	34	66	44	42	47	55	59	64	60	38	66	69	55	68	50	52	72	44	73	73	66	56	64	49	42	73	79	57	35	0	49	44	67	64	59	47	52	55	67	55	37	31	67	41	64	79	43	66	58	52	50	39	69	44	59	73	58	68
48	62	52	44	49	63	35	41	31	52	48	53	40	58	55	53	71	68	41	42	76	78	57	43	75	46	52	38	79	62	33	62	71	54	53	71	35	58	31	60	45	71	51	77	67	74	55	60	65	54	56	47	59	74	57	68	80	59	56	32	30	72	49	46	59	67	73	77	72	30	35	49	0	42	33	37	45	67	76	73	61	80	35	80	38	34	47	52	56	73	31	35	75	35	56	52	39	63	79	38
69	57	77	47	58	78	61	32	45	42	32	36	76	55	49	65	74	61	58	34	79	46	45	53	30	30	73	35	61	71	61	54	46	30	54	32	73	31	55	41	49	36	58	59	68	71	71	61	33	80	30	62	62	59	63	49	35	63	54	32	41	60	68	58	76	49	77	65	69	80	36	44	42	0	49	61	41	56	54	34	62	52	70	61	63	52	33	54	55	68	43	69	34	69	44	37	51	30	45	70
37	60	49	72	34	71	61	72	58	55	32	74	47	78	59	50	48	67	39	73	34	72	46	57	32	46	66	34	50	59	74	66	79	66	46	63	78	45	64	42	57	47	48	34	53	55	51	31	71	42	77	79	51	46	45	52	54	73	78	45	67	58	64	33	71	61	39	36	54	68	37	67	33	49	0	38	40	63	39	70	75	70	65	67	70	65	63	49	62	55	49	67	33	64	73	71	37	35	60	59
32	44	44	80	79	64	36	76	74	55	63	49	48	55	52	71	80	56	55	34	59	54	53	38	79	44	61	41	39	57	44	73	47	40	52	47	78	60	68	33	32	51	53	40	38	57	60	33	34	62	56	58	58	38	76	59	78	70	79	54	67	40	48	55	77	57	60	42	37	66	59	64	37	61	38	0	61	80	77	56	45	62	35	61	34	72	36	46	54	46	68	41	68	41	45	77	68	67	80	34
59	67	33	38	61	79	61	44	53	79	30	50	44	69	74	47	79	69	30	39	64	42	45	43	74	80	71	73	65	33	33	64	45	59	58	67	63	63	51	35	57	40	75	31	41	64	54	65	66	52	74	73	51	30	53	46	75	73	36	47	47	51	38	61	47	34	68	73	79	68	50	59	45	41	40	61	0	51	35	57	43	35	60	46	70	56	52	72	77	64	61	75	53	68	56	76	32	65	80	61
53	49	31	46	35	32	67	46	77	39	73	56	61	47	39	64	38	36	51	52	58	48	48	69	34	65	76	60	38	34	43	70	67	35	45	77	37	49	73	80	35	66	37	66	39	65	65	39	61	79	41	42	51	50	73	53	67	57	75	36	69	63	55	36	39	74	54	68	79	74	61	47	67	56	63	80	51	0	33	52	49	61	44	75	67	53	31	53	74	67	34	73	42	77	53	41	31	75	70	40
60	78	39	63	66	55	34	64	79	74	37	36	45	55	30	46	43	68	30	80	61	58	72	57	31	44	64	64	32	33	48	59	53	31	72	52	56	60	79	39	31	36	64	37	50	48	58	33	69	76	47	43	69	36	52	79	69	35	78	79	53	44	47	76	70	47	63	31	30	77	35	52	76	54	39	77	35	33	0	41	67	40	35	57	61	34	57	43	70	60	55	59	73	51	50	71	78	64	47	70
47	51	31	73	68	78	35	51	67	73	67	44	43	35	37	61	54	74	41	76	52	79	35	41	37	52	40	73	30	49	68	33	43	66	63	67	54	34	43	41	52	37	39	32	30	55	61	40	63	77	34	63	46	59	77	31	61	33	60	65	74	37	68	47	66	48	64	48	36	59	45	55	73	34	70	56	57	52	41	0	46	78	39	60	78	34	51	44	30	56	50	51	51	78	68	44	58	39	45	76
71	32	79	30	32	79	47	77	64	35	73	37	62	32	74	71	63	30	31	68	63	35	74	75	32	30	57	39	39	61	49	74	74	52	47	30	63	36	77	76	64	74	54	60	80	51	34	44	71	73	62	35	48	54	79	38	59	66	53	31	59	66	77	44	56	63	54	35	50	61	30	67	61	62	75	45	43	49	67	46	0	45	41	51	53	39	41	38	55	54	64	31	64	39	48	50	52	43	60	37
31	54	62	32	53	45	65	58	32	49	60	79	56	47	57	34	50	42	56	43	65	42	61	39	80	33	75	56	69	43	69	75	32	44	53	71	51	57	51	42	56	77	33	55	52	45	73	48	41	31	72	70	38	37	54	55	72	45	34	34	55	49	74	33	31	36	54	79	74	75	66	55	80	52	70	62	35	61	40	78	45	0	63	36	58	34	57	39	35	38	62	45	48	56	38	37	70	32	65	44
31	30	71	61	76	46	39	54	50	72	30	46	38	50	78	41	33	35	78	76	31	75	62	80	33	79	41	31	66	62	76	43	57	43	72	62	48	46	63	45	37	56	40	67	77	59	41	51	39	67	41	46	30	33	49	46	40	39	33	55	76	60	38	57	57	71	54	67	69	56	50	37	35	70	65	35	60	44	35	39	41	63	0	41	56	72	70	73	57	53	30	56	75	56	74	48	45	80	64	60
55	53	70	67	56	66	80	62	38	37	33	67	65	47	61	78	72	58	45	72	41	33	64	49	70	42	53	38	74	78	61	52	30	34	56	73	41	57	30	36	74	42	50	41	50	32	60	65	55	31	34	67	52	69	46	45	37	73	35	50	72	41	56	58	35	77	66	75	62	46	67	31	80	61	67	61	46	75	57	60	51	36	41	0	57	36	77	73	46	50	40	67	76	60	52	66	48	42	55	49
53	77	42	57	75	38	62	74	78	42	61	37	32	66	30	33	49	65	59	30	55	73	79	55	66	55	44	72	80	70	57	57	41	55	77	71	58	58	49	62	37	55	72	75	49	54	49	43	39	46	61	58	54	69	40	56	74	32	30	39	79	35	46	50	34	63	30	30	35	66	78	67	38	63	70	34	70	67	61	78	53	58	56	57	0	75	35	68	56	33	68	77	54	78	71	69	58	65	54	68
80	68	71	73	59	63	51	49	44	52	68	79	48	57	72	58	61	45	72	36	36	76	59	63	75	77	60	76	49	59	39	50	46	42	44	53	38	56	32	41	41	37	41	49	80	62	50	46	45	34	77	52	61	65	51	43	39	80	62	48	51	80	59	57	49	50	67	65	72	61	43	41	34	52	65	72	56	53	34	34	39	34	72	36	75	0	54	31	61	37	38	39	42	64	31	74	69	62	70	48
65	48	76	74	69	69	59	48	63	67	66	57	45	59	42	47	42	36	80	63	40	55	59	43	72	49	35	66	31	53	76	38	33	69	78	69	62	36	55	72	77	41	50	77	42	64	56	72	31	69	44	32	67	70	32	60	65	47	30	79	32	41	66	78	62	78	47	44	60	38	76	64	47	33	63	36	52	31	57	51	41	57	70	77	35	54	0	46	47	78	61	43	47	62	66	61	70	45	46	45
42	39	31	34	59	47	76	56	59	46	76	63	41	54	39	53	46	72	37	32	80	79	43	71	67	63	34	43	61	48	32	69	58	68	30	53	46	30	79	67	65	39	33	77	65	33	39	71	34	40	39	60	40	59	65	64	51	56	70	38	43	68	70	53	58	49	60	42	76	69	41	79	52	54	49	46	72	53	43	44	38	39	73	73	68	31	46	0	32	36	72	39	80	52	77	68	49	58	66	36
69	58	48	45	62	74	62	51	33	68	63	75	30	70	46	78	50	75	77	33	40	76	56	64	78	35	77	48	76	37	67	80	42	36	75	37	61	41	36	58	39	58	59	45	37	30	36	40	43	73	58	75	33	45	64	32	55	78	48	52	76	52	70	75	67	40	44	49	45	31	50	43	56	55	62	54	77	74	70	30	55	35	57	46	56	61	47	32	0	59	73	72	76	75	32	40	76	71	71	75
74	44	52	61	38	78	32	43	30	65	30	51	53	32	61	62	76	41	68	63	39	56	38	66	35	56	74	79	32	46	43	41	62	55	30	47	32	60	37	57	35	48	47	77	39	67	44	43	77	52	64	55	59	53	68	43	44	30	73	40	47	49	38	31	77	69	45	70	80	55	66	66	73	68	55	46	64	67	60	56	54	38	53	50	33	37	78	36	59	0	52	79	52	65	55	31	32	79	35	48
72	46	39	54	45	33	62	74	58	32	49	48	70	69	33	57	46	34	69	66	30	64	50	52	33	42	70	32	57	35	33	33	46	80	67	46	46	44	76	41	50	61	38	73	63	57	79	31	60	32	73	73	42	60	76	40	54	46	70	57	78	68	48	72	69	34	72	31	55	39	61	58	31	43	49	68	61	34	55	50	64	62	30	40	68	38	61	72	73	52	0	79	45	65	69	44	34	48	55	46
78	38	59	79	38	39	63	45	77	45	65	80	45	72	61	54	39	49	49	61	30	38	38	55	33	68	44	37	43	37	42	49	78	59	70	74	30	49	62	55	40	51	52	32	33	33	44	31	60	40	48	64	46	45	68	39	35	55	80	35	45	31	78	43	39	48	39	58	60	61	76	52	35	69	67	41	75	73	59	51	31	45	56	67	77	39	43	39	72	79	79	0	63	58	71	65	50	31	64	54
74	46	64	33	53	71	54	61	68	42	60	74	78	35	38	41	47	34	61	57	68	79	75	69	37	63	32	66	38	40	75	77	77	57	58	48	33	46	47	53	72	70	37	73	60	68	56	52	80	78	37	73	65	64	49	31	56	43	41	60	52	60	58	69	58	60	50	66	44	38	80	50	75	34	33	68	53	42	73	51	64	48	75	76	54	42	47	80	76	52	45	63	0	43	47	66	45	67	73	52
69	76	56	78	61	51	70	61	50	60	56	49	57	43	64	74	47	50	31	73	78	61	64	61	51	54	66	54	70	72	61	33	32	65	52	43	32	33	80	63	63	75	73	55	72	39	32	45	78	36	39	59	60	62	48	66	49	44	49	62	80	68	64	80	66	55	43	43	55	64	77	39	35	69	64	41	68	77	51	78	39	56	56	60	78	64	62	52	75	65	65	58	43	0	78	75	48	62	58	66
45	40	61	38	77	57	42	42	31	55	48	43	43	47	52	45	74	78	80	56	58	72	47	58	46	43	79	63	71	45	37	67	69	70	56	54	49	71	68	75	79	71	56	41	42	51	71	76	35	52	79	70	79	63	74	43	76	67	33	72	35	74	37	58	78	48	44	72	67	48	78	69	56	44	73	45	56	53	50	68	48	38	74	52	71	31	66	77	32	55	69	71	47	78	0	60	31	78	52	69
42	72	46	49	47	76	65	79	65	53	44	67	80	63	75	38	66	42	48	60	58	60	41	48	80	52	80	38	53	69	50	60	56	49	33	30	41	73	77	39	75	69	80	79	50	80	53	33	50	43	31	59	45	47	70	79	33	43	75	55	67	52	55	40	63	36	73	48	65	57	36	44	52	37	71	77	76	41	71	44	50	37	48	66	69	74	61	68	40	31	44	65	66	75	60	0	69	37	54	47
59	64	56	49	34	76	34	76	77	54	74	30	42	53	76	33	44	68	37	31	65	57	34	44	51	34	70	66	32	60	50	39	51	58	72	74	50	57	33	66	47	68	80	61	71	52	45	53	40	43	68	77	58	51	37	33	52	60	74	76	59	34	41	40	36	55	71	78	68	67	57	59	39	51	37	68	32	31	78	58	52	70	45	48	58	69	70	49	76	32	34	50	45	48	31	69	0	73	74	60
68	31	67	43	49	65	66	51	34	52	57	71	52	44	44	31	52	51	35	36	54	66	62	79	64	49	67	51	46	35	73	65	65	32	74	53	62	65	76	55	49	46	32	68	51	48	77	46	50	80	43	61	78	64	68	77	50	47	74	44	47	49	78	52	71	42	72	37	32	54	57	73	63	30	35	67	65	75	64	39	43	32	80	42	65	62	45	58	71	79	48	31	67	62	78	37	73	0	37	41
41	54	32	80	60	59	59	51	37	63	33	38	53	58	33	65	68	68	66	41	56	74	48	60	41	80	33	72	32	34	80	46	34	76	35	55	60	68	79	75	30	51	66	50	55	73	80	62	63	58	79	74	74	51	68	75	30	30	32	33	48	73	72	53	73	34	75	67	39	51	38	58	79	45	60	80	80	70	47	45	60	65	64	55	54	70	46	66	71	35	55	64	73	58	52	54	74	37	0	36
52	67	51	32	54	72	44	49	38	41	59	52	74	74	40	43	58	78	45	59	33	35	60	57	79	60	73	32	35	61	76	49	37	45	56	40	35	59	50	61	40	80	64	61	78	77	68	45	74	45	59	65	70	70	62	40	34	54	77	78	46	63	46	39	50	75	60	77	54	54	46	68	38	70	59	34	61	40	70	76	37	44	60	49	68	48	45	36	75	48	46	54	52	66	69	47	60	41	36	0

Initial health value of each distributed equipment: 
(Where columns denote demand points: 1 to 100.)
436.39	586.08	516.46	742.27	579.80	588.06	622.74	528.55	354.32	281.61	598.26	311.08	221.13	457.32	665.28	502.04	665.68	358.36	292.68	482.67	703.80	545.37	703.00	563.22	393.42	508.30	378.00	874.20	274.16	328.86	211.58	575.36	491.66	656.70	439.25	520.00	372.10	414.00	228.80	159.60	193.50	326.86	428.24	174.33	284.16	395.67	871.35	631.69	296.51	388.41	544.66	224.99	399.04	421.80	149.00	210.09	392.71	315.59	413.13	175.82	241.38	466.69	546.09	359.16	494.69	381.52	232.44	226.72	238.74	248.83	278.75	537.84	320.34	778.80	223.78	178.80	257.87	486.94	241.38	551.88	268.80	631.75	547.78	405.48	376.80	786.60	631.80	538.72	566.72	169.86	737.60	273.28	462.94	820.95	745.76	502.24	208.81	645.61	241.38	482.79

Spare parts types of different demand points: 
(where columns denote demand points: 1 to 100.)
9	15	12	7	5	12	2	10	2	4	7	15	14	1	8	5	10	1	11	15	2	7	14	5	14	4	1	3	11	2	8	5	9	2	15	6	2	14	9	15	10	9	6	8	1	13	1	3	2	8	3	14	13	12	15	10	6	3	13	5	10	13	12	13	4	2	6	9	13	6	15	3	9	1	13	9	12	3	6	4	1	2	9	5	10	2	11	1	7	5	10	5	12	11	9	3	10	2	10	9

inventory management cost per unit time of different types of orders: 
(where columns denote types of orders: 1 to 15.)
1.5	2.9	3	2	2.6	2.2	2.6	2.4	2.3	2.2	1.8	1.6	2	1.6	1.6

Maintenance cost per unit time of different worker: 
(Where rows denote strategy: 1 to 3,and columns denote available worker of each strategy: 1 to 4.)
4.6	3.7	4
3.5	4	3.6
4.3	3.2	5
4	4.7	5

The weight of tardiness cost of different demand points: 
(where columns denote demand points: 1 to 100.)
5.3	5.1	5.6	5.3	4.2	5.5	3.1	4.6	3.1	4.3	4.6	4.3	4.5	4.9	3.4	4.9	4.1	5.6	5.1	5.5	3.4	5.1	5.1	5.9	3.5	4	5.4	4.6	4.8	3.3	4.5	4.5	3.8	5	5.2	4.9	3.8	4.9	4.1	3	3.5	3.3	5.5	4.7	4.9	5.6	4.7	3	3.9	4.4	4.8	3.1	5.4	4	4.9	3.6	5.7	5.7	4.6	4	4	5	4.6	3.4	5.3	4	3.1	4.7	3.2	5.1	5	3.5	3.1	4.1	3.3	5.2	5.3	5	3.6	4	6	5.4	3.6	3.5	4.8	5.4	4.3	5.3	3.1	3.9	4	5.6	3.7	5.4	6	3	3.9	3.5	4.7	3.2

The waste of old spare part per unit time of each distributed equipment: 
(where columns denote demand points: 1 to 100.)
5.7	6.7	6.2	7.7	6	6.3	7	6.2	5.2	7.4	7.2	7.3	5	7.3	7.3	5.9	6.2	7.6	7.7	7.4	6.2	6.5	7.5	6.1	7.2	5.6	6.8	5.6	7.5	7.5	6.2	6.1	6.4	7.5	6.4	7.1	6	5.9	7.8	7.3	6.3	5.1	5.5	7.5	7.2	7.6	5.1	6.6	6.7	5.3	5.6	5.4	7.9	6.2	6.3	5.5	6.6	7.5	8	6.1	5.4	7.7	5.9	7.2	7	6.9	5.8	6.3	5.2	7.6	7.5	5.9	5.8	5.6	6.7	6	5.3	7.6	5.5	8	7.1	6	8	6.3	7	5.5	6.1	5.5	7	6.1	7.3	7.5	6.4	6.3	6.8	6.7	7.2	5.6	6.2	6.3

shutdown cost per unit time of each distributed equipment: 
(where columns denote demand points: 1 to 100.)
23.6	22.6	20.5	22.6	23.7	22.8	24.7	21.1	22.3	21.2	21	23.4	20.5	21.9	21.1	20.9	22.6	20.9	23	24.1	24.4	23.8	20.1	23.4	23.8	23.1	20.5	24.4	23	23.2	20.3	24	20.5	20.7	23.8	23.7	24.7	20.7	22.1	21.7	22.4	20.8	21.9	23.8	24.8	20.5	20.1	22.3	23.3	20.5	24.8	22.7	24.3	22.9	21.9	21.6	24.3	21.9	22.2	20.5	21.8	24.1	23.1	24.9	24.3	21.7	21.8	21.8	24	21	23.5	21.8	24.7	21.2	24.8	23.1	23.8	24.6	20.7	20.5	21.2	20.1	23.1	24	21.2	20.9	20.5	22.7	21.1	24.4	23.1	21.9	23.8	23.3	24.6	22.7	22.5	24.7	22.8	23.8

Deterioration rate of each piece of equipment:
(Where columns denote distributed equipment: 1 to 100.)
1.51	1.98	1.19	1.99	1.3	1.98	1.94	1.55	1.03	1.89	1.69	1.01	1.17	1.03	1.44	1.54	1.57	1.24	1.08	1.73	1.7	1.59	1.48	1.26	1.66	1.3	1.35	1.88	1.84	1.89	1.42	1.24	1.22	1.65	1.75	1.6	1.22	1.84	1.43	1.05	1.29	1.18	1.06	1.17	1.48	1.09	1.85	1.81	1.99	1.07	1.13	1.51	1.72	1.85	1	1.41	1.73	1.51	1.41	1.18	1.62	1.13	1.67	1.64	1.91	1.52	1.56	1.09	1.38	1.67	1.25	1.66	1.14	1.77	1.34	1.2	1.07	1.94	1.62	1.26	1.28	1.33	1.22	1.24	1.57	1.71	1.62	1.48	1.54	1.14	1.6	1.12	1.58	1.95	1.58	1.72	1.33	1.61	1.62	1.21

The processing time of different types of spare parts: 
(Where rows denote machines: 1 to 8,and columns denote types: 1 to 15.)
19	19	22	11	19	23	16	15	27	25	26	27	28	23	23
11	19	24	15	29	14	25	11	20	10	15	16	21	20	11
13	20	14	29	17	26	26	13	27	14	23	26	20	29	29
28	21	28	19	26	19	13	11	13	11	20	18	26	14	15
25	15	26	10	11	14	27	22	28	16	29	12	24	20	25
26	15	10	12	18	24	28	16	12	14	27	27	25	10	15
10	26	13	17	29	16	17	28	18	15	17	18	23	20	20
24	24	12	24	27	20	19	21	19	20	10	11	29	18	20

The maintenance time of different workers: 
(Where rows denote strategy: 1 to 3,and columns denote available worker of each strategy: 1 to 4.)
41	43	46
49	41	46
41	44	31
43	30	38

Repair degree of different strategies: 
(Where rows denote strategy: 1 to 34.)
0.55	0.55	0.64

Quantity of spare parts of each type reserved in each warehouse: 
(where rows denote warehouses£º1 to 6,and columns denote types£º1 to 15.)
1	6	8	9
1	1	1	2
1	2	4	6	8
2	1	1	1	1
2	4	5	12	13	14
1	1	1	1	1	2

Initial due date of each order: 
(Where columns denote order: 1 to 100.)
289	296	434	373	446	297	321	341	344	149	354	308	189	444	462	326	424	289	271	279	414	343	475	447	237	391	280	465	149	174	149	464	403	398	251	325	305	225	160	152	150	277	404	149	192	363	471	349	149	363	482	149	232	228	149	149	227	209	293	149	149	413	327	219	259	251	149	208	173	149	223	324	281	440	167	149	241	251	149	438	210	475	449	327	240	460	390	364	368	149	461	244	293	421	472	292	157	401	149	399

Maintenance starting time window of each piece of equipment: 
(Where rows denote Lower and Upper bounds of Maintenance starting time window: 1 to 2,and columns denote distributed equipment: 1 to 100.)
202.3	207.2	303.8	261.1	312.2	207.9	224.7	238.7	240.8	104.3	247.8	215.6	132.3	310.8	323.4	228.2	296.8	202.3	189.7	195.3	289.8	240.1	332.5	312.9	165.9	273.7	196	325.5	104.3	121.8	104.3	324.8	282.1	278.6	175.7	227.5	213.5	157.5	112	106.4	105	193.9	282.8	104.3	134.4	254.1	329.7	244.3	104.3	254.1	337.4	104.3	162.4	159.6	104.3	104.3	158.9	146.3	205.1	104.3	104.3	289.1	228.9	153.3	181.3	175.7	104.3	145.6	121.1	104.3	156.1	226.8	196.7	308	116.9	104.3	168.7	175.7	104.3	306.6	147	332.5	314.3	228.9	168	322	273	254.8	257.6	104.3	322.7	170.8	205.1	294.7	330.4	204.4	109.9	280.7	104.3	279.3
260.1	266.4	390.6	335.7	401.4	267.3	288.9	306.9	309.6	134.1	318.6	277.2	170.1	399.6	415.8	293.4	381.6	260.1	243.9	251.1	372.6	308.7	427.5	402.3	213.3	351.9	252	418.5	134.1	156.6	134.1	417.6	362.7	358.2	225.9	292.5	274.5	202.5	144	136.8	135	249.3	363.6	134.1	172.8	326.7	423.9	314.1	134.1	326.7	433.8	134.1	208.8	205.2	134.1	134.1	204.3	188.1	263.7	134.1	134.1	371.7	294.3	197.1	233.1	225.9	134.1	187.2	155.7	134.1	200.7	291.6	252.9	396	150.3	134.1	216.9	225.9	134.1	394.2	189	427.5	404.1	294.3	216	414	351	327.6	331.2	134.1	414.9	219.6	263.7	378.9	424.8	262.8	141.3	360.9	134.1	359.1

