Number of orders: 
100

Number of factories\warehouses: 
3

Number of machines per factory: 
5

Number of types of spare parts: 
5

Number of maintenance strategies: 
3

Number of available workers per strategy: 
3

Transportation cost per unit time: 
3

Transprotation time between factories/warehouses and demand points: 
(Where rows denote factories: 1 to 3 ,and columns denote demand points: 1 to 100.)
79	132	99	81	139	79	126	114	141	57	108	82	49	144	117	61	144	120	126	52	136	50	98	140	94	78	98	137	88	56	65	141	59	148	113	62	143	76	47	59	88	125	139	94	53	78	109	78	76	43	73	103	34	122	133	129	44	54	85	74	140	31	36	141	138	102	114	115	30	46	125	128	81	50	118	97	79	114	106	85	123	143	88	133	101	90	73	57	51	94	32	94	108	44	98	79	31	144	59	148
88	87	119	46	114	97	81	36	89	112	42	145	41	108	40	72	116	126	133	67	39	128	52	101	113	101	31	37	41	37	121	113	148	125	78	149	135	39	46	72	103	87	120	78	30	55	42	126	93	48	100	139	63	84	95	116	33	143	80	106	131	44	105	133	130	96	90	102	62	79	117	105	121	90	149	149	130	39	145	74	42	33	48	49	107	32	108	85	102	53	144	144	91	49	41	105	89	144	65	133
60	112	62	116	138	72	69	104	51	81	62	71	109	121	71	99	33	110	82	123	135	130	42	135	81	135	136	35	31	112	31	39	132	83	125	123	92	108	63	31	90	34	55	93	38	90	68	147	36	67	125	95	112	123	139	137	138	112	85	93	119	67	117	141	145	123	132	75	45	72	143	94	92	87	130	120	44	146	35	121	115	92	71	39	113	101	69	147	127	127	102	44	47	114	109	123	96	69	56	102

Tranfer time of each worker between two different demand points: 
(Where rows and columns both denote demands points: 1 to 100.)
0	50	78	42	45	40	63	75	54	44	45	61	52	53	30	31	45	69	79	77	69	32	64	34	38	31	42	49	74	70	54	39	68	65	62	47	40	67	48	67	69	36	43	39	55	65	46	48	59	36	63	44	64	68	71	51	53	47	59	56	48	35	72	80	66	70	32	46	77	66	71	55	68	59	35	47	50	78	35	71	38	50	74	40	70	77	47	60	45	42	50	61	35	35	45	55	49	63	44	65
50	0	50	31	69	68	65	48	72	72	50	47	70	51	46	75	55	36	36	72	68	39	77	69	50	50	33	77	78	51	52	31	37	36	43	38	76	56	56	70	62	67	37	76	71	69	31	44	63	68	56	53	58	32	58	50	52	40	56	53	76	38	79	40	51	64	61	73	48	39	65	44	70	49	39	59	62	70	39	54	32	80	41	32	65	45	52	44	53	66	31	61	58	33	62	68	77	38	33	59
78	50	0	60	65	38	38	60	63	49	46	63	65	54	51	75	76	32	45	35	58	46	62	46	52	71	74	49	52	39	42	44	40	34	51	54	45	72	63	74	31	76	77	61	77	79	65	76	59	39	52	52	31	68	30	54	33	63	32	44	50	80	43	44	32	44	34	30	48	50	41	79	67	62	36	76	30	52	59	34	51	34	56	65	79	78	61	59	54	69	57	71	65	49	40	41	54	54	65	55
42	31	60	0	32	32	46	40	42	49	32	76	59	62	34	65	72	34	36	80	78	71	53	39	49	60	37	40	33	66	71	66	34	45	37	45	56	39	30	33	60	78	52	47	52	77	64	54	69	60	79	55	50	80	41	31	36	43	80	66	56	53	78	75	36	31	56	54	77	59	67	56	32	31	44	78	79	78	61	77	71	73	54	62	48	70	38	74	60	76	79	37	67	77	45	61	43	57	32	45
45	69	65	32	0	34	55	69	60	30	64	56	60	45	73	68	60	57	62	68	47	79	42	67	45	60	80	76	50	52	59	57	61	46	41	68	55	38	61	38	35	45	34	36	62	67	74	47	51	34	55	64	67	58	51	72	73	62	62	30	43	38	55	67	45	42	30	80	48	37	46	61	60	44	52	66	72	56	73	66	46	41	62	74	70	60	78	43	38	73	73	80	69	45	51	39	71	75	78	69
40	68	38	32	34	0	44	63	70	37	72	30	40	80	44	48	58	69	39	42	51	56	60	53	52	31	45	40	64	80	51	53	43	58	40	35	37	30	65	64	37	34	74	70	47	30	71	66	74	80	76	62	61	42	57	78	51	78	42	69	73	65	54	63	79	36	73	32	39	41	79	73	52	62	34	34	72	60	63	33	57	30	31	50	54	70	60	63	51	40	35	34	40	48	40	41	77	46	43	53
63	65	38	46	55	44	0	77	79	55	31	63	64	64	45	32	60	33	41	38	41	67	35	53	70	71	74	41	75	31	59	41	50	60	55	74	35	44	33	65	76	64	66	74	72	68	32	60	71	73	78	76	71	30	31	74	56	44	76	38	54	66	71	42	34	37	39	34	45	78	71	46	78	47	53	77	70	73	66	65	66	68	67	55	38	68	70	80	37	46	59	41	52	38	76	33	69	71	70	61
75	48	60	40	69	63	77	0	60	77	74	43	46	63	60	43	46	31	45	50	50	37	63	61	51	67	80	55	78	74	44	49	32	74	32	55	80	55	36	60	73	40	73	44	33	35	65	30	30	71	51	43	79	33	56	30	64	51	78	77	45	33	55	70	30	31	51	74	76	62	45	53	48	43	64	54	74	69	54	35	46	69	31	35	79	79	75	30	41	40	37	66	59	48	33	45	67	59	32	54
54	72	63	42	60	70	79	60	0	77	60	48	42	67	47	49	61	47	52	40	64	43	71	49	65	53	67	62	43	71	38	40	32	62	61	56	43	76	60	31	62	67	55	73	76	66	73	55	67	73	38	77	76	59	80	46	74	77	61	44	69	79	79	39	37	61	60	59	32	63	51	49	80	33	72	56	46	64	77	62	32	47	31	74	68	39	75	74	36	73	69	41	53	80	41	74	37	48	79	60
44	72	49	49	30	37	55	77	77	0	80	77	39	63	62	48	48	79	45	70	41	36	59	77	37	59	37	77	36	74	48	71	46	72	35	56	69	66	49	54	71	51	50	36	64	67	76	30	52	33	62	53	48	52	75	37	76	80	61	47	47	57	67	56	40	31	34	41	55	33	66	70	33	44	75	44	52	72	66	77	33	52	51	35	40	69	64	80	67	53	45	63	36	66	68	77	68	74	74	65
45	50	46	32	64	72	31	74	60	80	0	66	62	68	31	52	39	60	37	67	76	53	58	71	64	50	52	46	48	74	66	67	34	31	39	42	69	51	71	80	50	75	51	46	80	30	54	35	48	58	73	57	61	68	53	35	60	60	76	58	57	74	34	54	64	31	77	77	50	43	78	42	70	38	31	67	80	69	37	36	68	68	69	44	32	51	43	68	67	76	73	37	32	76	43	67	50	80	37	64
61	47	63	76	56	30	63	43	48	77	66	0	77	43	54	55	47	78	36	42	39	73	80	53	64	62	71	74	71	35	39	40	45	76	66	43	58	43	34	54	57	80	58	60	55	60	62	51	39	63	65	76	64	74	72	73	40	80	77	78	67	34	48	60	73	31	54	80	32	50	75	35	80	60	36	48	60	59	35	52	63	50	48	71	73	40	48	37	33	41	49	75	71	72	47	70	45	56	41	74
52	70	65	59	60	40	64	46	42	39	62	77	0	37	50	65	49	43	59	71	31	58	65	65	63	78	41	56	67	59	67	74	50	69	77	65	42	61	55	63	34	46	65	58	47	65	57	62	62	63	38	77	73	35	51	46	36	34	66	79	31	46	62	39	73	40	74	52	37	73	76	56	45	68	52	76	73	61	50	50	52	52	76	59	34	75	74	56	59	48	31	44	74	70	52	58	60	60	38	65
53	51	54	62	45	80	64	63	67	63	68	43	37	0	69	33	67	77	35	39	37	31	77	70	60	54	35	75	35	74	30	55	62	58	68	64	74	38	42	38	46	54	32	73	55	66	76	67	31	46	56	40	33	50	39	66	52	74	47	73	51	79	53	42	80	73	77	51	68	74	78	52	67	31	46	78	49	47	66	45	37	51	56	39	72	57	54	31	63	54	51	30	72	60	67	78	61	54	47	54
30	46	51	34	73	44	45	60	47	62	31	54	50	69	0	60	76	78	34	79	58	50	57	62	30	76	42	62	41	50	50	39	40	71	38	64	50	44	48	79	31	34	69	63	77	43	78	49	80	58	52	44	65	63	76	78	32	44	33	71	67	44	58	68	57	64	36	34	47	51	76	66	71	62	73	36	47	76	65	60	77	73	49	39	36	31	57	53	38	73	39	59	36	50	68	54	59	65	44	70
31	75	75	65	68	48	32	43	49	48	52	55	65	33	60	0	62	47	39	76	67	74	37	31	66	30	58	47	35	59	52	65	36	34	31	62	71	76	30	58	72	70	47	58	60	64	80	68	48	58	41	57	49	56	32	35	51	67	31	37	79	33	71	64	48	49	56	70	77	62	43	60	58	52	30	49	71	71	49	31	62	62	71	30	66	41	67	65	49	59	80	39	55	43	67	39	49	67	30	39
45	55	76	72	60	58	60	46	61	48	39	47	49	67	76	62	0	45	40	30	78	36	56	64	64	70	37	76	76	47	39	65	67	46	75	31	47	34	54	80	54	36	55	44	43	48	67	47	64	36	49	74	30	76	52	45	79	39	62	42	78	39	34	45	56	42	42	46	38	69	71	59	41	34	70	53	41	54	39	67	63	47	38	56	72	40	70	68	52	73	43	66	66	79	67	57	64	36	51	76
69	36	32	34	57	69	33	31	47	79	60	78	43	77	78	47	45	0	30	55	71	58	79	46	59	30	32	37	57	54	51	60	45	37	70	38	41	30	65	31	66	32	76	79	71	59	65	64	79	41	32	57	75	68	69	32	43	50	32	51	77	64	70	57	77	58	38	32	43	55	53	48	56	39	41	59	50	70	45	42	47	73	61	66	75	62	33	50	77	38	71	39	39	46	41	34	65	59	42	30
79	36	45	36	62	39	41	45	52	45	37	36	59	35	34	39	40	30	0	73	43	46	62	61	50	50	48	76	44	42	48	67	52	77	43	65	31	52	40	68	77	68	50	60	67	73	78	74	46	55	38	66	59	72	33	49	63	63	46	59	41	39	79	52	69	76	49	59	49	62	33	45	37	39	37	46	63	38	68	41	60	57	37	39	53	70	53	78	58	45	42	30	49	72	37	78	46	42	66	59
77	72	35	80	68	42	38	50	40	70	67	42	71	39	79	76	30	55	73	0	63	57	79	60	45	67	65	30	43	43	60	71	75	73	33	30	54	75	37	56	59	32	65	55	77	67	31	56	67	79	48	44	61	33	44	32	76	60	46	39	43	32	78	63	40	80	65	42	36	55	58	34	39	62	54	71	50	59	76	31	73	70	32	51	35	68	76	62	34	75	42	46	63	43	65	60	61	58	38	45
69	68	58	78	47	51	41	50	64	41	76	39	31	37	58	67	78	71	43	63	0	74	60	52	43	76	52	52	80	63	51	58	63	60	39	40	55	72	42	35	69	74	77	49	47	56	35	37	78	60	37	61	73	50	50	77	32	38	38	31	55	43	65	48	41	50	67	75	33	51	61	63	59	70	37	32	39	52	38	76	48	64	54	61	54	70	63	47	45	31	50	41	36	47	74	71	44	33	39	72
32	39	46	71	79	56	67	37	43	36	53	73	58	31	50	74	36	58	46	57	74	0	73	57	31	48	72	79	79	58	62	31	75	33	76	67	51	32	71	31	76	56	60	78	62	57	49	38	37	61	80	31	45	40	58	80	55	35	54	61	41	73	50	73	30	47	61	44	42	55	55	51	67	62	60	50	65	30	62	70	62	73	30	66	78	78	66	51	67	65	34	61	77	37	62	48	78	54	48	75
64	77	62	53	42	60	35	63	71	59	58	80	65	77	57	37	56	79	62	79	60	73	0	41	76	59	73	80	44	58	36	41	66	47	60	58	72	49	33	43	69	33	36	71	48	73	53	41	42	52	74	73	54	71	75	51	63	70	76	61	34	34	66	75	69	32	58	56	52	80	50	80	71	49	30	35	58	48	35	37	52	67	50	66	44	77	33	61	71	53	64	80	48	78	58	31	48	52	64	73
34	69	46	39	67	53	53	61	49	77	71	53	65	70	62	31	64	46	61	60	52	57	41	0	76	57	60	67	30	52	40	35	66	68	62	50	61	50	43	38	30	36	52	70	54	73	46	71	71	74	72	38	36	48	37	48	59	76	74	48	30	47	69	76	49	67	74	56	78	52	68	76	49	52	68	75	47	67	74	40	49	44	51	69	37	74	66	42	70	67	71	49	80	46	43	64	51	49	73	57
38	50	52	49	45	52	70	51	65	37	64	64	63	60	30	66	64	59	50	45	43	31	76	76	0	41	66	67	75	41	52	65	74	70	39	68	32	53	55	51	67	44	58	69	32	72	42	78	36	47	46	70	57	58	36	43	53	32	46	44	66	79	71	44	71	42	56	57	60	80	80	39	57	42	75	71	43	55	54	58	79	58	46	67	66	60	62	63	78	70	49	30	59	60	79	49	59	34	36	34
31	50	71	60	60	31	71	67	53	59	50	62	78	54	76	30	70	30	50	67	76	48	59	57	41	0	56	41	32	49	77	39	53	51	31	50	50	61	76	76	52	78	72	52	74	43	68	59	63	66	73	43	38	40	67	36	38	75	46	67	34	75	76	55	63	49	68	65	61	78	69	62	63	79	63	46	37	34	71	56	61	65	35	76	33	37	53	79	32	50	60	66	40	69	79	30	49	41	36	36
42	33	74	37	80	45	74	80	67	37	52	71	41	35	42	58	37	32	48	65	52	72	73	60	66	56	0	78	76	70	44	32	63	68	70	49	30	36	56	68	69	73	32	70	58	62	52	77	50	78	43	77	55	40	47	58	35	72	72	75	31	71	38	72	58	74	77	48	55	34	41	54	32	67	44	55	38	56	58	50	75	80	34	66	71	69	72	41	72	67	50	49	73	73	64	30	54	62	65	68
49	77	49	40	76	40	41	55	62	77	46	74	56	75	62	47	76	37	76	30	52	79	80	67	67	41	78	0	36	42	30	33	80	35	31	69	79	31	44	66	56	64	32	68	44	48	34	75	66	30	44	31	41	58	64	67	65	55	69	42	80	47	50	36	80	67	55	55	44	60	51	75	45	56	79	80	70	37	31	35	67	41	65	56	34	76	71	75	59	69	36	45	51	41	39	63	51	60	40	34
74	78	52	33	50	64	75	78	43	36	48	71	67	35	41	35	76	57	44	43	80	79	44	30	75	32	76	36	0	58	39	49	48	71	51	68	36	37	56	58	64	49	79	76	51	78	54	52	72	30	50	55	71	66	69	53	58	63	40	54	30	70	52	40	59	31	41	39	79	64	70	68	48	35	61	59	37	32	46	50	65	78	34	34	69	49	73	35	51	34	76	34	36	34	60	41	64	67	41	65
70	51	39	66	52	80	31	74	71	74	74	35	59	74	50	59	47	54	42	43	63	58	58	52	41	49	70	42	58	0	58	72	64	63	70	64	50	50	70	31	31	47	49	54	38	51	44	40	55	53	60	48	63	58	56	34	47	48	44	67	33	30	58	34	60	42	67	62	74	50	74	57	51	63	33	66	75	77	54	72	50	42	56	43	70	67	30	45	68	74	43	58	53	64	75	37	51	74	51	32
54	52	42	71	59	51	59	44	38	48	66	39	67	30	50	52	39	51	48	60	51	62	36	40	52	77	44	30	39	58	0	47	66	53	37	54	60	68	77	64	70	51	60	63	58	31	30	50	71	32	70	60	73	62	41	41	70	69	45	60	38	78	37	31	61	70	50	65	35	42	47	52	78	54	60	55	55	39	42	58	74	64	37	52	41	75	45	77	33	48	59	33	62	52	65	46	80	60	36	42
39	31	44	66	57	53	41	49	40	71	67	40	74	55	39	65	65	60	67	71	58	31	41	35	65	39	32	33	49	72	47	0	35	52	30	68	63	66	80	49	59	64	31	44	31	66	30	33	32	58	39	47	59	60	58	44	37	74	48	52	41	80	54	66	61	70	71	60	50	68	68	59	51	59	59	33	35	49	51	55	41	50	68	69	72	30	46	44	49	54	68	41	71	76	33	63	51	35	35	75
68	37	40	34	61	43	50	32	32	46	34	45	50	62	40	36	67	45	52	75	63	75	66	66	74	53	63	80	48	64	66	35	0	42	62	43	74	63	58	71	74	43	57	32	63	57	66	61	40	42	63	55	46	77	80	34	56	79	67	71	30	47	76	75	54	55	33	42	51	67	58	80	32	70	43	50	74	74	33	30	53	79	36	74	51	79	55	77	61	34	42	31	56	69	50	67	64	68	52	51
65	36	34	45	46	58	60	74	62	72	31	76	69	58	71	34	46	37	77	73	60	33	47	68	70	51	68	35	71	63	53	52	42	0	45	39	50	58	53	54	77	45	46	53	40	41	73	63	37	64	57	68	67	76	71	75	39	69	66	48	44	70	52	64	65	58	59	62	59	75	31	66	52	51	76	42	58	44	38	42	36	51	51	30	48	72	58	38	39	79	78	62	39	45	76	63	35	40	56	42
62	43	51	37	41	40	55	32	61	35	39	66	77	68	38	31	75	70	43	33	39	76	60	62	39	31	70	31	51	70	37	30	62	45	0	65	64	34	79	52	35	45	56	72	40	50	69	76	49	55	59	52	48	56	60	43	53	37	71	32	41	52	67	36	55	59	50	74	47	49	62	75	38	65	59	43	80	55	52	64	66	33	36	41	48	52	38	65	75	51	47	31	70	48	38	43	65	59	80	40
47	38	54	45	68	35	74	55	56	56	42	43	65	64	64	62	31	38	65	30	40	67	58	50	68	50	49	69	68	64	54	68	43	39	65	0	52	47	64	53	77	46	49	47	79	64	38	69	40	53	53	60	79	64	39	67	78	53	51	61	71	30	52	48	61	43	62	64	49	58	68	57	70	70	55	43	64	66	37	79	72	35	77	32	48	53	59	77	41	75	74	42	55	33	73	71	42	36	60	56
40	76	45	56	55	37	35	80	43	69	69	58	42	74	50	71	47	41	31	54	55	51	72	61	32	50	30	79	36	50	60	63	74	50	64	52	0	64	36	55	48	56	69	67	53	70	62	40	41	64	63	35	54	73	50	44	56	55	70	57	73	53	43	49	48	62	38	68	73	53	61	67	40	60	46	37	53	78	59	37	54	39	47	58	71	72	35	65	38	67	53	30	77	51	59	41	48	48	36	63
67	56	72	39	38	30	44	55	76	66	51	43	61	38	44	76	34	30	52	75	72	32	49	50	53	61	36	31	37	50	68	66	63	58	34	47	64	0	70	52	41	79	73	47	35	73	77	72	61	62	65	34	47	77	44	32	30	61	36	50	80	58	61	64	35	43	79	74	60	80	68	80	37	79	67	74	72	47	42	51	47	62	32	32	73	40	45	43	38	30	64	42	68	50	70	63	77	76	46	32
48	56	63	30	61	65	33	36	60	49	71	34	55	42	48	30	54	65	40	37	42	71	33	43	55	76	56	44	56	70	77	80	58	53	79	64	36	70	0	33	53	57	70	40	48	33	37	57	49	72	34	65	40	30	62	66	31	31	64	51	56	52	64	72	33	75	58	31	64	65	37	66	62	57	31	69	69	77	45	79	32	73	62	45	65	61	40	80	44	44	53	38	40	67	49	35	76	60	61	59
67	70	74	33	38	64	65	60	31	54	80	54	63	38	79	58	80	31	68	56	35	31	43	38	51	76	68	66	58	31	64	49	71	54	52	53	55	52	33	0	71	54	38	69	66	50	34	66	62	59	32	70	41	69	71	74	61	70	71	61	34	45	54	43	72	33	30	58	55	69	73	52	34	43	64	76	42	39	36	62	44	64	55	30	47	79	45	48	41	73	55	73	53	46	70	49	69	64	35	49
69	62	31	60	35	37	76	73	62	71	50	57	34	46	31	72	54	66	77	59	69	76	69	30	67	52	69	56	64	31	70	59	74	77	35	77	48	41	53	71	0	37	73	47	49	47	69	60	61	32	60	55	40	70	71	60	80	70	60	70	31	61	38	45	75	58	32	34	55	80	53	74	50	50	67	51	49	43	68	73	64	77	72	77	49	60	36	55	33	53	55	75	53	52	42	35	44	53	34	63
36	67	76	78	45	34	64	40	67	51	75	80	46	54	34	70	36	32	68	32	74	56	33	36	44	78	73	64	49	47	51	64	43	45	45	46	56	79	57	54	37	0	56	65	58	56	55	51	41	53	60	59	48	34	80	60	30	64	74	52	56	44	32	64	56	67	62	60	65	63	75	63	49	47	32	68	68	73	59	75	50	41	47	66	50	33	75	59	77	77	48	39	39	56	44	57	59	61	38	80
43	37	77	52	34	74	66	73	55	50	51	58	65	32	69	47	55	76	50	65	77	60	36	52	58	72	32	32	79	49	60	31	57	46	56	49	69	73	70	38	73	56	0	68	51	44	64	69	49	37	57	62	45	69	62	78	55	38	49	31	74	48	70	49	46	78	79	73	66	59	54	30	37	43	45	36	41	52	78	49	72	67	47	46	63	63	77	53	52	78	53	51	47	32	40	44	35	80	66	62
39	76	61	47	36	70	74	44	73	36	46	60	58	73	63	58	44	79	60	55	49	78	71	70	69	52	70	68	76	54	63	44	32	53	72	47	67	47	40	69	47	65	68	0	64	43	73	44	36	69	50	42	44	61	54	55	33	61	58	44	78	68	61	46	34	63	64	79	72	30	48	54	63	43	46	60	47	30	40	63	40	53	34	58	80	56	59	36	74	44	64	68	68	43	55	70	67	77	66	68
55	71	77	52	62	47	72	33	76	64	80	55	47	55	77	60	43	71	67	77	47	62	48	54	32	74	58	44	51	38	58	31	63	40	40	79	53	35	48	66	49	58	51	64	0	67	62	32	42	66	76	65	53	49	53	65	46	62	68	65	33	57	61	37	58	62	64	30	66	31	72	69	49	76	60	30	53	51	54	48	70	40	67	48	70	69	37	40	36	44	52	32	58	73	43	79	74	61	42	77
65	69	79	77	67	30	68	35	66	67	30	60	65	66	43	64	48	59	73	67	56	57	73	73	72	43	62	48	78	51	31	66	57	41	50	64	70	73	33	50	47	56	44	43	67	0	47	33	45	54	76	34	51	62	36	31	65	60	31	42	37	62	58	70	79	62	69	78	42	64	70	43	38	49	73	66	45	51	37	33	54	69	66	56	32	31	58	66	80	68	76	34	77	72	68	50	71	56	31	35
46	31	65	64	74	71	32	65	73	76	54	62	57	76	78	80	67	65	78	31	35	49	53	46	42	68	52	34	54	44	30	30	66	73	69	38	62	77	37	34	69	55	64	73	62	47	0	69	44	54	39	49	52	41	30	44	60	33	79	68	62	46	44	65	59	60	80	31	73	75	80	39	71	44	43	39	40	49	36	52	36	78	52	63	46	48	38	32	80	60	65	51	38	30	40	63	39	49	66	71
48	44	76	54	47	66	60	30	55	30	35	51	62	67	49	68	47	64	74	56	37	38	41	71	78	59	77	75	52	40	50	33	61	63	76	69	40	72	57	66	60	51	69	44	32	33	69	0	34	71	39	63	56	42	55	40	77	46	54	30	41	33	39	35	34	78	41	43	79	77	52	80	70	52	30	35	35	70	79	65	80	54	58	71	58	55	39	49	65	45	62	78	77	75	64	34	69	70	69	71
59	63	59	69	51	74	71	30	67	52	48	39	62	31	80	48	64	79	46	67	78	37	42	71	36	63	50	66	72	55	71	32	40	37	49	40	41	61	49	62	61	41	49	36	42	45	44	34	0	41	73	79	73	73	62	50	41	78	51	55	73	76	33	66	49	74	33	79	62	34	59	40	65	39	71	74	65	62	61	40	42	45	45	58	38	66	38	77	70	79	52	64	46	43	76	39	54	59	66	48
36	68	39	60	34	80	73	71	73	33	58	63	63	46	58	58	36	41	55	79	60	61	52	74	47	66	78	30	30	53	32	58	42	64	55	53	64	62	72	59	32	53	37	69	66	54	54	71	41	0	31	39	31	54	78	77	80	69	65	69	55	30	75	78	35	64	55	52	32	76	51	69	72	57	32	53	40	80	65	67	31	52	57	80	42	80	42	58	41	30	66	52	32	71	47	72	50	76	58	35
63	56	52	79	55	76	78	51	38	62	73	65	38	56	52	41	49	32	38	48	37	80	74	72	46	73	43	44	50	60	70	39	63	57	59	53	63	65	34	32	60	60	57	50	76	76	39	39	73	31	0	67	41	62	36	68	48	47	58	72	75	69	65	52	75	63	55	63	73	59	38	66	38	49	65	52	73	66	38	71	33	47	56	31	30	32	34	72	53	76	67	49	38	78	55	64	37	38	75	60
44	53	52	55	64	62	76	43	77	53	57	76	77	40	44	57	74	57	66	44	61	31	73	38	70	43	77	31	55	48	60	47	55	68	52	60	35	34	65	70	55	59	62	42	65	34	49	63	79	39	67	0	30	61	68	34	60	46	37	50	63	75	60	74	73	68	55	60	47	48	49	37	35	40	48	64	46	49	63	71	66	66	45	66	72	42	66	55	79	69	73	43	64	75	64	46	50	37	65	48
64	58	31	50	67	61	71	79	76	48	61	64	73	33	65	49	30	75	59	61	73	45	54	36	57	38	55	41	71	63	73	59	46	67	48	79	54	47	40	41	40	48	45	44	53	51	52	56	73	31	41	30	0	59	51	33	62	78	38	77	68	34	70	46	39	58	50	73	44	55	43	50	42	72	59	72	39	62	54	48	65	67	62	58	34	56	37	43	48	52	51	79	61	54	65	61	66	39	43	45
68	32	68	80	58	42	30	33	59	52	68	74	35	50	63	56	76	68	72	33	50	40	71	48	58	40	40	58	66	58	62	60	77	76	56	64	73	77	30	69	70	34	69	61	49	62	41	42	73	54	62	61	59	0	39	50	62	68	60	70	77	45	61	64	34	77	42	55	78	55	67	74	42	56	74	59	67	33	73	32	50	64	30	70	68	43	61	68	79	63	63	58	44	71	58	41	74	79	48	53
71	58	30	41	51	57	31	56	80	75	53	72	51	39	76	32	52	69	33	44	50	58	75	37	36	67	47	64	69	56	41	58	80	71	60	39	50	44	62	71	71	80	62	54	53	36	30	55	62	78	36	68	51	39	0	63	55	35	79	40	78	44	46	45	78	55	80	55	45	67	41	78	77	62	47	72	35	30	78	45	51	63	65	30	66	65	63	51	55	68	37	41	31	59	50	68	72	58	48	78
51	50	54	31	72	78	74	30	46	37	35	73	46	66	78	35	45	32	49	32	77	80	51	48	43	36	58	67	53	34	41	44	34	75	43	67	44	32	66	74	60	60	78	55	65	31	44	40	50	77	68	34	33	50	63	0	79	68	73	59	56	38	50	35	77	38	47	49	56	54	58	56	65	66	42	45	56	40	31	66	36	79	78	35	31	77	51	67	72	67	36	54	78	76	37	62	32	46	38	75
53	52	33	36	73	51	56	64	74	76	60	40	36	52	32	51	79	43	63	76	32	55	63	59	53	38	35	65	58	47	70	37	56	39	53	78	56	30	31	61	80	30	55	33	46	65	60	77	41	80	48	60	62	62	55	79	0	47	51	73	76	56	38	53	45	35	38	53	53	72	34	42	47	39	59	45	62	70	69	65	77	69	69	55	52	51	45	62	52	46	71	78	78	51	57	40	69	63	60	66
47	40	63	43	62	78	44	51	77	80	60	80	34	74	44	67	39	50	63	60	38	35	70	76	32	75	72	55	63	48	69	74	79	69	37	53	55	61	31	70	70	64	38	61	62	60	33	46	78	69	47	46	78	68	35	68	47	0	54	50	80	51	42	34	33	55	73	59	44	31	69	31	43	71	80	70	57	70	48	56	53	66	55	65	68	57	77	52	75	71	65	59	31	44	49	72	37	78	64	42
59	56	32	80	62	42	76	78	61	61	76	77	66	47	33	31	62	32	46	46	38	54	76	74	46	46	72	69	40	44	45	48	67	66	71	51	70	36	64	71	60	74	49	58	68	31	79	54	51	65	58	37	38	60	79	73	51	54	0	79	51	34	42	58	63	34	77	48	65	72	76	79	33	64	78	46	39	50	38	66	52	75	42	31	51	71	68	60	36	30	31	61	73	32	30	39	67	54	80	41
56	53	44	66	30	69	38	77	44	47	58	78	79	73	71	37	42	51	59	39	31	61	61	48	44	67	75	42	54	67	60	52	71	48	32	61	57	50	51	61	70	52	31	44	65	42	68	30	55	69	72	50	77	70	40	59	73	50	79	0	42	49	36	66	57	62	36	44	64	34	77	80	44	51	67	38	37	58	68	68	54	37	34	78	65	43	34	46	62	36	61	50	32	80	48	79	79	66	74	70
48	76	50	56	43	73	54	45	69	47	57	67	31	51	67	79	78	77	41	43	55	41	34	30	66	34	31	80	30	33	38	41	30	44	41	71	73	80	56	34	31	56	74	78	33	37	62	41	73	55	75	63	68	77	78	56	76	80	51	42	0	37	37	66	36	75	51	70	33	67	47	70	34	36	79	73	30	58	42	56	42	50	31	63	64	68	52	53	74	74	66	48	48	65	69	33	41	33	77	42
35	38	80	53	38	65	66	33	79	57	74	34	46	79	44	33	39	64	39	32	43	73	34	47	79	75	71	47	70	30	78	80	47	70	52	30	53	58	52	45	61	44	48	68	57	62	46	33	76	30	69	75	34	45	44	38	56	51	34	49	37	0	76	51	76	41	70	50	42	59	76	32	75	53	80	33	77	30	45	41	46	36	30	48	48	63	62	75	45	74	42	78	51	49	66	59	47	53	33	78
72	79	43	78	55	54	71	55	79	67	34	48	62	53	58	71	34	70	79	78	65	50	66	69	71	76	38	50	52	58	37	54	76	52	67	52	43	61	64	54	38	32	70	61	61	58	44	39	33	75	65	60	70	61	46	50	38	42	42	36	37	76	0	57	47	35	34	63	36	49	58	80	77	40	45	32	32	60	41	43	67	57	52	37	41	38	60	71	69	65	44	57	51	36	54	32	79	39	58	33
80	40	44	75	67	63	42	70	39	56	54	60	39	42	68	64	45	57	52	63	48	73	75	76	44	55	72	36	40	34	31	66	75	64	36	48	49	64	72	43	45	64	49	46	37	70	65	35	66	78	52	74	46	64	45	35	53	34	58	66	66	51	57	0	78	45	38	32	32	53	58	71	33	44	36	68	42	72	70	71	42	75	70	77	32	68	48	35	60	61	36	34	47	33	67	54	61	43	48	30
66	51	32	36	45	79	34	30	37	40	64	73	73	80	57	48	56	77	69	40	41	30	69	49	71	63	58	80	59	60	61	61	54	65	55	61	48	35	33	72	75	56	46	34	58	79	59	34	49	35	75	73	39	34	78	77	45	33	63	57	36	76	47	78	0	68	42	71	34	66	53	74	75	53	51	34	61	52	59	74	56	46	37	78	37	47	78	68	58	40	39	38	56	72	46	78	41	72	42	74
70	64	44	31	42	36	37	31	61	31	31	31	40	73	64	49	42	58	76	80	50	47	32	67	42	49	74	67	31	42	70	70	55	58	59	43	62	43	75	33	58	67	78	63	62	62	60	78	74	64	63	68	58	77	55	38	35	55	34	62	75	41	35	45	68	0	39	38	56	67	44	67	32	57	63	38	70	69	79	33	63	61	80	62	71	60	37	47	76	72	56	65	30	34	69	53	73	36	49	49
32	61	34	56	30	73	39	51	60	34	77	54	74	77	36	56	42	38	49	65	67	61	58	74	56	68	77	55	41	67	50	71	33	59	50	62	38	79	58	30	32	62	79	64	64	69	80	41	33	55	55	55	50	42	80	47	38	73	77	36	51	70	34	38	42	39	0	61	63	77	56	31	69	65	38	52	78	31	65	57	78	77	38	67	44	62	43	71	67	47	52	41	33	48	35	73	61	80	75	79
46	73	30	54	80	32	34	74	59	41	77	80	52	51	34	70	46	32	59	42	75	44	56	56	57	65	48	55	39	62	65	60	42	62	74	64	68	74	31	58	34	60	73	79	30	78	31	43	79	52	63	60	73	55	55	49	53	59	48	44	70	50	63	32	71	38	61	0	53	30	31	48	48	56	56	64	50	50	65	42	33	44	58	37	48	68	52	74	55	33	51	75	37	41	35	63	63	63	62	52
77	48	48	77	48	39	45	76	32	55	50	32	37	68	47	77	38	43	49	36	33	42	52	78	60	61	55	44	79	74	35	50	51	59	47	49	73	60	64	55	55	65	66	72	66	42	73	79	62	32	73	47	44	78	45	56	53	44	65	64	33	42	36	32	34	56	63	53	0	49	34	73	72	40	36	33	61	30	39	59	38	46	30	36	69	41	32	45	63	40	65	71	51	54	37	79	69	41	30	36
66	39	50	59	37	41	78	62	63	33	43	50	73	74	51	62	69	55	62	55	51	55	80	52	80	78	34	60	64	50	42	68	67	75	49	58	53	80	65	69	80	63	59	30	31	64	75	77	34	76	59	48	55	55	67	54	72	31	72	34	67	59	49	53	66	67	77	30	49	0	48	42	80	73	73	70	38	59	72	36	49	67	61	35	48	49	57	73	77	32	36	36	65	46	49	30	67	36	52	65
71	65	41	67	46	79	71	45	51	66	78	75	76	78	76	43	71	53	33	58	61	55	50	68	80	69	41	51	70	74	47	68	58	31	62	68	61	68	37	73	53	75	54	48	72	70	80	52	59	51	38	49	43	67	41	58	34	69	76	77	47	76	58	58	53	44	56	31	34	48	0	64	71	68	41	70	38	43	58	44	78	67	65	51	79	45	56	75	69	52	52	75	32	45	35	45	70	68	65	43
55	44	79	56	61	73	46	53	49	70	42	35	56	52	66	60	59	48	45	34	63	51	80	76	39	62	54	75	68	57	52	59	80	66	75	57	67	80	66	52	74	63	30	54	69	43	39	80	40	69	66	37	50	74	78	56	42	31	79	80	70	32	80	71	74	67	31	48	73	42	64	0	51	44	76	57	53	33	55	58	61	40	33	72	61	54	61	67	71	75	48	65	40	79	52	30	42	68	40	41
68	70	67	32	60	52	78	48	80	33	70	80	45	67	71	58	41	56	37	39	59	67	71	49	57	63	32	45	48	51	78	51	32	52	38	70	40	37	62	34	50	49	37	63	49	38	71	70	65	72	38	35	42	42	77	65	47	43	33	44	34	75	77	33	75	32	69	48	72	80	71	51	0	39	39	63	58	65	54	65	52	73	76	70	50	51	56	56	50	49	80	67	69	53	30	30	72	33	50	62
59	49	62	31	44	62	47	43	33	44	38	60	68	31	62	52	34	39	39	62	70	62	49	52	42	79	67	56	35	63	54	59	70	51	65	70	60	79	57	43	50	47	43	43	76	49	44	52	39	57	49	40	72	56	62	66	39	71	64	51	36	53	40	44	53	57	65	56	40	73	68	44	39	0	69	35	31	72	67	36	47	65	47	53	80	72	79	49	48	75	61	72	68	75	40	43	63	57	61	62
35	39	36	44	52	34	53	64	72	75	31	36	52	46	73	30	70	41	37	54	37	60	30	68	75	63	44	79	61	33	60	59	43	76	59	55	46	67	31	64	67	32	45	46	60	73	43	30	71	32	65	48	59	74	47	42	59	80	78	67	79	80	45	36	51	63	38	56	36	73	41	76	39	69	0	80	75	70	80	34	63	31	37	66	41	76	30	62	60	65	36	43	44	33	78	53	33	73	49	31
47	59	76	78	66	34	77	54	56	44	67	48	76	78	36	49	53	59	46	71	32	50	35	75	71	46	55	80	59	66	55	33	50	42	43	43	37	74	69	76	51	68	36	60	30	66	39	35	74	53	52	64	72	59	72	45	45	70	46	38	73	33	32	68	34	38	52	64	33	70	70	57	63	35	80	0	67	52	67	64	44	78	61	61	38	77	47	77	37	52	56	70	38	77	63	69	57	53	52	57
50	62	30	79	72	72	70	74	46	52	80	60	73	49	47	71	41	50	63	50	39	65	58	47	43	37	38	70	37	75	55	35	74	58	80	64	53	72	69	42	49	68	41	47	53	45	40	35	65	40	73	46	39	67	35	56	62	57	39	37	30	77	32	42	61	70	78	50	61	38	38	53	58	31	75	67	0	35	35	34	40	79	37	78	57	39	54	57	71	58	63	78	46	56	63	66	63	66	76	70
78	70	52	78	56	60	73	69	64	72	69	59	61	47	76	71	54	70	38	59	52	30	48	67	55	34	56	37	32	77	39	49	74	44	55	66	78	47	77	39	43	73	52	30	51	51	49	70	62	80	66	49	62	33	30	40	70	70	50	58	58	30	60	72	52	69	31	50	30	59	43	33	65	72	70	52	35	0	46	62	72	52	45	74	66	74	78	44	57	48	80	78	38	31	65	68	44	74	39	67
35	39	59	61	73	63	66	54	77	66	37	35	50	66	65	49	39	45	68	76	38	62	35	74	54	71	58	31	46	54	42	51	33	38	52	37	59	42	45	36	68	59	78	40	54	37	36	79	61	65	38	63	54	73	78	31	69	48	38	68	42	45	41	70	59	79	65	65	39	72	58	55	54	67	80	67	35	46	0	75	40	68	79	79	37	35	79	36	61	34	74	49	67	38	66	50	37	54	54	68
71	54	34	77	66	33	65	35	62	77	36	52	50	45	60	31	67	42	41	31	76	70	37	40	58	56	50	35	50	72	58	55	30	42	64	79	37	51	79	62	73	75	49	63	48	33	52	65	40	67	71	71	48	32	45	66	65	56	66	68	56	41	43	71	74	33	57	42	59	36	44	58	65	36	34	64	34	62	75	0	50	70	38	77	57	52	43	65	66	72	69	43	57	43	72	39	33	33	74	32
38	32	51	71	46	57	66	46	32	33	68	63	52	37	77	62	63	47	60	73	48	62	52	49	79	61	75	67	65	50	74	41	53	36	66	72	54	47	32	44	64	50	72	40	70	54	36	80	42	31	33	66	65	50	51	36	77	53	52	54	42	46	67	42	56	63	78	33	38	49	78	61	52	47	63	44	40	72	40	50	0	39	69	80	75	74	78	39	51	52	41	34	66	80	79	45	30	34	75	73
50	80	34	73	41	30	68	69	47	52	68	50	52	51	73	62	47	73	57	70	64	73	67	44	58	65	80	41	78	42	64	50	79	51	33	35	39	62	73	64	77	41	67	53	40	69	78	54	45	52	47	66	67	64	63	79	69	66	75	37	50	36	57	75	46	61	77	44	46	67	67	40	73	65	31	78	79	52	68	70	39	0	51	53	38	51	42	41	37	64	36	47	30	79	55	31	38	53	32	42
74	41	56	54	62	31	67	31	31	51	69	48	76	56	49	71	38	61	37	32	54	30	50	51	46	35	34	65	34	56	37	68	36	51	36	77	47	32	62	55	72	47	47	34	67	66	52	58	45	57	56	45	62	30	65	78	69	55	42	34	31	30	52	70	37	80	38	58	30	61	65	33	76	47	37	61	37	45	79	38	69	51	0	58	68	78	62	79	30	60	75	72	43	68	55	41	30	32	61	48
40	32	65	62	74	50	55	35	74	35	44	71	59	39	39	30	56	66	39	51	61	66	66	69	67	76	66	56	34	43	52	69	74	30	41	32	58	32	45	30	77	66	46	58	48	56	63	71	58	80	31	66	58	70	30	35	55	65	31	78	63	48	37	77	78	62	67	37	36	35	51	72	70	53	66	61	78	74	79	77	80	53	58	0	40	68	44	64	49	44	33	69	33	47	60	52	77	71	53	36
70	65	79	48	70	54	38	79	68	40	32	73	34	72	36	66	72	75	53	35	54	78	44	37	66	33	71	34	69	70	41	72	51	48	48	48	71	73	65	47	49	50	63	80	70	32	46	58	38	42	30	72	34	68	66	31	52	68	51	65	64	48	41	32	37	71	44	48	69	48	79	61	50	80	41	38	57	66	37	57	75	38	68	40	0	75	37	57	52	63	50	65	35	57	72	55	51	67	61	56
77	45	78	70	60	70	68	79	39	69	51	40	75	57	31	41	40	62	70	68	70	78	77	74	60	37	69	76	49	67	75	30	79	72	52	53	72	40	61	79	60	33	63	56	69	31	48	55	66	80	32	42	56	43	65	77	51	57	71	43	68	63	38	68	47	60	62	68	41	49	45	54	51	72	76	77	39	74	35	52	74	51	78	68	75	0	59	36	49	58	61	80	73	62	46	64	59	52	42	72
47	52	61	38	78	60	70	75	75	64	43	48	74	54	57	67	70	33	53	76	63	66	33	66	62	53	72	71	73	30	45	46	55	58	38	59	35	45	40	45	36	75	77	59	37	58	38	39	38	42	34	66	37	61	63	51	45	77	68	34	52	62	60	48	78	37	43	52	32	57	56	61	56	79	30	47	54	78	79	43	78	42	62	44	37	59	0	80	50	30	75	66	63	51	76	78	58	66	44	48
60	44	59	74	43	63	80	30	74	80	68	37	56	31	53	65	68	50	78	62	47	51	61	42	63	79	41	75	35	45	77	44	77	38	65	77	65	43	80	48	55	59	53	36	40	66	32	49	77	58	72	55	43	68	51	67	62	52	60	46	53	75	71	35	68	47	71	74	45	73	75	67	56	49	62	77	57	44	36	65	39	41	79	64	57	36	80	0	57	49	52	39	61	58	73	48	49	67	65	72
45	53	54	60	38	51	37	41	36	67	67	33	59	63	38	49	52	77	58	34	45	67	71	70	78	32	72	59	51	68	33	49	61	39	75	41	38	38	44	41	33	77	52	74	36	80	80	65	70	41	53	79	48	79	55	72	52	75	36	62	74	45	69	60	58	76	67	55	63	77	69	71	50	48	60	37	71	57	61	66	51	37	30	49	52	49	50	57	0	37	55	36	57	31	39	33	45	37	39	67
42	66	69	76	73	40	46	40	73	53	76	41	48	54	73	59	73	38	45	75	31	65	53	67	70	50	67	69	34	74	48	54	34	79	51	75	67	30	44	73	53	77	78	44	44	68	60	45	79	30	76	69	52	63	68	67	46	71	30	36	74	74	65	61	40	72	47	33	40	32	52	75	49	75	65	52	58	48	34	72	52	64	60	44	63	58	30	49	37	0	64	75	60	48	33	40	74	77	34	64
50	31	57	79	73	35	59	37	69	45	73	49	31	51	39	80	43	71	42	42	50	34	64	71	49	60	50	36	76	43	59	68	42	78	47	74	53	64	53	55	55	48	53	64	52	76	65	62	52	66	67	73	51	63	37	36	71	65	31	61	66	42	44	36	39	56	52	51	65	36	52	48	80	61	36	56	63	80	74	69	41	36	75	33	50	61	75	52	55	64	0	74	73	50	38	79	75	62	50	36
61	61	71	37	80	34	41	66	41	63	37	75	44	30	59	39	66	39	30	46	41	61	80	49	30	66	49	45	34	58	33	41	31	62	31	42	30	42	38	73	75	39	51	68	32	34	51	78	64	52	49	43	79	58	41	54	78	59	61	50	48	78	57	34	38	65	41	75	71	36	75	65	67	72	43	70	78	78	49	43	34	47	72	69	65	80	66	39	36	75	74	0	79	76	71	33	71	68	45	72
35	58	65	67	69	40	52	59	53	36	32	71	74	72	36	55	66	39	49	63	36	77	48	80	59	40	73	51	36	53	62	71	56	39	70	55	77	68	40	53	53	39	47	68	58	77	38	77	46	32	38	64	61	44	31	78	78	31	73	32	48	51	51	47	56	30	33	37	51	65	32	40	69	68	44	38	46	38	67	57	66	30	43	33	35	73	63	61	57	60	73	79	0	54	50	66	42	69	64	80
35	33	49	77	45	48	38	48	80	66	76	72	70	60	50	43	79	46	72	43	47	37	78	46	60	69	73	41	34	64	52	76	69	45	48	33	51	50	67	46	52	56	32	43	73	72	30	75	43	71	78	75	54	71	59	76	51	44	32	80	65	49	36	33	72	34	48	41	54	46	45	79	53	75	33	77	56	31	38	43	80	79	68	47	57	62	51	58	31	48	50	76	54	0	64	70	58	43	72	46
45	62	40	45	51	40	76	33	41	68	43	47	52	67	68	67	67	41	37	65	74	62	58	43	79	79	64	39	60	75	65	33	50	76	38	73	59	70	49	70	42	44	40	55	43	68	40	64	76	47	55	64	65	58	50	37	57	49	30	48	69	66	54	67	46	69	35	35	37	49	35	52	30	40	78	63	63	65	66	72	79	55	55	60	72	46	76	73	39	33	38	71	50	64	0	53	31	46	52	36
55	68	41	61	39	41	33	45	74	77	67	70	58	78	54	39	57	34	78	60	71	48	31	64	49	30	30	63	41	37	46	63	67	63	43	71	41	63	35	49	35	57	44	70	79	50	63	34	39	72	64	46	61	41	68	62	40	72	39	79	33	59	32	54	78	53	73	63	79	30	45	30	30	43	53	69	66	68	50	39	45	31	41	52	55	64	78	48	33	40	79	33	66	70	53	0	35	41	62	38
49	77	54	43	71	77	69	67	37	68	50	45	60	61	59	49	64	65	46	61	44	78	48	51	59	49	54	51	64	51	80	51	64	35	65	42	48	77	76	69	44	59	35	67	74	71	39	69	54	50	37	50	66	74	72	32	69	37	67	79	41	47	79	61	41	73	61	63	69	67	70	42	72	63	33	57	63	44	37	33	30	38	30	77	51	59	58	49	45	74	75	71	42	58	31	35	0	55	63	41
63	38	54	57	75	46	71	59	48	74	80	56	60	54	65	67	36	59	42	58	33	54	52	49	34	41	62	60	67	74	60	35	68	40	59	36	48	76	60	64	53	61	80	77	61	56	49	70	59	76	38	37	39	79	58	46	63	78	54	66	33	53	39	43	72	36	80	63	41	36	68	68	33	57	73	53	66	74	54	33	34	53	32	71	67	52	66	67	37	77	62	68	69	43	46	41	55	0	71	36
44	33	65	32	78	43	70	32	79	74	37	41	38	47	44	30	51	42	66	38	39	48	64	73	36	36	65	40	41	51	36	35	52	56	80	60	36	46	61	35	34	38	66	66	42	31	66	69	66	58	75	65	43	48	48	38	60	64	80	74	77	33	58	48	42	49	75	62	30	52	65	40	50	61	49	52	76	39	54	74	75	32	61	53	61	42	44	65	39	34	50	45	64	72	52	62	63	71	0	75
65	59	55	45	69	53	61	54	60	65	64	74	65	54	70	39	76	30	59	45	72	75	73	57	34	36	68	34	65	32	42	75	51	42	40	56	63	32	59	49	63	80	62	68	77	35	71	71	48	35	60	48	45	53	78	75	66	42	41	70	42	78	33	30	74	49	79	52	36	65	43	41	62	62	31	57	70	67	68	32	73	42	48	36	56	72	48	72	67	64	36	72	80	46	36	38	41	36	75	0

Initial health value of each distributed equipment: 
(Where columns denote demand points: 1 to 100.)
380.48	172.84	640.51	447.58	187.74	540.08	557.52	272.67	524.79	303.80	697.06	654.36	496.86	387.28	281.61	517.29	304.56	223.50	461.28	676.40	557.92	331.52	466.56	770.04	756.20	198.97	423.13	609.22	211.50	339.00	576.64	402.30	549.78	437.32	192.50	270.40	420.32	740.00	440.73	242.87	463.10	483.87	430.30	467.06	557.27	304.72	310.80	229.46	349.65	337.59	265.22	202.41	512.75	255.36	357.84	551.07	434.35	464.72	450.08	223.44	160.92	413.70	405.84	231.65	212.16	343.54	196.68	309.92	410.30	289.80	571.13	221.76	184.76	272.67	182.03	529.09	758.19	394.68	351.86	169.86	519.88	469.20	716.40	315.84	557.76	178.25	667.80	174.33	177.12	226.48	219.09	418.75	371.25	519.58	270.84	198.17	493.87	192.21	368.48	643.85

Spare parts types of different demand points: 
(where columns denote demand points: 1 to 100.)
5	4	4	5	2	3	3	4	4	5	1	5	2	2	5	1	5	4	5	1	4	2	5	5	5	1	4	2	1	2	1	5	3	5	2	1	2	5	2	2	2	2	2	4	1	5	5	4	1	2	5	1	5	3	4	1	5	3	3	4	1	1	4	5	2	4	2	1	2	2	2	3	5	3	3	3	3	1	4	3	4	2	5	1	4	1	5	5	4	1	5	3	4	1	4	4	1	5	4	5

inventory management cost per unit time of different types of orders: 
(where columns denote types of orders: 1 to 5.)
2.9	2.1	1.7	2.9	2

Maintenance cost per unit time of different worker: 
(Where rows denote strategy: 1 to 3,and columns denote available worker of each strategy: 1 to 3.)
3.6	4.9	4.6
4.3	3.4	3.8
4.5	3.7	3.8

The weight of tardiness cost of different demand points: 
(where columns denote demand points: 1 to 100.)
3.1	3.6	3.1	5	4.6	3.5	4.2	4.4	3.5	4.2	5.3	3.1	5	3.5	3.1	5.2	4.2	3.6	4.9	6	5.3	4.4	3.9	5.6	4.2	4.7	3.8	4.3	5.2	4.6	5.5	5.4	5.1	4.1	5.8	3.5	3.6	5.7	4.8	4.5	5.5	5.9	4.3	5	3.5	4.8	5.8	3.9	4.9	3.3	5.1	4.8	4	5.2	5.8	5.6	5.1	5	4	5.1	5.7	5.8	5.6	5.3	5.7	3.2	5.8	4.4	4.1	3.3	3.9	3.9	3.9	3.5	4.6	4.4	4.7	5.8	4	4.1	4.5	5.4	5.9	3.7	3.2	5.8	4.8	3.4	4	6	4.9	4.3	5.6	4.8	3.2	5.4	3.1	3.6	4.5	4.2

The waste of old spare part per unit time of each distributed equipment: 
(where columns denote demand points: 1 to 100.)
5.9	6.9	7.8	5.5	7.3	5.9	5.4	7.6	5.4	7.3	5.6	7.6	5.1	5.8	6	7.1	7.4	7.8	6.6	6.1	5.7	7.3	7	6.2	6	5.9	7.4	7.8	6.4	7.7	8	7.9	6.5	5.9	7.7	7.3	7.1	7.6	5.5	5.7	6.2	5	7.3	6.6	6.9	6.4	5.2	7.8	8	7.5	6.6	7.8	7.3	6.2	6.1	5.7	5.4	6.4	7.1	5.5	6.8	7	6.6	5.7	5.6	7.4	5.6	7	7.8	6.2	5.4	6.1	7.3	7.6	6.4	6	7.9	7.8	5.4	5.9	5.6	6.8	5.6	6	7	6.9	7.5	6.3	5.3	5.4	7.2	7.5	5.1	5.3	7	5.6	5.8	5.7	7.7	6.7

shutdown cost per unit time of each distributed equipment: 
(where columns denote demand points: 1 to 100.)
22.7	24.4	23.7	20.4	22.2	24.2	23.9	22.2	24	22	23.7	20.9	20.4	22.8	21.2	24.1	24.8	20.1	21	23.6	22.9	24.2	22.5	24.1	22.2	21.8	20.5	22	24.8	22	21.1	22.4	21.4	20.7	21	20.3	24.3	22.1	20.5	23.6	23.2	21	22.6	20.2	23.8	23.3	22.3	20	25	23.2	21.1	22.4	21.2	20.9	20.1	24.4	22	24.6	20.3	24.2	23.3	24.9	21.6	21	24.9	24.7	21.3	20.4	24.5	24.2	21.1	20.3	20.3	22.1	21.6	20.5	20.9	23.7	23.2	22.4	21.9	21.9	21.3	22.8	21.9	23.6	24.2	23.5	20.8	20.8	23.1	22.3	20.1	21.1	24.2	24.1	20.7	22.9	23.6	23.6

Deterioration rate of each piece of equipment:
(Where columns denote distributed equipment: 1 to 100.)
1.64	1.16	1.69	1.61	1.26	1.72	1.84	1.83	1.53	1.55	1.82	1.64	1.82	1.03	1.89	1.29	1.88	1.5	1.24	1.78	1.76	1.12	1.44	1.86	1.9	1.01	1.31	1.66	1.41	1	1.36	1.49	1.54	1.16	1.25	1.69	1.48	2	1.77	1.63	1.1	1.27	1.3	1.21	1.33	1.04	1.85	1.54	1.11	1.21	1.78	1.17	1.75	1.12	1.42	1.57	1.19	1.57	1.16	1.14	1.08	1.97	1.52	1.13	1.02	1.78	1.32	1.49	1.1	1.26	1.99	1.12	1.24	1.83	1.09	1.57	1.99	1.32	1.46	1.14	1.64	1.2	1.8	1.12	1.66	1.15	1.8	1.17	1.08	1.52	1.09	1.25	1.35	1.66	1.22	1.33	1.31	1.29	1.12	1.63

The processing time of different types of spare parts: 
(Where rows denote machines: 1 to 5,and columns denote types: 1 to 5.)
22	13	19	12	12
23	25	24	27	20
10	10	16	14	12
12	27	23	16	14
12	13	11	20	12

The maintenance time of different workers: 
(Where rows denote strategy: 1 to 3,and columns denote available worker of each strategy: 1 to 3.)
45	30	31
36	48	31
32	40	48

Repair degree of different strategies: 
(Where rows denote strategy: 1 to 33.)
0.59	0.55	0.66

Quantity of spare parts of each type reserved in each warehouse: 
(where rows denote warehouses£º1 to 6,and columns denote types£º1 to 5.)
1	2	3	4	5
1	3	1	1	3
1	2	3	4	5
2	2	1	2	1
2	3	4	5
1	3	1	1

Initial due date of each order: 
(Where columns denote order: 1 to 100.)
232	149	379	278	149	314	303	149	343	196	383	399	273	376	149	401	162	149	372	380	317	296	324	414	398	197	323	367	150	339	424	270	357	377	154	160	284	370	249	149	421	381	331	386	419	293	168	149	315	279	149	173	293	228	252	351	365	296	388	196	149	210	267	205	208	193	149	208	373	230	287	198	149	149	167	337	381	299	241	149	317	391	398	282	336	155	371	149	164	149	201	335	275	313	222	149	377	149	329	395

Maintenance starting time window of each piece of equipment: 
(Where rows denote Lower and Upper bounds of Maintenance starting time window: 1 to 2,and columns denote distributed equipment: 1 to 100.)
162.4	104.3	265.3	194.6	104.3	219.8	212.1	104.3	240.1	137.2	268.1	279.3	191.1	263.2	104.3	280.7	113.4	104.3	260.4	266	221.9	207.2	226.8	289.8	278.6	137.9	226.1	256.9	105	237.3	296.8	189	249.9	263.9	107.8	112	198.8	259	174.3	104.3	294.7	266.7	231.7	270.2	293.3	205.1	117.6	104.3	220.5	195.3	104.3	121.1	205.1	159.6	176.4	245.7	255.5	207.2	271.6	137.2	104.3	147	186.9	143.5	145.6	135.1	104.3	145.6	261.1	161	200.9	138.6	104.3	104.3	116.9	235.9	266.7	209.3	168.7	104.3	221.9	273.7	278.6	197.4	235.2	108.5	259.7	104.3	114.8	104.3	140.7	234.5	192.5	219.1	155.4	104.3	263.9	104.3	230.3	276.5
208.8	134.1	341.1	250.2	134.1	282.6	272.7	134.1	308.7	176.4	344.7	359.1	245.7	338.4	134.1	360.9	145.8	134.1	334.8	342	285.3	266.4	291.6	372.6	358.2	177.3	290.7	330.3	135	305.1	381.6	243	321.3	339.3	138.6	144	255.6	333	224.1	134.1	378.9	342.9	297.9	347.4	377.1	263.7	151.2	134.1	283.5	251.1	134.1	155.7	263.7	205.2	226.8	315.9	328.5	266.4	349.2	176.4	134.1	189	240.3	184.5	187.2	173.7	134.1	187.2	335.7	207	258.3	178.2	134.1	134.1	150.3	303.3	342.9	269.1	216.9	134.1	285.3	351.9	358.2	253.8	302.4	139.5	333.9	134.1	147.6	134.1	180.9	301.5	247.5	281.7	199.8	134.1	339.3	134.1	296.1	355.5

