Number of orders: 
100

Number of factories\warehouses: 
3

Number of machines per factory: 
5

Number of types of spare parts: 
5

Number of maintenance strategies: 
3

Number of available workers per strategy: 
4

Transportation cost per unit time: 
3

Transprotation time between factories/warehouses and demand points: 
(Where rows denote factories: 1 to 3 ,and columns denote demand points: 1 to 100.)
132	57	63	139	119	92	91	134	100	119	132	138	71	65	69	87	137	66	138	65	118	136	45	59	63	142	93	86	96	125	91	36	35	93	129	85	49	34	103	66	66	74	101	94	90	130	43	98	113	135	30	101	80	105	40	61	107	146	132	118	42	98	36	88	51	46	98	104	144	85	46	106	108	108	48	55	107	91	33	133	76	144	52	33	99	75	99	130	118	54	137	109	50	146	38	76	109	109	80	51
64	118	136	141	42	100	59	39	78	97	70	87	35	47	78	134	113	108	72	85	128	42	114	39	145	62	75	52	141	47	112	37	36	41	30	41	93	110	51	39	129	86	81	74	70	141	58	80	107	87	92	33	105	120	98	85	137	141	112	56	104	57	138	107	133	130	115	60	105	138	39	137	48	56	93	64	71	94	83	102	81	43	101	123	140	137	76	32	95	53	117	41	52	73	130	108	107	79	140	116
67	39	93	50	111	57	131	106	126	54	44	73	98	33	113	128	47	127	73	42	110	100	38	62	83	56	67	72	61	120	49	96	44	106	147	33	66	137	105	52	104	47	125	35	31	122	118	101	53	129	115	54	115	103	46	80	102	133	131	80	149	102	113	84	93	137	51	148	58	148	137	99	64	56	110	83	43	44	95	33	55	144	31	128	135	94	88	44	111	122	119	76	112	45	128	42	43	63	44	138

Tranfer time of each worker between two different demand points: 
(Where rows and columns both denote demands points: 1 to 100.)
0	58	39	47	47	60	76	56	62	72	77	38	76	52	54	52	35	74	66	48	47	37	37	30	60	63	76	52	56	33	64	48	71	76	55	30	78	30	75	69	36	70	47	36	58	66	65	69	70	73	70	55	40	53	59	46	63	30	76	77	75	55	65	43	62	47	56	74	31	73	33	47	31	61	77	59	46	47	47	35	34	52	65	46	69	70	69	43	56	76	33	74	42	33	54	69	35	34	36	73
58	0	76	50	77	30	72	61	36	40	55	46	64	64	62	73	59	34	35	52	52	65	60	33	71	74	55	76	51	68	79	57	70	55	77	80	66	57	74	59	76	37	64	43	39	33	73	67	55	50	33	47	57	55	52	80	73	68	50	39	44	69	36	32	76	49	43	33	32	65	51	32	62	62	51	33	41	68	49	73	50	56	52	57	50	40	76	60	33	43	40	60	67	46	70	70	55	56	63	57
39	76	0	79	42	68	68	59	53	71	56	42	49	68	37	58	50	30	30	36	58	39	61	43	45	74	76	79	40	79	37	57	38	80	77	32	49	34	37	62	73	39	58	49	37	77	62	78	60	36	62	57	43	76	51	51	75	38	58	33	31	61	66	58	64	48	31	68	63	50	60	59	39	44	61	69	50	40	54	38	50	62	54	62	76	44	73	41	78	72	57	78	43	46	36	73	72	53	78	69
47	50	79	0	52	44	60	39	58	57	30	77	54	71	60	78	64	59	30	30	54	55	56	61	42	61	73	57	66	65	51	40	32	48	66	37	50	33	56	45	68	60	72	44	41	71	41	32	62	44	60	60	71	43	69	35	58	78	51	31	63	34	62	62	59	48	38	45	46	38	49	31	34	47	71	66	80	79	69	50	48	38	53	47	40	60	45	65	47	52	70	38	32	72	35	66	32	80	63	61
47	77	42	52	0	30	65	34	36	78	47	72	69	73	64	49	35	71	76	71	33	66	42	70	66	36	72	57	76	80	36	64	74	33	36	76	50	78	73	62	33	57	52	37	57	35	75	76	80	52	60	78	80	57	54	47	74	73	43	63	57	35	45	49	65	53	40	63	73	48	39	64	55	73	51	62	78	75	57	75	78	53	57	55	61	45	76	32	50	35	77	80	58	71	67	42	78	30	60	31
60	30	68	44	30	0	31	45	76	53	41	43	48	60	30	46	76	44	45	51	52	74	41	37	70	70	56	49	54	63	65	47	53	39	68	64	59	67	41	32	44	31	47	39	58	53	46	57	53	45	50	63	53	48	70	75	66	44	77	70	57	64	69	46	66	52	53	58	71	69	42	74	69	71	43	51	37	78	36	52	44	33	31	73	64	40	56	57	59	30	67	46	38	36	37	39	63	78	60	40
76	72	68	60	65	31	0	54	60	49	46	80	55	38	54	40	63	80	35	52	41	50	54	69	80	46	42	72	80	54	30	73	30	43	58	38	72	58	45	37	64	41	79	57	58	65	60	66	48	55	55	41	54	53	39	53	42	58	40	37	79	55	61	34	74	34	59	71	32	65	69	65	64	62	70	80	55	52	62	74	76	72	34	33	32	67	45	39	78	54	72	54	47	71	42	32	80	39	79	56
56	61	59	39	34	45	54	0	34	59	80	37	73	75	59	63	31	59	37	62	77	53	46	71	72	73	42	71	80	75	61	32	51	52	64	49	74	58	70	77	38	31	67	40	66	56	69	56	61	55	54	56	33	70	47	50	65	63	41	39	65	35	51	30	66	44	37	36	30	33	37	75	52	78	41	42	74	78	53	60	46	69	80	57	51	79	68	54	79	53	39	30	71	35	51	40	60	41	51	58
62	36	53	58	36	76	60	34	0	40	34	59	49	77	52	68	41	36	78	63	39	66	38	49	30	63	40	60	34	62	61	63	38	74	77	46	73	72	58	46	49	77	64	66	55	33	76	30	55	56	67	34	76	77	52	67	54	59	40	54	39	73	33	59	33	66	61	61	50	53	80	51	69	51	42	65	50	55	40	41	68	34	76	64	78	42	71	70	65	69	44	36	41	36	40	76	63	77	74	45
72	40	71	57	78	53	49	59	40	0	61	74	51	33	45	49	80	62	55	51	72	67	58	42	67	76	70	70	50	70	58	69	43	80	78	42	56	33	31	34	55	61	57	44	65	39	54	41	76	32	62	65	67	60	57	33	67	32	47	40	57	57	59	64	57	33	34	79	52	60	60	72	78	49	44	74	40	67	60	69	46	49	65	74	55	30	30	51	58	35	47	58	58	77	75	45	31	46	66	35
77	55	56	30	47	41	46	80	34	61	0	69	70	55	51	49	30	68	45	33	43	73	70	40	41	41	31	46	32	62	46	67	66	54	52	71	69	30	78	40	54	77	71	55	39	31	73	40	79	32	74	30	74	68	59	57	55	34	49	39	52	68	54	55	39	65	79	40	64	38	77	58	63	78	65	64	48	37	41	30	46	39	67	55	36	34	33	56	44	52	49	68	36	43	77	62	47	56	73	60
38	46	42	77	72	43	80	37	59	74	69	0	69	60	39	68	59	34	34	35	77	61	74	61	67	74	72	76	79	61	41	30	53	43	58	78	32	49	60	79	71	49	55	71	76	58	75	52	34	46	75	46	52	40	71	44	72	47	55	61	52	69	77	48	33	71	37	42	80	42	75	40	37	69	74	44	45	77	60	62	60	47	67	34	80	42	45	55	59	68	61	34	73	60	36	62	67	60	38	78
76	64	49	54	69	48	55	73	49	51	70	69	0	38	78	63	47	42	53	44	36	44	68	79	73	66	39	60	46	74	60	52	60	61	43	75	52	77	55	42	38	77	35	41	39	55	49	46	30	53	45	70	80	64	60	80	75	62	38	59	54	33	43	46	73	61	71	34	47	41	58	70	77	60	49	34	53	34	39	33	30	43	75	44	48	46	58	46	54	72	59	31	38	32	33	49	43	40	79	30
52	64	68	71	73	60	38	75	77	33	55	60	38	0	37	50	56	73	47	76	58	42	36	55	75	52	36	75	57	62	50	30	50	78	55	77	46	56	37	72	42	32	47	76	32	66	35	61	37	44	67	54	48	68	36	63	55	35	39	54	51	77	35	54	39	38	39	49	30	62	65	44	33	50	62	50	63	48	70	50	44	37	52	80	42	38	71	47	42	37	79	62	49	78	71	75	37	58	61	66
54	62	37	60	64	30	54	59	52	45	51	39	78	37	0	34	47	58	60	33	73	78	51	57	73	78	43	78	38	63	34	34	67	62	80	53	37	34	41	65	36	56	79	74	53	68	72	79	33	61	32	77	33	44	40	52	32	34	64	44	62	62	62	34	63	80	37	40	33	67	35	77	63	67	62	77	68	61	59	75	68	48	66	60	46	45	30	51	62	34	63	65	73	35	46	68	73	78	80	33
52	73	58	78	49	46	40	63	68	49	49	68	63	50	34	0	37	63	35	32	77	77	58	51	59	41	45	41	32	36	77	56	79	58	46	56	72	61	57	56	31	39	59	71	40	38	58	63	75	39	35	76	43	43	32	50	80	75	77	49	72	34	32	56	59	31	47	79	34	72	77	35	64	80	53	30	40	46	72	67	54	79	70	44	76	31	78	58	31	60	71	33	47	50	55	33	61	62	39	75
35	59	50	64	35	76	63	31	41	80	30	59	47	56	47	37	0	33	35	37	53	67	41	42	59	34	31	61	52	77	65	37	59	51	54	56	70	52	70	66	54	43	61	60	57	47	46	42	80	34	75	77	56	47	32	76	60	55	53	66	50	32	43	76	79	80	38	53	80	47	36	34	35	69	71	52	42	52	64	37	75	32	44	33	33	30	50	51	44	47	42	49	46	74	52	37	70	51	44	49
74	34	30	59	71	44	80	59	36	62	68	34	42	73	58	63	33	0	30	43	65	53	64	63	60	35	60	52	52	30	65	55	70	48	40	63	56	39	36	66	71	57	55	57	42	61	42	67	33	76	58	72	61	77	41	47	69	50	36	60	60	32	68	79	60	30	65	66	31	42	75	42	40	38	65	43	67	58	75	79	30	35	66	75	42	35	41	66	73	40	42	61	78	45	57	69	80	65	53	36
66	35	30	30	76	45	35	37	78	55	45	34	53	47	60	35	35	30	0	36	73	67	79	38	77	59	73	65	78	45	63	33	76	36	52	41	59	48	79	71	41	74	66	59	58	53	72	41	71	64	30	71	66	42	39	79	66	53	45	77	60	32	31	64	52	35	80	43	77	42	50	41	35	80	61	71	31	57	50	37	80	38	80	44	36	47	31	71	43	78	44	57	63	72	73	39	72	50	54	39
48	52	36	30	71	51	52	62	63	51	33	35	44	76	33	32	37	43	36	0	35	34	48	35	72	63	34	36	44	80	56	53	75	73	64	39	37	75	52	69	31	67	58	33	52	78	65	76	80	48	43	59	65	61	68	75	34	35	73	71	78	34	38	73	31	44	40	34	35	75	60	73	65	77	49	34	66	51	51	60	34	40	32	45	50	41	31	41	57	47	66	35	76	62	61	30	78	37	79	34
47	52	58	54	33	52	41	77	39	72	43	77	36	58	73	77	53	65	73	35	0	59	76	47	66	53	64	61	44	40	77	50	71	70	46	68	65	60	74	73	55	72	72	49	77	72	51	53	69	34	35	64	71	53	59	61	33	38	74	54	62	43	33	62	32	45	60	33	63	36	46	69	48	69	46	42	57	58	34	35	79	67	78	61	72	68	42	65	39	49	66	61	66	73	32	38	63	38	44	75
37	65	39	55	66	74	50	53	66	67	73	61	44	42	78	77	67	53	67	34	59	0	32	50	48	45	46	32	34	50	78	60	78	76	41	58	49	61	42	31	41	35	35	42	78	80	76	36	37	75	72	65	40	64	40	59	62	33	72	57	53	76	71	68	30	44	35	74	30	58	71	30	62	76	39	65	76	41	42	52	68	63	48	62	55	58	35	79	33	52	46	54	42	60	76	58	45	67	52	44
37	60	61	56	42	41	54	46	38	58	70	74	68	36	51	58	41	64	79	48	76	32	0	64	59	49	33	78	72	44	34	65	78	64	65	55	59	36	68	38	69	75	31	51	78	37	68	73	54	61	54	69	35	35	51	63	74	61	42	51	64	48	73	40	57	52	65	38	65	48	80	49	56	63	37	37	46	65	33	33	37	73	56	41	80	38	40	49	75	34	51	78	79	61	66	37	60	71	77	73
30	33	43	61	70	37	69	71	49	42	40	61	79	55	57	51	42	63	38	35	47	50	64	0	77	39	52	32	70	64	31	35	72	70	42	46	49	39	57	33	62	70	54	59	43	33	71	42	39	51	78	40	42	65	68	58	65	71	67	66	48	49	75	37	53	77	67	80	46	69	30	41	57	58	79	59	68	75	77	48	79	75	64	66	46	34	59	63	47	50	30	33	62	68	51	46	75	66	55	58
60	71	45	42	66	70	80	72	30	67	41	67	73	75	73	59	59	60	77	72	66	48	59	77	0	36	72	54	76	64	44	33	30	52	72	56	46	55	61	65	39	38	54	80	33	77	47	46	31	75	80	48	62	69	44	72	46	30	41	52	75	80	65	50	36	49	65	38	32	35	32	56	74	68	35	59	38	31	60	68	59	60	51	76	44	62	58	68	70	57	67	73	79	49	37	32	34	55	59	36
63	74	74	61	36	70	46	73	63	76	41	74	66	52	78	41	34	35	59	63	53	45	49	39	36	0	33	30	57	72	35	42	53	74	65	30	61	68	72	44	62	74	46	79	65	56	49	44	43	31	61	54	49	47	53	77	56	49	52	63	78	70	76	37	79	41	60	45	31	53	68	51	59	46	43	75	65	32	34	65	37	44	65	71	54	37	66	59	76	66	61	36	35	33	42	70	46	65	41	51
76	55	76	73	72	56	42	42	40	70	31	72	39	36	43	45	31	60	73	34	64	46	33	52	72	33	0	50	35	72	46	43	59	57	30	71	38	58	35	46	48	67	51	46	74	73	77	78	76	47	46	78	41	80	60	63	56	42	45	72	73	45	40	55	65	41	43	55	79	54	38	74	67	63	41	43	61	72	52	47	69	80	75	41	74	55	74	46	43	69	74	38	66	40	58	71	39	56	43	53
52	76	79	57	57	49	72	71	60	70	46	76	60	75	78	41	61	52	65	36	61	32	78	32	54	30	50	0	44	72	64	58	40	36	47	37	39	66	77	49	68	32	60	62	34	66	36	49	64	49	62	75	40	46	74	48	69	80	39	53	50	56	32	70	33	46	42	50	36	51	77	46	72	60	39	53	54	48	80	57	64	66	78	53	50	48	69	39	58	65	55	64	46	77	77	44	68	41	80	54
56	51	40	66	76	54	80	80	34	50	32	79	46	57	38	32	52	52	78	44	44	34	72	70	76	57	35	44	0	31	67	32	38	77	57	37	64	66	36	42	65	79	66	48	69	43	46	52	59	60	35	75	69	60	62	66	45	55	62	72	36	54	64	46	32	49	75	34	80	69	68	32	48	52	61	44	76	60	36	50	57	50	36	58	61	69	63	75	34	38	53	36	43	62	40	48	39	37	31	65
33	68	79	65	80	63	54	75	62	70	62	61	74	62	63	36	77	30	45	80	40	50	44	64	64	72	72	72	31	0	72	49	34	37	43	30	75	67	43	34	33	38	68	51	66	60	79	70	50	70	60	35	39	55	55	78	46	31	44	76	63	74	43	75	74	57	51	58	34	55	57	78	60	34	60	56	30	67	62	53	44	53	58	48	73	64	70	33	45	43	43	56	66	75	48	77	32	78	80	39
64	79	37	51	36	65	30	61	61	58	46	41	60	50	34	77	65	65	63	56	77	78	34	31	44	35	46	64	67	72	0	35	54	74	51	77	51	65	62	43	50	61	33	74	54	60	33	67	41	35	58	71	48	69	53	68	35	40	63	42	67	41	56	32	43	32	53	43	62	60	46	67	56	39	33	58	41	56	79	44	54	55	44	62	31	62	57	33	80	48	47	38	37	68	46	67	32	62	55	43
48	57	57	40	64	47	73	32	63	69	67	30	52	30	34	56	37	55	33	53	50	60	65	35	33	42	43	58	32	49	35	0	45	49	54	32	55	70	72	44	58	33	44	66	71	72	80	71	42	64	69	35	30	39	43	42	68	72	65	39	37	61	39	37	55	43	79	60	55	63	56	32	78	66	57	45	64	49	67	38	45	32	78	79	78	37	47	56	80	56	38	79	68	73	41	79	79	68	41	53
71	70	38	32	74	53	30	51	38	43	66	53	60	50	67	79	59	70	76	75	71	78	78	72	30	53	59	40	38	34	54	45	0	54	68	32	73	34	56	50	72	39	51	45	31	61	41	80	73	63	50	47	74	39	55	63	32	66	65	30	50	59	50	67	66	36	34	78	76	66	30	68	72	64	59	64	52	43	45	59	43	65	31	49	44	62	35	53	56	61	71	60	39	63	72	69	48	35	75	68
76	55	80	48	33	39	43	52	74	80	54	43	61	78	62	58	51	48	36	73	70	76	64	70	52	74	57	36	77	37	74	49	54	0	60	56	40	64	38	39	52	64	59	79	80	37	58	66	62	76	71	59	57	80	65	66	38	58	54	64	34	52	40	77	56	68	41	54	37	68	55	43	38	37	74	44	33	68	62	40	43	73	61	77	36	59	52	76	43	42	58	49	36	73	45	74	37	73	44	72
55	77	77	66	36	68	58	64	77	78	52	58	43	55	80	46	54	40	52	64	46	41	65	42	72	65	30	47	57	43	51	54	68	60	0	60	32	55	40	67	61	35	59	41	56	37	38	76	71	80	66	31	45	60	80	62	50	34	49	52	53	64	63	32	76	33	58	41	59	48	74	74	49	77	80	63	35	36	52	61	39	76	61	30	53	65	67	61	73	79	43	63	77	72	76	75	41	39	38	46
30	80	32	37	76	64	38	49	46	42	71	78	75	77	53	56	56	63	41	39	68	58	55	46	56	30	71	37	37	30	77	32	32	56	60	0	31	30	75	63	49	40	58	75	62	66	64	56	42	66	65	35	54	48	54	41	35	61	48	63	70	50	64	79	32	31	63	42	33	72	51	30	76	52	42	80	59	37	46	64	76	71	59	53	31	78	31	76	42	40	42	55	67	32	39	30	65	42	58	58
78	66	49	50	50	59	72	74	73	56	69	32	52	46	37	72	70	56	59	37	65	49	59	49	46	61	38	39	64	75	51	55	73	40	32	31	0	34	41	45	68	47	72	53	54	73	45	63	41	35	45	70	33	77	34	54	30	76	37	55	53	63	64	52	36	55	41	63	30	43	71	43	36	68	69	53	54	61	34	40	75	44	62	53	72	78	47	65	63	76	45	34	35	46	60	67	58	70	53	39
30	57	34	33	78	67	58	58	72	33	30	49	77	56	34	61	52	39	48	75	60	61	36	39	55	68	58	66	66	67	65	70	34	64	55	30	34	0	59	42	73	71	52	41	41	32	66	72	39	76	69	32	79	65	52	35	43	31	32	33	80	57	52	43	30	79	53	57	66	48	80	73	35	67	61	62	50	53	47	64	75	61	31	34	51	80	43	43	46	44	73	39	45	63	32	51	52	48	61	44
75	74	37	56	73	41	45	70	58	31	78	60	55	37	41	57	70	36	79	52	74	42	68	57	61	72	35	77	36	43	62	72	56	38	40	75	41	59	0	56	70	43	45	59	72	34	60	45	50	57	34	31	31	55	42	40	51	56	80	62	61	54	51	72	44	30	69	38	43	47	41	32	58	70	51	57	75	71	36	51	69	74	58	38	50	68	74	76	80	45	67	71	65	33	49	79	76	39	36	73
69	59	62	45	62	32	37	77	46	34	40	79	42	72	65	56	66	66	71	69	73	31	38	33	65	44	46	49	42	34	43	44	50	39	67	63	45	42	56	0	34	72	72	39	63	68	79	76	30	45	41	57	30	66	31	54	35	40	72	62	75	48	55	46	32	51	43	43	54	40	62	75	67	50	37	57	51	39	40	34	33	79	35	71	74	30	70	66	61	69	70	80	39	67	31	36	30	68	59	43
36	76	73	68	33	44	64	38	49	55	54	71	38	42	36	31	54	71	41	31	55	41	69	62	39	62	48	68	65	33	50	58	72	52	61	49	68	73	70	34	0	64	54	33	64	72	76	32	41	47	53	30	64	64	71	60	34	75	43	30	66	56	70	64	65	52	76	77	39	47	54	44	79	35	35	58	53	52	70	76	39	42	44	68	63	55	62	78	39	75	34	68	41	58	65	45	50	42	80	35
70	37	39	60	57	31	41	31	77	61	77	49	77	32	56	39	43	57	74	67	72	35	75	70	38	74	67	32	79	38	61	33	39	64	35	40	47	71	43	72	64	0	38	77	62	69	45	36	32	45	70	51	44	50	56	78	53	80	79	37	54	57	42	74	48	59	39	59	68	51	77	77	47	30	30	75	55	68	58	49	62	36	35	80	33	63	30	63	49	70	74	42	47	52	49	30	53	59	65	77
47	64	58	72	52	47	79	67	64	57	71	55	35	47	79	59	61	55	66	58	72	35	31	54	54	46	51	60	66	68	33	44	51	59	59	58	72	52	45	72	54	38	0	56	67	67	69	67	66	67	57	57	66	40	76	68	62	38	69	56	55	44	59	80	67	63	67	56	78	62	35	80	39	55	76	31	35	57	64	57	51	32	77	78	49	55	65	65	51	64	51	57	33	31	47	71	68	33	59	57
36	43	49	44	37	39	57	40	66	44	55	71	41	76	74	71	60	57	59	33	49	42	51	59	80	79	46	62	48	51	74	66	45	79	41	75	53	41	59	39	33	77	56	0	54	59	36	44	63	36	40	74	74	42	37	46	67	41	62	47	36	62	76	79	79	64	55	43	58	61	33	74	54	68	57	33	33	55	35	33	40	66	59	73	33	50	54	62	44	72	65	63	63	46	38	30	53	40	45	57
58	39	37	41	57	58	58	66	55	65	39	76	39	32	53	40	57	42	58	52	77	78	78	43	33	65	74	34	69	66	54	71	31	80	56	62	54	41	72	63	64	62	67	54	0	61	71	39	52	54	59	49	47	68	72	72	37	79	32	78	70	49	75	58	55	65	31	56	70	51	71	33	42	42	52	52	50	48	72	32	31	40	69	65	49	54	48	46	70	49	53	39	55	72	60	34	57	57	69	72
66	33	77	71	35	53	65	56	33	39	31	58	55	66	68	38	47	61	53	78	72	80	37	33	77	56	73	66	43	60	60	72	61	37	37	66	73	32	34	68	72	69	67	59	61	0	79	59	34	63	30	32	34	79	66	74	56	40	71	77	52	72	72	67	57	72	72	60	45	32	56	71	30	73	49	63	44	54	39	30	51	70	33	30	47	39	72	31	48	59	43	80	33	64	45	53	43	52	37	33
65	73	62	41	75	46	60	69	76	54	73	75	49	35	72	58	46	42	72	65	51	76	68	71	47	49	77	36	46	79	33	80	41	58	38	64	45	66	60	79	76	45	69	36	71	79	0	33	79	38	46	71	68	40	40	65	69	76	49	80	57	59	53	41	61	79	38	51	55	39	45	79	36	78	65	35	80	73	54	76	46	77	58	61	54	64	39	65	42	42	45	43	71	45	42	40	31	74	31	69
69	67	78	32	76	57	66	56	30	41	40	52	46	61	79	63	42	67	41	76	53	36	73	42	46	44	78	49	52	70	67	71	80	66	76	56	63	72	45	76	32	36	67	44	39	59	33	0	76	47	42	50	53	30	31	77	43	39	76	39	55	58	74	37	34	60	66	38	79	42	77	36	37	41	59	55	74	80	70	53	79	45	36	52	68	47	38	48	47	40	66	80	79	30	63	60	42	64	43	61
70	55	60	62	80	53	48	61	55	76	79	34	30	37	33	75	80	33	71	80	69	37	54	39	31	43	76	64	59	50	41	42	73	62	71	42	41	39	50	30	41	32	66	63	52	34	79	76	0	42	35	51	55	51	67	51	65	35	44	46	33	54	71	69	79	74	59	32	63	70	76	72	71	59	66	51	36	33	37	45	78	52	67	65	50	80	76	40	49	53	69	36	70	61	36	79	60	75	55	35
73	50	36	44	52	45	55	55	56	32	32	46	53	44	61	39	34	76	64	48	34	75	61	51	75	31	47	49	60	70	35	64	63	76	80	66	35	76	57	45	47	45	67	36	54	63	38	47	42	0	30	38	41	44	34	42	76	71	60	60	69	65	64	33	63	45	45	35	58	50	75	43	56	69	76	37	52	38	70	75	49	63	63	37	79	43	68	36	54	62	49	48	56	51	44	62	54	79	79	59
70	33	62	60	60	50	55	54	67	62	74	75	45	67	32	35	75	58	30	43	35	72	54	78	80	61	46	62	35	60	58	69	50	71	66	65	45	69	34	41	53	70	57	40	59	30	46	42	35	30	0	40	62	53	69	32	36	77	70	51	78	62	65	40	76	48	45	30	80	70	40	46	62	44	50	70	64	39	52	74	63	31	44	62	62	49	57	47	37	55	35	80	46	38	79	39	60	42	65	77
55	47	57	60	78	63	41	56	34	65	30	46	70	54	77	76	77	72	71	59	64	65	69	40	48	54	78	75	75	35	71	35	47	59	31	35	70	32	31	57	30	51	57	74	49	32	71	50	51	38	40	0	63	65	54	65	37	31	73	31	57	34	58	69	42	78	45	37	57	38	33	38	30	51	66	67	43	80	52	75	55	67	80	57	69	53	77	74	45	38	64	65	79	70	56	61	63	67	62	59
40	57	43	71	80	53	54	33	76	67	74	52	80	48	33	43	56	61	66	65	71	40	35	42	62	49	41	40	69	39	48	30	74	57	45	54	33	79	31	30	64	44	66	74	47	34	68	53	55	41	62	63	0	68	41	76	78	71	33	49	52	33	42	79	64	73	69	72	53	30	41	44	71	69	69	70	51	48	52	79	45	35	67	67	37	63	80	50	74	62	79	39	51	44	58	61	74	66	37	38
53	55	76	43	57	48	53	70	77	60	68	40	64	68	44	43	47	77	42	61	53	64	35	65	69	47	80	46	60	55	69	39	39	80	60	48	77	65	55	66	64	50	40	42	68	79	40	30	51	44	53	65	68	0	30	52	51	64	76	44	73	58	62	59	48	64	74	80	51	32	54	44	58	65	61	47	71	74	65	50	30	49	59	37	74	34	37	71	56	69	70	52	50	71	80	45	74	48	68	38
59	52	51	69	54	70	39	47	52	57	59	71	60	36	40	32	32	41	39	68	59	40	51	68	44	53	60	74	62	55	53	43	55	65	80	54	34	52	42	31	71	56	76	37	72	66	40	31	67	34	69	54	41	30	0	67	79	30	50	38	39	38	65	74	64	34	75	35	68	68	33	66	57	51	43	79	59	68	44	63	44	51	43	47	55	71	41	60	64	38	72	60	79	40	56	37	52	47	55	42
46	80	51	35	47	75	53	50	67	33	57	44	80	63	52	50	76	47	79	75	61	59	63	58	72	77	63	48	66	78	68	42	63	66	62	41	54	35	40	54	60	78	68	46	72	74	65	77	51	42	32	65	76	52	67	0	60	68	31	60	59	63	61	49	79	42	36	69	59	39	35	32	36	50	59	70	52	65	72	34	50	70	43	48	33	38	63	35	39	76	55	80	47	65	33	80	59	54	54	60
63	73	75	58	74	66	42	65	54	67	55	72	75	55	32	80	60	69	66	34	33	62	74	65	46	56	56	69	45	46	35	68	32	38	50	35	30	43	51	35	34	53	62	67	37	56	69	43	65	76	36	37	78	51	79	60	0	56	44	52	30	67	63	76	79	77	64	78	47	53	30	70	58	59	78	30	65	48	30	34	51	73	54	80	71	33	64	69	67	59	41	79	69	51	76	61	65	53	66	80
30	68	38	78	73	44	58	63	59	32	34	47	62	35	34	75	55	50	53	35	38	33	61	71	30	49	42	80	55	31	40	72	66	58	34	61	76	31	56	40	75	80	38	41	79	40	76	39	35	71	77	31	71	64	30	68	56	0	62	52	66	30	71	59	52	66	62	52	66	40	47	62	54	64	44	35	37	67	52	32	68	54	74	70	31	49	44	33	70	76	38	63	38	31	42	33	63	35	31	32
76	50	58	51	43	77	40	41	40	47	49	55	38	39	64	77	53	36	45	73	74	72	42	67	41	52	45	39	62	44	63	65	65	54	49	48	37	32	80	72	43	79	69	62	32	71	49	76	44	60	70	73	33	76	50	31	44	62	0	69	61	36	38	52	40	73	33	30	67	65	43	68	78	33	78	52	53	41	79	79	60	59	65	72	61	54	59	80	67	36	65	60	75	65	58	66	70	78	55	69
77	39	33	31	63	70	37	39	54	40	39	61	59	54	44	49	66	60	77	71	54	57	51	66	52	63	72	53	72	76	42	39	30	64	52	63	55	33	62	62	30	37	56	47	78	77	80	39	46	60	51	31	49	44	38	60	52	52	69	0	31	33	41	48	44	67	64	53	34	36	36	33	48	65	79	45	40	45	33	37	52	78	47	62	46	46	79	30	31	54	54	75	60	48	54	46	34	71	61	56
75	44	31	63	57	57	79	65	39	57	52	52	54	51	62	72	50	60	60	78	62	53	64	48	75	78	73	50	36	63	67	37	50	34	53	70	53	80	61	75	66	54	55	36	70	52	57	55	33	69	78	57	52	73	39	59	30	66	61	31	0	69	63	78	42	58	78	40	57	67	40	48	35	42	45	60	77	45	55	44	32	45	78	50	36	48	52	55	72	62	46	74	64	36	33	36	56	57	72	79
55	69	61	34	35	64	55	35	73	57	68	69	33	77	62	34	32	32	32	34	43	76	48	49	80	70	45	56	54	74	41	61	59	52	64	50	63	57	54	48	56	57	44	62	49	72	59	58	54	65	62	34	33	58	38	63	67	30	36	33	69	0	44	48	68	38	50	50	52	59	48	76	50	52	31	54	53	57	35	34	80	58	42	51	68	47	63	30	38	32	62	75	80	48	60	71	52	58	40	40
65	36	66	62	45	69	61	51	33	59	54	77	43	35	62	32	43	68	31	38	33	71	73	75	65	76	40	32	64	43	56	39	50	40	63	64	64	52	51	55	70	42	59	76	75	72	53	74	71	64	65	58	42	62	65	61	63	71	38	41	63	44	0	65	62	68	46	79	76	73	43	46	63	33	58	30	60	54	37	75	47	73	80	75	80	34	41	32	40	79	76	49	55	35	45	33	75	63	31	37
43	32	58	62	49	46	34	30	59	64	55	48	46	54	34	56	76	79	64	73	62	68	40	37	50	37	55	70	46	75	32	37	67	77	32	79	52	43	72	46	64	74	80	79	58	67	41	37	69	33	40	69	79	59	74	49	76	59	52	48	78	48	65	0	77	67	80	67	42	36	48	78	64	42	78	63	67	74	77	59	39	35	58	45	47	40	40	68	30	54	31	62	48	65	32	65	40	68	34	54
62	76	64	59	65	66	74	66	33	57	39	33	73	39	63	59	79	60	52	31	32	30	57	53	36	79	65	33	32	74	43	55	66	56	76	32	36	30	44	32	65	48	67	79	55	57	61	34	79	63	76	42	64	48	64	79	79	52	40	44	42	68	62	77	0	50	58	34	69	62	51	48	41	53	34	74	72	49	43	67	69	75	33	44	31	58	36	41	40	35	71	45	68	71	40	42	37	44	52	36
47	49	48	48	53	52	34	44	66	33	65	71	61	38	80	31	80	30	35	44	45	44	52	77	49	41	41	46	49	57	32	43	36	68	33	31	55	79	30	51	52	59	63	64	65	72	79	60	74	45	48	78	73	64	34	42	77	66	73	67	58	38	68	67	50	0	48	63	31	51	37	74	61	75	41	77	35	68	71	31	68	66	41	32	62	57	33	70	72	44	45	48	78	71	38	45	72	68	43	32
56	43	31	38	40	53	59	37	61	34	79	37	71	39	37	47	38	65	80	40	60	35	65	67	65	60	43	42	75	51	53	79	34	41	58	63	41	53	69	43	76	39	67	55	31	72	38	66	59	45	45	45	69	74	75	36	64	62	33	64	78	50	46	80	58	48	0	73	43	75	67	56	60	50	64	44	58	38	38	49	71	40	69	50	77	42	34	63	50	56	68	43	78	77	35	71	78	33	59	30
74	33	68	45	63	58	71	36	61	79	40	42	34	49	40	79	53	66	43	34	33	74	38	80	38	45	55	50	34	58	43	60	78	54	41	42	63	57	38	43	77	59	56	43	56	60	51	38	32	35	30	37	72	80	35	69	78	52	30	53	40	50	79	67	34	63	73	0	49	50	62	60	45	38	37	47	37	47	58	74	59	80	34	30	48	77	63	46	67	32	50	32	33	55	47	34	69	40	67	78
31	32	63	46	73	71	32	30	50	52	64	80	47	30	33	34	80	31	77	35	63	30	65	46	32	31	79	36	80	34	62	55	76	37	59	33	30	66	43	54	39	68	78	58	70	45	55	79	63	58	80	57	53	51	68	59	47	66	67	34	57	52	76	42	69	31	43	49	0	70	43	71	57	80	53	51	60	75	34	65	70	77	71	36	62	52	61	38	56	50	52	50	68	31	42	80	51	44	54	34
73	65	50	38	48	69	65	33	53	60	38	42	41	62	67	72	47	42	42	75	36	58	48	69	35	53	54	51	69	55	60	63	66	68	48	72	43	48	47	40	47	51	62	61	51	32	39	42	70	50	70	38	30	32	68	39	53	40	65	36	67	59	73	36	62	51	75	50	70	0	56	50	69	57	72	58	50	76	68	33	68	76	67	50	65	57	33	79	72	30	65	52	37	42	71	50	48	69	38	35
33	51	60	49	39	42	69	37	80	60	77	75	58	65	35	77	36	75	50	60	46	71	80	30	32	68	38	77	68	57	46	56	30	55	74	51	71	80	41	62	54	77	35	33	71	56	45	77	76	75	40	33	41	54	33	35	30	47	43	36	40	48	43	48	51	37	67	62	43	56	0	38	34	80	52	54	63	65	77	39	34	43	79	36	45	43	76	40	70	59	40	58	52	62	41	70	79	56	47	45
47	32	59	31	64	74	65	75	51	72	58	40	70	44	77	35	34	42	41	73	69	30	49	41	56	51	74	46	32	78	67	32	68	43	74	30	43	73	32	75	44	77	80	74	33	71	79	36	72	43	46	38	44	44	66	32	70	62	68	33	48	76	46	78	48	74	56	60	71	50	38	0	52	71	45	78	78	71	63	70	64	58	48	43	46	79	66	36	47	38	58	50	45	75	74	34	60	43	37	47
31	62	39	34	55	69	64	52	69	78	63	37	77	33	63	64	35	40	35	65	48	62	56	57	74	59	67	72	48	60	56	78	72	38	49	76	36	35	58	67	79	47	39	54	42	30	36	37	71	56	62	30	71	58	57	36	58	54	78	48	35	50	63	64	41	61	60	45	57	69	34	52	0	60	76	44	76	43	63	31	38	34	54	74	59	56	48	70	59	60	35	31	75	76	79	47	67	44	54	62
61	62	44	47	73	71	62	78	51	49	78	69	60	50	67	80	69	38	80	77	69	76	63	58	68	46	63	60	52	34	39	66	64	37	77	52	68	67	70	50	35	30	55	68	42	73	78	41	59	69	44	51	69	65	51	50	59	64	33	65	42	52	33	42	53	75	50	38	80	57	80	71	60	0	70	77	65	67	35	32	62	73	78	72	68	48	32	61	72	51	55	70	39	59	58	35	65	36	54	40
77	51	61	71	51	43	70	41	42	44	65	74	49	62	62	53	71	65	61	49	46	39	37	79	35	43	41	39	61	60	33	57	59	74	80	42	69	61	51	37	35	30	76	57	52	49	65	59	66	76	50	66	69	61	43	59	78	44	78	79	45	31	58	78	34	41	64	37	53	72	52	45	76	70	0	69	49	53	60	38	43	30	54	66	56	59	57	73	32	68	64	58	59	75	72	55	56	58	75	55
59	33	69	66	62	51	80	42	65	74	64	44	34	50	77	30	52	43	71	34	42	65	37	59	59	75	43	53	44	56	58	45	64	44	63	80	53	62	57	57	58	75	31	33	52	63	35	55	51	37	70	67	70	47	79	70	30	35	52	45	60	54	30	63	74	77	44	47	51	58	54	78	44	77	69	0	40	51	51	37	80	38	41	72	33	53	42	42	58	60	71	58	54	48	36	68	33	71	47	56
46	41	50	80	78	37	55	74	50	40	48	45	53	63	68	40	42	67	31	66	57	76	46	68	38	65	61	54	76	30	41	64	52	33	35	59	54	50	75	51	53	55	35	33	50	44	80	74	36	52	64	43	51	71	59	52	65	37	53	40	77	53	60	67	72	35	58	37	60	50	63	78	76	65	49	40	0	79	39	49	45	66	80	32	38	48	64	67	51	34	74	36	63	50	50	75	64	36	43	57
47	68	40	79	75	78	52	78	55	67	37	77	34	48	61	46	52	58	57	51	58	41	65	75	31	32	72	48	60	67	56	49	43	68	36	37	61	53	71	39	52	68	57	55	48	54	73	80	33	38	39	80	48	74	68	65	48	67	41	45	45	57	54	74	49	68	38	47	75	76	65	71	43	67	53	51	79	0	51	73	62	64	32	39	65	43	39	70	54	64	41	32	66	38	54	31	52	44	39	30
47	49	54	69	57	36	62	53	40	60	41	60	39	70	59	72	64	75	50	51	34	42	33	77	60	34	52	80	36	62	79	67	45	62	52	46	34	47	36	40	70	58	64	35	72	39	54	70	37	70	52	52	52	65	44	72	30	52	79	33	55	35	37	77	43	71	38	58	34	68	77	63	63	35	60	51	39	51	0	59	35	40	79	75	31	73	37	59	74	48	42	63	37	50	68	80	62	33	34	70
35	73	38	50	75	52	74	60	41	69	30	62	33	50	75	67	37	79	37	60	35	52	33	48	68	65	47	57	50	53	44	38	59	40	61	64	40	64	51	34	76	49	57	33	32	30	76	53	45	75	74	75	79	50	63	34	34	32	79	37	44	34	75	59	67	31	49	74	65	33	39	70	31	32	38	37	49	73	59	0	79	30	80	44	56	39	36	75	51	34	31	73	53	45	40	55	35	62	63	39
34	50	50	48	78	44	76	46	68	46	46	60	30	44	68	54	75	30	80	34	79	68	37	79	59	37	69	64	57	44	54	45	43	43	39	76	75	75	69	33	39	62	51	40	31	51	46	79	78	49	63	55	45	30	44	50	51	68	60	52	32	80	47	39	69	68	71	59	70	68	34	64	38	62	43	80	45	62	35	79	0	66	67	37	51	36	31	79	68	46	58	33	32	32	47	66	34	80	77	60
52	56	62	38	53	33	72	69	34	49	39	47	43	37	48	79	32	35	38	40	67	63	73	75	60	44	80	66	50	53	55	32	65	73	76	71	44	61	74	79	42	36	32	66	40	70	77	45	52	63	31	67	35	49	51	70	73	54	59	78	45	58	73	35	75	66	40	80	77	76	43	58	34	73	30	38	66	64	40	30	66	0	61	44	33	67	37	80	56	64	51	36	61	42	71	33	72	65	58	42
65	52	54	53	57	31	34	80	76	65	67	67	75	52	66	70	44	66	80	32	78	48	56	64	51	65	75	78	36	58	44	78	31	61	61	59	62	31	58	35	44	35	77	59	69	33	58	36	67	63	44	80	67	59	43	43	54	74	65	47	78	42	80	58	33	41	69	34	71	67	79	48	54	78	54	41	80	32	79	80	67	61	0	34	41	54	69	68	67	80	79	44	53	75	35	41	40	62	30	60
46	57	62	47	55	73	33	57	64	74	55	34	44	80	60	44	33	75	44	45	61	62	41	66	76	71	41	53	58	48	62	79	49	77	30	53	53	34	38	71	68	80	78	73	65	30	61	52	65	37	62	57	67	37	47	48	80	70	72	62	50	51	75	45	44	32	50	30	36	50	36	43	74	72	66	72	32	39	75	44	37	44	34	0	30	66	74	46	49	47	70	61	80	42	56	72	70	36	70	67
69	50	76	40	61	64	32	51	78	55	36	80	48	42	46	76	33	42	36	50	72	55	80	46	44	54	74	50	61	73	31	78	44	36	53	31	72	51	50	74	63	33	49	33	49	47	54	68	50	79	62	69	37	74	55	33	71	31	61	46	36	68	80	47	31	62	77	48	62	65	45	46	59	68	56	33	38	65	31	56	51	33	41	30	0	62	72	45	56	32	43	65	61	48	53	44	78	71	80	53
70	40	44	60	45	40	67	79	42	30	34	42	46	38	45	31	30	35	47	41	68	58	38	34	62	37	55	48	69	64	62	37	62	59	65	78	78	80	68	30	55	63	55	50	54	39	64	47	80	43	49	53	63	34	71	38	33	49	54	46	48	47	34	40	58	57	42	77	52	57	43	79	56	48	59	53	48	43	73	39	36	67	54	66	62	0	73	57	42	79	64	77	43	56	80	77	72	48	65	39
69	76	73	45	76	56	45	68	71	30	33	45	58	71	30	78	50	41	31	31	42	35	40	59	58	66	74	69	63	70	57	47	35	52	67	31	47	43	74	70	62	30	65	54	48	72	39	38	76	68	57	77	80	37	41	63	64	44	59	79	52	63	41	40	36	33	34	63	61	33	76	66	48	32	57	42	64	39	37	36	31	37	69	74	72	73	0	50	57	49	79	64	77	72	42	61	65	65	68	66
43	60	41	65	32	57	39	54	70	51	56	55	46	47	51	58	51	66	71	41	65	79	49	63	68	59	46	39	75	33	33	56	53	76	61	76	65	43	76	66	78	63	65	62	46	31	65	48	40	36	47	74	50	71	60	35	69	33	80	30	55	30	32	68	41	70	63	46	38	79	40	36	70	61	73	42	67	70	59	75	79	80	68	46	45	57	50	0	62	54	44	38	45	44	48	70	58	44	35	40
56	33	78	47	50	59	78	79	65	58	44	59	54	42	62	31	44	73	43	57	39	33	75	47	70	76	43	58	34	45	80	80	56	43	73	42	63	46	80	61	39	49	51	44	70	48	42	47	49	54	37	45	74	56	64	39	67	70	67	31	72	38	40	30	40	72	50	67	56	72	70	47	59	72	32	58	51	54	74	51	68	56	67	49	56	42	57	62	0	61	73	74	64	70	44	56	58	63	67	46
76	43	72	52	35	30	54	53	69	35	52	68	72	37	34	60	47	40	78	47	49	52	34	50	57	66	69	65	38	43	48	56	61	42	79	40	76	44	45	69	75	70	64	72	49	59	42	40	53	62	55	38	62	69	38	76	59	76	36	54	62	32	79	54	35	44	56	32	50	30	59	38	60	51	68	60	34	64	48	34	46	64	80	47	32	79	49	54	61	0	62	30	59	55	74	60	77	33	42	69
33	40	57	70	77	67	72	39	44	47	49	61	59	79	63	71	42	42	44	66	66	46	51	30	67	61	74	55	53	43	47	38	71	58	43	42	45	73	67	70	34	74	51	65	53	43	45	66	69	49	35	64	79	70	72	55	41	38	65	54	46	62	76	31	71	45	68	50	52	65	40	58	35	55	64	71	74	41	42	31	58	51	79	70	43	64	79	44	73	62	0	30	32	68	54	40	45	77	54	63
74	60	78	38	80	46	54	30	36	58	68	34	31	62	65	33	49	61	57	35	61	54	78	33	73	36	38	64	36	56	38	79	60	49	63	55	34	39	71	80	68	42	57	63	39	80	43	80	36	48	80	65	39	52	60	80	79	63	60	75	74	75	49	62	45	48	43	32	50	52	58	50	31	70	58	58	36	32	63	73	33	36	44	61	65	77	64	38	74	30	30	0	34	59	50	42	31	48	78	41
42	67	43	32	58	38	47	71	41	58	36	73	38	49	73	47	46	78	63	76	66	42	79	62	79	35	66	46	43	66	37	68	39	36	77	67	35	45	65	39	41	47	33	63	55	33	71	79	70	56	46	79	51	50	79	47	69	38	75	60	64	80	55	48	68	78	78	33	68	37	52	45	75	39	59	54	63	66	37	53	32	61	53	80	61	43	77	45	64	59	32	34	0	33	70	40	74	53	52	48
33	46	46	72	71	36	71	35	36	77	43	60	32	78	35	50	74	45	72	62	73	60	61	68	49	33	40	77	62	75	68	73	63	73	72	32	46	63	33	67	58	52	31	46	72	64	45	30	61	51	38	70	44	71	40	65	51	31	65	48	36	48	35	65	71	71	77	55	31	42	62	75	76	59	75	48	50	38	50	45	32	42	75	42	48	56	72	44	70	55	68	59	33	0	54	34	30	79	69	33
54	70	36	35	67	37	42	51	40	75	77	36	33	71	46	55	52	57	73	61	32	76	66	51	37	42	58	77	40	48	46	41	72	45	76	39	60	32	49	31	65	49	47	38	60	45	42	63	36	44	79	56	58	80	56	33	76	42	58	54	33	60	45	32	40	38	35	47	42	71	41	74	79	58	72	36	50	54	68	40	47	71	35	56	53	80	42	48	44	74	54	50	70	54	0	63	54	40	49	72
69	70	73	66	42	39	32	40	76	45	62	62	49	75	68	33	37	69	39	30	38	58	37	46	32	70	71	44	48	77	67	79	69	74	75	30	67	51	79	36	45	30	71	30	34	53	40	60	79	62	39	61	61	45	37	80	61	33	66	46	36	71	33	65	42	45	71	34	80	50	70	34	47	35	55	68	75	31	80	55	66	33	41	72	44	77	61	70	56	60	40	42	40	34	63	0	32	44	49	54
35	55	72	32	78	63	80	60	63	31	47	67	43	37	73	61	70	80	72	78	63	45	60	75	34	46	39	68	39	32	32	79	48	37	41	65	58	52	76	30	50	53	68	53	57	43	31	42	60	54	60	63	74	74	52	59	65	63	70	34	56	52	75	40	37	72	78	69	51	48	79	60	67	65	56	33	64	52	62	35	34	72	40	70	78	72	65	58	58	77	45	31	74	30	54	32	0	75	36	36
34	56	53	80	30	78	39	41	77	46	56	60	40	58	78	62	51	65	50	37	38	67	71	66	55	65	56	41	37	78	62	68	35	73	39	42	70	48	39	68	42	59	33	40	57	52	74	64	75	79	42	67	66	48	47	54	53	35	78	71	57	58	63	68	44	68	33	40	44	69	56	43	44	36	58	71	36	44	33	62	80	65	62	36	71	48	65	44	63	33	77	48	53	79	40	44	75	0	78	59
36	63	78	63	60	60	79	51	74	66	73	38	79	61	80	39	44	53	54	79	44	52	77	55	59	41	43	80	31	80	55	41	75	44	38	58	53	61	36	59	80	65	59	45	69	37	31	43	55	79	65	62	37	68	55	54	66	31	55	61	72	40	31	34	52	43	59	67	54	38	47	37	54	54	75	47	43	39	34	63	77	58	30	70	80	65	68	35	67	42	54	78	52	69	49	49	36	78	0	49
73	57	69	61	31	40	56	58	45	35	60	78	30	66	33	75	49	36	39	34	75	44	73	58	36	51	53	54	65	39	43	53	68	72	46	58	39	44	73	43	35	77	57	57	72	33	69	61	35	59	77	59	38	38	42	60	80	32	69	56	79	40	37	54	36	32	30	78	34	35	45	47	62	40	55	56	57	30	70	39	60	42	60	67	53	39	66	40	46	69	63	41	48	33	72	54	36	59	49	0

Initial health value of each distributed equipment: 
(Where columns denote demand points: 1 to 100.)
488.70	230.95	478.80	244.36	156.45	261.03	254.79	371.91	465.60	292.32	370.52	184.76	168.37	207.90	210.09	261.59	287.10	151.98	154.96	361.34	471.42	220.52	387.75	223.04	551.12	575.70	551.07	491.40	564.16	551.10	391.68	215.04	302.82	162.41	289.06	278.63	591.92	553.41	389.94	281.61	348.84	411.75	403.00	351.50	461.34	165.39	358.28	381.84	406.72	250.32	281.61	428.80	385.92	429.00	153.47	198.17	295.90	427.99	214.20	221.48	536.00	549.01	215.46	373.80	472.35	370.70	304.48	275.52	272.67	230.46	613.04	343.44	404.79	236.91	368.30	273.70	260.75	175.82	410.40	649.52	427.35	491.40	265.22	336.54	285.25	166.88	402.17	198.40	419.58	669.80	273.18	478.16	499.26	202.64	574.08	637.24	238.40	229.50	160.92	297.50

Spare parts types of different demand points: 
(where columns denote demand points: 1 to 100.)
1	2	2	5	3	3	5	3	1	5	5	4	1	4	3	3	2	2	5	2	1	3	2	4	5	1	2	5	3	4	5	4	1	5	4	1	5	4	3	3	3	5	3	4	5	5	3	4	2	3	2	5	1	5	4	2	3	2	4	1	3	2	1	4	1	2	1	1	2	1	5	2	4	2	2	3	1	1	3	2	1	3	4	4	2	1	3	1	5	1	4	1	3	3	3	3	4	4	3	1

inventory management cost per unit time of different types of orders: 
(where columns denote types of orders: 1 to 5.)
1.8	1.6	2.9	2.9	1.8

Maintenance cost per unit time of different worker: 
(Where rows denote strategy: 1 to 3,and columns denote available worker of each strategy: 1 to 4.)
4.6	4.6	4.1
3.8	4	3.9
4.4	4.2	4.6
3.1	3.2	4.5

The weight of tardiness cost of different demand points: 
(where columns denote demand points: 1 to 100.)
5.1	5	4.1	3.2	5	3.8	5.4	5.9	5.2	3.2	3.1	4.9	5.8	4.2	5.8	4.7	5	5.8	4.9	3.1	3.5	3.8	4.5	5.7	3.1	3.9	5.7	4.1	4.7	4.8	3.3	6	3	5.4	4.7	4.7	5.7	4.4	5.9	3.4	4.3	5.7	3.1	4.4	4.9	5.1	3.4	4	5.2	5.2	3.6	4.8	3	4.3	3.1	5.7	3.3	4	5.7	3.2	3	5.7	3.9	3.8	3.7	4.9	4.1	5.4	4.4	3.8	4.3	5.7	3.6	3.9	5.2	3	6	3.9	3.1	4.2	3.5	4.5	5.7	4.5	4.6	3.8	4.7	5.3	5.8	3.6	5.3	5.1	5.5	3.7	3.2	5.3	5.5	5.2	5.5	4.2

The waste of old spare part per unit time of each distributed equipment: 
(where columns denote demand points: 1 to 100.)
6.7	7.5	6.6	5.4	6.4	6.7	7.8	5.3	7.5	7.1	5.3	5.2	5.2	7.5	5.8	6.6	6.9	6.9	6.7	5.3	7.2	7.6	5.5	7.2	7.2	7.5	6.1	6.3	5	5.6	6.9	7.1	7.4	5.3	7.6	5.1	6.2	7.2	5.5	7.8	7.1	5.7	5.3	5	5.7	6.1	6.2	5.5	5.6	5.4	7.2	7.5	8	6.8	6.3	7	5.8	7.6	7.6	6.3	6.1	7.4	5.7	6.6	5.6	5.6	8	5.5	6.7	6.2	7.3	6.7	5.7	6.7	5.8	6	6.1	6.7	6.4	6.2	7	7.3	6.8	6.5	6.4	5	5.3	7.3	6.9	5.5	7.9	8	5.7	7.1	7.9	6.3	6.2	5.9	6.5	5.7

shutdown cost per unit time of each distributed equipment: 
(where columns denote demand points: 1 to 100.)
21	23.4	22	20.7	24.6	21.3	23.6	21.5	23.2	22.6	24.9	20.4	20.9	21.3	24	22.7	22.6	21.8	21.5	21.6	24.2	23.2	20.4	22.3	23.4	20.9	20.1	23.6	21.8	21.7	24.6	24.1	23.7	23.2	24.6	24.4	22.8	22.9	23	21.9	23.8	21	21.6	20.7	22.9	23.8	20.6	24.2	20.5	21.6	24.3	20.5	22.9	22.1	23.6	21.6	23.8	23.2	21.8	23.2	21.9	21.5	20.3	24.9	21.5	23	21.5	23.9	20.3	21.9	23.6	20.8	21	21.3	20.5	23.7	24.7	20.6	20.5	25	24.7	22.4	20.8	24.7	23.6	20.8	23	24	24.7	23.2	24.4	22.6	24.3	24.3	21	22.5	22.1	20	24.8	21.1

Deterioration rate of each piece of equipment:
(Where columns denote distributed equipment: 1 to 100.)
1.81	1.55	1.4	1.64	1.05	1.13	1.71	1.61	1.94	1.26	1.57	1.24	1.13	1.1	1.41	1.01	1.65	1.02	1.04	1.78	1.94	1.48	1.65	1.36	1.66	1.9	1.57	1.82	1.64	1.65	1.02	1.12	1.47	1.09	1.94	1.87	1.51	1.43	1.94	1.89	1.02	1.35	1.24	1.85	1.98	1.11	1.06	1.29	1.24	1.68	1.89	1.34	1.44	1.3	1.03	1.33	1.1	1.27	1.02	1.13	1.6	1.61	1.26	1.05	1.41	1.1	1.76	1.23	1.83	1.38	1.94	1.08	1.31	1.59	1.45	1.15	1.75	1.18	1.71	1.84	1.11	1.95	1.78	1.42	1.75	1.12	1.31	1.28	1.62	1.7	1.74	1.39	1.57	1.36	1.92	1.79	1.6	1.53	1.08	1.25

The processing time of different types of spare parts: 
(Where rows denote machines: 1 to 5,and columns denote types: 1 to 5.)
11	27	21	20	25
15	11	24	15	16
18	16	16	28	19
15	22	11	29	14
14	15	29	22	15

The maintenance time of different workers: 
(Where rows denote strategy: 1 to 3,and columns denote available worker of each strategy: 1 to 4.)
30	30	40
38	39	40
32	32	31
43	41	39

Repair degree of different strategies: 
(Where rows denote strategy: 1 to 34.)
0.62	0.53	0.6

Quantity of spare parts of each type reserved in each warehouse: 
(where rows denote warehouses£º1 to 6,and columns denote types£º1 to 5.)
1	4
1	2
1	2	3	5
1	2	2	1
1	2	3	5
1	2	2	1

Initial due date of each order: 
(Where columns denote order: 1 to 100.)
270	149	342	149	149	231	149	231	240	232	236	149	149	189	149	259	174	149	149	203	243	149	235	164	332	303	351	270	344	334	384	192	206	149	149	149	392	387	201	149	342	305	325	190	233	149	338	296	328	149	149	320	268	330	149	149	269	337	210	196	335	341	171	356	335	337	173	224	149	167	316	318	309	149	254	238	149	149	240	353	385	252	149	237	163	149	307	155	259	394	157	344	318	149	299	356	149	150	149	238

Maintenance starting time window of each piece of equipment: 
(Where rows denote Lower and Upper bounds of Maintenance starting time window: 1 to 2,and columns denote distributed equipment: 1 to 100.)
189	104.3	239.4	104.3	104.3	161.7	104.3	161.7	168	162.4	165.2	104.3	104.3	132.3	104.3	181.3	121.8	104.3	104.3	142.1	170.1	104.3	164.5	114.8	232.4	212.1	245.7	189	240.8	233.8	268.8	134.4	144.2	104.3	104.3	104.3	274.4	270.9	140.7	104.3	239.4	213.5	227.5	133	163.1	104.3	236.6	207.2	229.6	104.3	104.3	224	187.6	231	104.3	104.3	188.3	235.9	147	137.2	234.5	238.7	119.7	249.2	234.5	235.9	121.1	156.8	104.3	116.9	221.2	222.6	216.3	104.3	177.8	166.6	104.3	104.3	168	247.1	269.5	176.4	104.3	165.9	114.1	104.3	214.9	108.5	181.3	275.8	109.9	240.8	222.6	104.3	209.3	249.2	104.3	105	104.3	166.6
243	134.1	307.8	134.1	134.1	207.9	134.1	207.9	216	208.8	212.4	134.1	134.1	170.1	134.1	233.1	156.6	134.1	134.1	182.7	218.7	134.1	211.5	147.6	298.8	272.7	315.9	243	309.6	300.6	345.6	172.8	185.4	134.1	134.1	134.1	352.8	348.3	180.9	134.1	307.8	274.5	292.5	171	209.7	134.1	304.2	266.4	295.2	134.1	134.1	288	241.2	297	134.1	134.1	242.1	303.3	189	176.4	301.5	306.9	153.9	320.4	301.5	303.3	155.7	201.6	134.1	150.3	284.4	286.2	278.1	134.1	228.6	214.2	134.1	134.1	216	317.7	346.5	226.8	134.1	213.3	146.7	134.1	276.3	139.5	233.1	354.6	141.3	309.6	286.2	134.1	269.1	320.4	134.1	135	134.1	214.2

