Number of orders: 
100

Number of factories\warehouses: 
3

Number of machines per factory: 
8

Number of types of spare parts: 
5

Number of maintenance strategies: 
3

Number of available workers per strategy: 
4

Transportation cost per unit time: 
3

Transprotation time between factories/warehouses and demand points: 
(Where rows denote factories: 1 to 3 ,and columns denote demand points: 1 to 100.)
107	126	62	55	77	72	87	124	110	99	145	62	30	108	148	76	80	71	53	110	143	142	129	42	54	113	131	110	44	116	81	39	49	96	51	106	89	114	72	73	84	51	43	70	117	145	111	41	138	46	46	74	144	56	114	68	142	82	140	141	53	65	52	146	122	137	59	129	116	58	112	64	108	82	126	92	72	69	71	133	136	38	74	126	78	91	73	59	147	40	31	83	75	31	87	51	79	75	107	127
138	99	117	103	90	87	103	99	116	140	135	125	95	149	82	145	148	53	89	54	77	117	84	57	35	86	149	48	132	149	128	141	82	62	30	99	138	76	131	111	115	134	131	85	96	144	140	139	93	41	132	138	84	139	129	60	120	145	117	144	33	116	52	147	121	112	46	76	138	117	85	65	120	62	71	119	50	58	99	116	76	126	104	93	145	143	144	37	69	55	134	113	45	98	115	124	49	31	89	88
84	132	52	69	80	62	128	89	39	74	117	81	125	143	67	50	116	75	57	66	40	101	37	82	33	60	132	52	131	142	131	99	122	71	47	67	45	144	126	100	34	123	76	74	148	33	122	81	97	133	112	144	86	112	87	41	69	79	45	30	109	78	140	63	78	148	78	107	87	72	49	57	93	103	65	86	86	43	106	121	107	79	39	145	41	149	95	56	132	39	114	147	77	56	93	126	34	82	52	130

Tranfer time of each worker between two different demand points: 
(Where rows and columns both denote demands points: 1 to 100.)
0	45	38	53	34	77	62	57	44	38	48	31	73	39	37	57	48	39	76	53	39	55	39	57	42	34	33	55	54	65	58	72	63	65	33	70	76	78	78	53	45	49	34	42	43	78	36	74	57	73	52	63	42	70	74	76	49	80	74	58	46	33	30	68	63	60	64	41	65	42	46	60	44	48	78	70	65	68	66	72	68	75	77	40	54	38	62	35	55	48	53	79	52	70	52	59	66	57	57	34
45	0	32	59	52	39	35	63	80	37	54	35	48	78	46	54	45	66	54	67	42	41	52	68	79	58	70	74	46	45	31	45	64	35	46	69	53	76	72	48	40	46	56	57	63	37	78	74	47	67	36	34	32	45	53	43	79	38	80	63	64	71	36	80	55	74	36	41	32	59	36	67	76	61	36	32	56	78	69	77	44	53	41	50	61	74	79	47	62	61	72	64	73	51	55	75	46	39	80	65
38	32	0	52	66	53	52	72	79	75	77	75	71	57	55	46	33	31	37	61	52	80	77	35	57	49	35	73	61	33	76	51	37	38	32	59	62	44	44	80	48	44	72	58	46	73	40	76	65	31	67	75	53	60	48	41	31	38	68	34	42	72	79	39	68	62	38	78	78	73	49	66	48	36	34	33	66	56	42	38	52	66	50	65	65	30	61	35	60	69	34	46	49	42	65	54	57	35	76	35
53	59	52	0	76	48	47	62	54	39	59	34	65	43	32	32	61	74	79	31	73	63	48	45	49	65	79	32	66	75	77	74	60	66	68	57	73	73	79	69	80	74	60	76	40	56	51	63	39	64	61	49	80	55	56	53	79	59	34	34	58	80	31	40	38	71	68	59	51	38	46	37	44	61	63	46	63	64	73	30	53	44	36	48	73	52	63	56	72	73	52	79	79	37	79	75	43	54	58	38
34	52	66	76	0	79	36	50	56	61	43	75	79	42	33	39	51	32	47	48	30	61	58	45	66	39	54	79	68	72	60	34	77	59	59	44	73	43	42	53	60	40	78	69	80	68	75	34	63	75	32	55	62	52	44	34	39	62	41	41	37	33	74	51	68	34	57	78	57	57	75	68	62	60	56	70	43	33	36	72	65	62	40	45	37	45	47	68	52	64	40	50	44	74	36	58	69	66	30	34
77	39	53	48	79	0	33	69	67	35	38	75	51	46	50	71	34	36	64	34	30	60	54	59	46	62	57	80	68	37	32	69	65	48	44	79	71	71	47	47	79	69	67	65	74	36	62	39	36	80	64	55	79	60	35	71	51	37	42	68	74	30	47	58	49	49	77	50	51	62	59	34	30	32	80	45	40	70	62	68	49	37	39	34	59	39	61	69	51	78	47	79	32	46	71	43	46	62	56	78
62	35	52	47	36	33	0	40	46	49	57	75	37	79	37	59	76	35	75	53	79	69	69	35	38	45	31	41	63	35	49	80	41	53	44	34	80	59	45	72	49	67	33	56	80	30	33	72	73	64	35	31	33	79	80	57	31	46	72	39	80	31	72	49	53	60	53	61	75	54	59	60	60	49	55	38	77	67	36	71	40	32	56	30	67	35	56	47	50	31	55	32	61	47	58	70	42	79	48	55
57	63	72	62	50	69	40	0	61	72	37	57	64	66	32	79	79	69	62	46	60	76	60	56	65	51	78	67	37	58	39	72	56	67	69	55	54	43	37	47	42	48	74	48	73	71	78	33	52	67	61	48	34	49	33	58	48	74	49	71	61	70	33	54	79	52	42	42	31	68	59	56	50	56	63	69	33	50	41	43	53	70	77	57	75	43	73	57	78	68	48	53	61	63	73	38	74	71	51	78
44	80	79	54	56	67	46	61	0	67	51	68	69	76	72	51	77	52	40	49	31	60	67	36	35	60	40	32	76	76	73	63	36	57	68	76	46	65	78	63	49	46	53	31	68	66	74	33	56	45	41	61	58	76	48	42	48	33	30	70	49	71	73	76	40	65	38	63	41	39	49	61	54	50	33	55	66	35	30	50	32	34	62	62	31	58	32	78	62	71	78	54	80	78	59	46	76	63	55	59
38	37	75	39	61	35	49	72	67	0	46	58	77	47	68	41	78	59	51	70	73	67	33	52	64	73	43	66	39	58	69	57	45	78	37	72	74	46	31	45	73	45	47	32	63	30	40	65	79	73	64	44	60	49	80	78	67	30	80	58	76	70	51	63	72	79	33	40	71	43	71	54	65	38	70	34	64	57	61	74	35	44	65	71	53	64	62	41	70	33	49	53	51	60	36	57	52	63	49	79
48	54	77	59	43	38	57	37	51	46	0	53	80	77	35	78	52	54	40	79	32	68	42	38	30	79	56	44	35	61	40	38	48	69	78	34	56	67	70	35	36	74	31	42	58	45	47	68	63	66	51	75	50	71	76	66	50	77	77	57	79	41	46	63	57	62	36	30	66	37	37	74	69	46	33	63	67	76	62	33	37	48	55	33	75	72	70	35	57	53	38	77	57	37	62	33	52	48	62	44
31	35	75	34	75	75	75	57	68	58	53	0	79	42	37	54	70	68	55	77	63	70	78	68	33	38	41	75	35	66	62	64	59	33	79	49	41	72	39	54	38	71	32	63	40	77	34	50	70	31	78	61	72	49	77	38	35	76	68	50	70	63	58	77	44	61	75	37	51	50	61	50	64	44	66	56	75	43	30	35	79	39	46	50	67	77	46	45	36	54	54	56	56	31	47	80	64	52	38	37
73	48	71	65	79	51	37	64	69	77	80	79	0	74	70	68	33	66	45	68	71	32	56	30	39	50	53	61	65	46	51	44	36	60	32	41	46	70	76	75	59	78	46	35	57	34	76	34	52	62	60	47	80	44	53	71	75	70	65	52	71	61	65	65	30	70	31	33	31	67	45	43	34	75	53	42	53	31	41	68	59	30	79	73	70	53	59	76	56	45	40	75	59	79	32	37	66	73	35	42
39	78	57	43	42	46	79	66	76	47	77	42	74	0	55	77	36	70	49	31	70	39	71	53	62	43	62	63	36	68	44	56	41	47	58	77	40	67	47	48	77	45	56	37	54	39	74	73	78	36	52	40	63	79	62	33	34	66	58	48	43	56	68	37	69	53	57	68	74	33	56	51	72	78	58	57	34	60	69	80	54	70	33	60	39	55	58	75	40	36	69	37	70	37	62	33	48	72	47	59
37	46	55	32	33	50	37	32	72	68	35	37	70	55	0	80	67	31	37	32	78	73	41	51	47	71	78	43	71	65	72	41	54	54	78	70	52	35	37	67	45	78	34	72	42	62	40	65	51	59	77	30	58	63	46	42	40	57	73	37	63	57	75	51	75	36	71	38	44	70	75	50	68	69	36	52	44	76	66	43	74	43	44	65	77	31	53	68	43	53	37	37	72	51	50	64	62	60	36	70
57	54	46	32	39	71	59	79	51	41	78	54	68	77	80	0	40	53	55	75	77	52	65	31	40	69	53	72	41	59	52	66	33	33	69	57	66	43	55	33	37	72	47	77	74	35	34	52	63	36	61	49	50	71	75	50	39	78	49	66	68	36	78	35	77	32	31	62	44	65	58	34	38	40	69	49	60	39	68	71	39	78	54	46	65	71	71	61	45	73	74	44	36	44	33	56	37	36	51	56
48	45	33	61	51	34	76	79	77	78	52	70	33	36	67	40	0	55	56	57	78	72	34	64	51	57	80	73	60	54	65	32	52	67	47	73	76	45	40	79	70	75	77	71	76	68	62	46	47	79	64	80	65	33	45	75	44	34	63	40	76	73	61	75	43	77	69	70	40	41	62	64	47	59	51	58	70	68	65	73	48	41	63	53	60	60	50	38	41	73	41	31	62	32	35	33	54	75	58	71
39	66	31	74	32	36	35	69	52	59	54	68	66	70	31	53	55	0	54	49	54	66	49	74	60	70	60	42	54	63	72	45	74	44	46	30	51	61	75	80	69	31	55	53	41	79	34	79	38	68	37	75	74	49	49	80	69	31	69	30	34	41	53	52	62	67	78	44	80	80	69	34	61	35	70	31	67	42	51	79	38	35	32	77	65	66	63	45	64	80	56	50	77	65	70	44	40	33	30	52
76	54	37	79	47	64	75	62	40	51	40	55	45	49	37	55	56	54	0	31	49	60	57	63	64	65	70	31	69	53	73	38	68	78	65	65	54	72	52	45	36	72	30	35	45	52	56	34	71	74	52	46	30	63	69	54	51	30	71	51	39	71	36	47	66	34	59	58	58	48	60	44	46	73	57	67	63	74	43	61	76	56	59	60	68	68	44	47	62	48	66	70	30	74	40	34	55	32	43	76
53	67	61	31	48	34	53	46	49	70	79	77	68	31	32	75	57	49	31	0	77	33	80	35	56	68	78	77	73	75	37	71	49	46	33	73	47	78	49	70	79	30	72	41	30	58	61	55	79	60	68	57	47	31	65	47	30	48	60	31	54	31	66	71	48	47	66	35	55	58	31	60	41	53	69	52	43	35	53	36	36	52	54	56	56	74	73	45	44	79	69	35	61	71	51	32	44	69	66	55
39	42	52	73	30	30	79	60	31	73	32	63	71	70	78	77	78	54	49	77	0	64	35	31	44	51	35	63	37	56	73	37	71	30	44	31	60	34	52	74	41	41	74	55	36	74	71	31	33	34	58	41	43	53	75	38	61	55	75	58	76	56	60	75	54	79	50	56	44	41	67	46	66	42	68	39	37	63	33	61	46	67	71	48	67	52	58	39	49	46	72	68	78	31	39	57	47	31	70	59
55	41	80	63	61	60	69	76	60	67	68	70	32	39	73	52	72	66	60	33	64	0	70	40	78	59	64	51	51	69	64	57	45	41	47	80	75	66	69	39	53	61	50	61	64	41	51	53	78	59	74	47	38	80	52	41	50	57	61	79	78	62	46	37	56	64	58	51	71	32	53	59	48	59	54	51	72	53	34	74	73	64	42	61	33	63	72	78	65	35	67	79	30	76	70	55	72	59	33	69
39	52	77	48	58	54	69	60	67	33	42	78	56	71	41	65	34	49	57	80	35	70	0	40	59	45	71	49	59	36	33	66	50	55	51	35	39	59	75	70	39	71	51	79	39	35	67	43	56	58	46	69	63	63	62	72	58	46	56	67	38	31	38	40	39	36	50	65	33	48	78	43	66	69	58	55	50	41	75	67	61	79	43	35	52	77	58	58	67	50	31	71	69	55	56	55	30	45	54	72
57	68	35	45	45	59	35	56	36	52	38	68	30	53	51	31	64	74	63	35	31	40	40	0	77	71	69	75	57	55	44	56	36	69	48	48	39	44	71	43	78	59	69	64	48	71	59	53	42	34	30	38	37	80	50	43	54	43	49	57	78	52	77	55	32	36	60	34	51	79	65	39	76	33	74	74	37	69	34	66	31	61	42	31	53	37	60	53	73	55	45	58	56	43	71	52	51	74	66	30
42	79	57	49	66	46	38	65	35	64	30	33	39	62	47	40	51	60	64	56	44	78	59	77	0	77	58	46	59	74	48	42	37	58	46	59	57	30	35	47	67	76	80	44	62	39	50	48	71	77	60	59	31	44	35	58	48	63	49	69	60	55	43	52	59	63	74	45	51	71	72	66	46	71	37	61	30	80	53	45	70	62	59	72	57	33	45	57	75	40	49	77	65	48	61	72	56	52	53	65
34	58	49	65	39	62	45	51	60	73	79	38	50	43	71	69	57	70	65	68	51	59	45	71	77	0	78	73	77	80	35	54	30	77	80	44	43	39	77	54	34	64	55	78	55	42	42	35	45	58	78	43	78	55	41	62	53	49	79	46	63	40	52	66	59	79	61	70	70	32	49	64	67	75	54	46	60	48	78	43	65	69	59	75	34	66	65	52	68	51	40	72	72	60	35	38	55	39	71	35
33	70	35	79	54	57	31	78	40	43	56	41	53	62	78	53	80	60	70	78	35	64	71	69	58	78	0	39	78	64	74	39	48	48	58	70	53	69	49	44	52	78	55	65	38	74	35	42	35	44	42	64	71	60	57	59	42	62	46	42	70	71	77	73	60	77	80	34	30	50	57	37	45	33	77	57	51	63	39	32	59	80	32	53	69	64	54	40	49	45	71	63	36	37	63	50	47	58	56	42
55	74	73	32	79	80	41	67	32	66	44	75	61	63	43	72	73	42	31	77	63	51	49	75	46	73	39	0	51	35	35	79	76	70	72	41	80	43	37	62	57	30	69	53	61	54	69	39	36	59	78	77	76	39	52	48	55	30	41	54	60	79	64	60	74	60	44	54	63	64	32	71	51	40	32	70	78	40	42	74	79	45	44	68	64	41	79	55	64	77	71	67	63	71	59	44	37	68	30	30
54	46	61	66	68	68	63	37	76	39	35	35	65	36	71	41	60	54	69	73	37	51	59	57	59	77	78	51	0	36	72	45	39	48	46	46	31	55	50	63	46	43	54	60	79	47	74	75	60	61	77	45	59	72	57	39	76	59	68	45	46	34	54	59	63	47	30	72	60	48	56	36	37	78	42	80	72	44	73	70	45	39	39	32	39	46	65	77	41	59	36	57	79	75	73	37	30	45	55	44
65	45	33	75	72	37	35	58	76	58	61	66	46	68	65	59	54	63	53	75	56	69	36	55	74	80	64	35	36	0	37	49	70	55	42	49	53	74	64	42	68	42	73	73	56	75	30	66	39	66	46	63	42	78	43	34	62	71	43	40	51	64	30	65	32	30	79	41	73	79	79	50	62	38	34	74	39	53	75	57	38	75	66	38	47	54	80	80	78	75	59	80	60	68	40	53	32	77	44	69
58	31	76	77	60	32	49	39	73	69	40	62	51	44	72	52	65	72	73	37	73	64	33	44	48	35	74	35	72	37	0	74	69	77	52	30	52	57	67	80	75	47	34	31	30	50	48	71	61	56	47	46	66	51	43	40	63	79	80	45	69	64	49	55	70	33	76	35	31	73	60	36	48	76	50	62	59	76	75	80	66	35	70	53	68	45	57	56	40	37	32	50	55	76	33	38	35	65	57	34
72	45	51	74	34	69	80	72	63	57	38	64	44	56	41	66	32	45	38	71	37	57	66	56	42	54	39	79	45	49	74	0	47	74	56	44	36	37	80	35	68	30	44	37	52	53	35	32	69	57	57	55	66	61	53	70	68	30	63	40	49	74	45	36	34	33	73	42	40	33	38	46	34	76	49	40	75	33	76	38	61	40	68	65	73	69	34	71	36	34	35	47	65	44	34	69	51	53	60	45
63	64	37	60	77	65	41	56	36	45	48	59	36	41	54	33	52	74	68	49	71	45	50	36	37	30	48	76	39	70	69	47	0	63	43	51	49	71	76	78	57	33	59	30	30	75	52	42	80	55	55	77	50	39	63	64	73	41	69	39	45	70	37	40	57	64	76	32	52	31	77	50	77	59	43	41	70	66	48	59	79	80	46	61	47	42	51	76	41	65	42	57	79	31	43	63	77	73	57	31
65	35	38	66	59	48	53	67	57	78	69	33	60	47	54	33	67	44	78	46	30	41	55	69	58	77	48	70	48	55	77	74	63	0	46	69	30	49	53	49	68	57	38	49	80	69	77	57	48	46	66	64	68	71	76	73	45	48	69	64	71	46	78	70	50	79	38	77	72	58	30	52	54	69	37	31	51	32	45	38	70	36	74	68	40	64	63	61	74	60	79	68	45	31	76	52	54	77	40	55
33	46	32	68	59	44	44	69	68	37	78	79	32	58	78	69	47	46	65	33	44	47	51	48	46	80	58	72	46	42	52	56	43	46	0	69	66	74	38	53	52	30	57	51	75	77	56	45	70	73	39	53	76	68	58	49	33	32	73	58	39	45	34	50	44	35	34	62	63	41	65	71	63	59	62	73	75	36	63	49	30	59	56	50	77	76	79	61	67	69	47	67	57	40	63	79	63	76	53	37
70	69	59	57	44	79	34	55	76	72	34	49	41	77	70	57	73	30	65	73	31	80	35	48	59	44	70	41	46	49	30	44	51	69	69	0	33	43	64	76	40	43	43	52	68	37	34	77	40	42	50	58	70	74	31	79	57	71	53	56	66	37	76	31	44	47	78	66	64	80	69	31	64	62	49	75	63	70	64	59	55	34	74	31	57	53	39	37	57	34	43	59	52	54	51	30	72	63	55	54
76	53	62	73	73	71	80	54	46	74	56	41	46	40	52	66	76	51	54	47	60	75	39	39	57	43	53	80	31	53	52	36	49	30	66	33	0	33	63	39	60	56	65	41	74	50	61	52	64	48	74	74	69	71	70	78	56	49	52	49	34	43	46	72	72	51	43	62	74	75	80	34	74	31	69	40	54	76	54	55	35	51	77	31	49	47	69	71	68	47	55	53	39	39	61	77	54	40	72	55
78	76	44	73	43	71	59	43	65	46	67	72	70	67	35	43	45	61	72	78	34	66	59	44	30	39	69	43	55	74	57	37	71	49	74	43	33	0	44	64	64	79	54	52	41	57	49	40	73	44	48	70	72	55	64	41	38	37	57	79	64	54	80	78	64	62	39	70	63	53	36	62	31	70	57	75	61	70	50	53	63	77	65	39	71	64	47	33	48	52	79	59	32	47	44	79	38	70	46	54
78	72	44	79	42	47	45	37	78	31	70	39	76	47	37	55	40	75	52	49	52	69	75	71	35	77	49	37	50	64	67	80	76	53	38	64	63	44	0	45	48	59	32	71	70	70	69	75	63	55	46	70	60	69	41	51	46	53	36	31	78	44	39	58	33	31	48	78	71	59	62	75	41	48	44	60	66	66	62	52	41	74	45	63	46	38	37	40	41	53	34	63	53	76	43	68	59	79	35	41
53	48	80	69	53	47	72	47	63	45	35	54	75	48	67	33	79	80	45	70	74	39	70	43	47	54	44	62	63	42	80	35	78	49	53	76	39	64	45	0	61	54	58	58	35	53	71	69	34	46	69	72	49	70	70	50	65	75	57	72	44	51	59	50	41	43	76	42	52	62	49	48	63	56	34	45	66	63	35	75	44	47	78	43	77	68	36	68	48	75	73	52	72	73	46	60	65	63	66	36
45	40	48	80	60	79	49	42	49	73	36	38	59	77	45	37	70	69	36	79	41	53	39	78	67	34	52	57	46	68	75	68	57	68	52	40	60	64	48	61	0	63	57	62	68	75	47	55	51	45	65	54	30	56	39	45	69	66	56	51	69	51	33	39	75	69	80	30	63	75	79	58	69	55	38	46	69	33	54	49	71	71	33	75	52	64	41	38	74	54	42	60	48	80	77	73	56	37	42	34
49	46	44	74	40	69	67	48	46	45	74	71	78	45	78	72	75	31	72	30	41	61	71	59	76	64	78	30	43	42	47	30	33	57	30	43	56	79	59	54	63	0	46	30	78	58	44	62	68	50	48	32	80	35	80	30	32	46	44	75	62	75	48	42	30	66	51	47	67	60	49	73	33	55	35	70	73	49	43	64	78	48	69	59	32	45	33	70	75	41	38	58	40	60	78	64	61	58	68	47
34	56	72	60	78	67	33	74	53	47	31	32	46	56	34	47	77	55	30	72	74	50	51	69	80	55	55	69	54	73	34	44	59	38	57	43	65	54	32	58	57	46	0	30	66	40	77	75	49	33	39	63	34	43	64	61	42	70	63	51	70	56	33	55	31	33	68	54	75	45	58	68	50	31	35	69	55	41	35	36	77	45	39	32	59	42	69	45	61	72	63	80	52	78	47	48	35	49	57	80
42	57	58	76	69	65	56	48	31	32	42	63	35	37	72	77	71	53	35	41	55	61	79	64	44	78	65	53	60	73	31	37	30	49	51	52	41	52	71	58	62	30	30	0	49	74	46	36	62	71	42	31	38	61	80	59	71	78	50	58	68	57	52	40	32	56	66	63	57	39	48	58	75	61	73	67	62	40	50	80	32	50	32	42	48	55	64	68	48	30	65	80	37	34	31	74	75	45	52	58
43	63	46	40	80	74	80	73	68	63	58	40	57	54	42	74	76	41	45	30	36	64	39	48	62	55	38	61	79	56	30	52	30	80	75	68	74	41	70	35	68	78	66	49	0	48	43	73	68	59	74	30	36	77	41	68	68	62	52	77	57	49	79	44	49	40	70	55	36	72	57	57	32	79	34	54	77	79	80	52	42	31	69	40	63	48	52	80	58	67	70	47	44	64	36	38	50	56	50	75
78	37	73	56	68	36	30	71	66	30	45	77	34	39	62	35	68	79	52	58	74	41	35	71	39	42	74	54	47	75	50	53	75	69	77	37	50	57	70	53	75	58	40	74	48	0	50	80	60	40	70	39	55	71	37	54	58	67	48	48	41	80	56	61	73	68	34	53	33	46	60	40	72	47	65	64	64	54	45	37	39	73	75	35	48	76	79	78	57	71	45	33	69	76	44	55	76	52	45	45
36	78	40	51	75	62	33	78	74	40	47	34	76	74	40	34	62	34	56	61	71	51	67	59	50	42	35	69	74	30	48	35	52	77	56	34	61	49	69	71	47	44	77	46	43	50	0	59	45	54	52	41	50	68	78	36	43	65	52	63	58	34	46	39	30	39	44	44	46	31	47	55	40	40	70	80	56	37	79	62	53	80	68	68	56	66	61	51	78	31	31	37	73	58	79	79	70	54	53	57
74	74	76	63	34	39	72	33	33	65	68	50	34	73	65	52	46	79	34	55	31	53	43	53	48	35	42	39	75	66	71	32	42	57	45	77	52	40	75	69	55	62	75	36	73	80	59	0	34	71	48	57	54	71	50	59	73	79	35	35	59	79	75	56	58	53	56	46	58	68	79	56	79	60	46	32	33	68	60	79	51	76	71	39	38	59	42	35	39	50	42	76	48	44	44	80	58	69	64	79
57	47	65	39	63	36	73	52	56	79	63	70	52	78	51	63	47	38	71	79	33	78	56	42	71	45	35	36	60	39	61	69	80	48	70	40	64	73	63	34	51	68	49	62	68	60	45	34	0	57	35	68	51	49	73	51	45	67	79	30	31	50	69	56	58	73	46	63	48	61	35	30	69	66	53	62	67	55	44	79	30	31	58	31	67	58	64	65	49	76	76	55	63	51	56	37	43	63	45	34
73	67	31	64	75	80	64	67	45	73	66	31	62	36	59	36	79	68	74	60	34	59	58	34	77	58	44	59	61	66	56	57	55	46	73	42	48	44	55	46	45	50	33	71	59	40	54	71	57	0	44	66	77	79	47	78	68	63	65	30	33	68	39	30	49	78	51	62	53	33	44	76	71	77	71	42	47	79	68	74	41	58	51	31	31	75	54	63	78	49	53	75	37	68	45	48	48	58	69	80
52	36	67	61	32	64	35	61	41	64	51	78	60	52	77	61	64	37	52	68	58	74	46	30	60	78	42	78	77	46	47	57	55	66	39	50	74	48	46	69	65	48	39	42	74	70	52	48	35	44	0	65	48	45	69	58	70	42	79	67	44	47	41	44	64	33	35	47	41	47	59	75	61	53	46	56	59	42	78	54	68	75	80	67	67	46	77	55	42	40	69	44	68	72	37	74	61	75	80	59
63	34	75	49	55	55	31	48	61	44	75	61	47	40	30	49	80	75	46	57	41	47	69	38	59	43	64	77	45	63	46	55	77	64	53	58	74	70	70	72	54	32	63	31	30	39	41	57	68	66	65	0	78	45	64	53	42	41	77	55	44	66	68	76	79	50	46	45	36	67	53	38	49	53	39	73	70	76	61	52	77	48	50	41	36	75	55	39	37	60	50	46	65	33	50	67	66	39	39	40
42	32	53	80	62	79	33	34	58	60	50	72	80	63	58	50	65	74	30	47	43	38	63	37	31	78	71	76	59	42	66	66	50	68	76	70	69	72	60	49	30	80	34	38	36	55	50	54	51	77	48	78	0	41	69	59	79	55	43	51	36	31	32	36	49	62	75	52	45	57	41	78	54	33	56	68	79	63	39	58	39	38	78	79	35	39	59	77	54	35	39	33	65	49	61	72	44	69	75	43
70	45	60	55	52	60	79	49	76	49	71	49	44	79	63	71	33	49	63	31	53	80	63	80	44	55	60	39	72	78	51	61	39	71	68	74	71	55	69	70	56	35	43	61	77	71	68	71	49	79	45	45	41	0	50	80	79	58	71	49	63	78	63	78	45	58	48	37	57	80	48	39	80	65	46	38	51	58	45	44	79	79	74	34	31	70	30	33	58	61	30	80	38	71	46	38	61	68	38	53
74	53	48	56	44	35	80	33	48	80	76	77	53	62	46	75	45	49	69	65	75	52	62	50	35	41	57	52	57	43	43	53	63	76	58	31	70	64	41	70	39	80	64	80	41	37	78	50	73	47	69	64	69	50	0	69	43	40	76	33	45	57	44	38	56	51	45	56	53	35	67	64	30	56	78	48	60	49	55	59	67	64	75	52	46	72	50	66	62	78	58	35	56	44	70	58	35	79	34	56
76	43	41	53	34	71	57	58	42	78	66	38	71	33	42	50	75	80	54	47	38	41	72	43	58	62	59	48	39	34	40	70	64	73	49	79	78	41	51	50	45	30	61	59	68	54	36	59	51	78	58	53	59	80	69	0	36	35	58	71	53	50	67	74	50	42	37	72	33	46	53	63	63	57	48	52	75	74	40	39	40	77	56	72	34	75	39	58	52	65	77	31	80	62	37	76	41	80	50	79
49	79	31	79	39	51	31	48	48	67	50	35	75	34	40	39	44	69	51	30	61	50	58	54	48	53	42	55	76	62	63	68	73	45	33	57	56	38	46	65	69	32	42	71	68	58	43	73	45	68	70	42	79	79	43	36	0	71	58	36	63	49	80	70	65	53	44	49	35	50	79	64	59	59	60	70	78	38	35	46	42	39	78	72	36	58	62	77	58	32	66	31	51	57	37	61	33	38	45	52
80	38	38	59	62	37	46	74	33	30	77	76	70	66	57	78	34	31	30	48	55	57	46	43	63	49	62	30	59	71	79	30	41	48	32	71	49	37	53	75	66	46	70	78	62	67	65	79	67	63	42	41	55	58	40	35	71	0	34	31	47	76	43	48	36	68	49	36	76	40	55	78	68	39	38	52	60	39	58	76	51	70	49	66	56	48	73	42	39	74	51	64	34	68	33	40	36	40	36	64
74	80	68	34	41	42	72	49	30	80	77	68	65	58	73	49	63	69	71	60	75	61	56	49	49	79	46	41	68	43	80	63	69	69	73	53	52	57	36	57	56	44	63	50	52	48	52	35	79	65	79	77	43	71	76	58	58	34	0	53	52	34	52	73	73	35	49	73	42	49	50	76	31	53	72	46	37	52	42	33	68	80	71	45	57	59	37	73	79	58	76	42	60	73	51	43	57	59	36	47
58	63	34	34	41	68	39	71	70	58	57	50	52	48	37	66	40	30	51	31	58	79	67	57	69	46	42	54	45	40	45	40	39	64	58	56	49	79	31	72	51	75	51	58	77	48	63	35	30	30	67	55	51	49	33	71	36	31	53	0	63	31	42	66	58	72	50	76	58	62	47	31	42	55	68	61	53	73	60	64	38	42	49	45	59	46	72	70	45	48	70	36	73	46	76	48	47	76	53	30
46	64	42	58	37	74	80	61	49	76	79	70	71	43	63	68	76	34	39	54	76	78	38	78	60	63	70	60	46	51	69	49	45	71	39	66	34	64	78	44	69	62	70	68	57	41	58	59	31	33	44	44	36	63	45	53	63	47	52	63	0	75	54	68	41	34	60	48	51	30	79	68	48	59	67	66	71	40	65	68	77	31	72	37	78	71	58	59	80	44	38	39	68	39	43	69	47	41	67	31
33	71	72	80	33	30	31	70	71	70	41	63	61	56	57	36	73	41	71	31	56	62	31	52	55	40	71	79	34	64	64	74	70	46	45	37	43	54	44	51	51	75	56	57	49	80	34	79	50	68	47	66	31	78	57	50	49	76	34	31	75	0	45	80	70	54	63	47	39	38	66	30	30	42	64	75	67	32	53	48	65	53	58	46	67	67	38	73	31	61	33	68	72	68	73	68	49	64	68	59
30	36	79	31	74	47	72	33	73	51	46	58	65	68	75	78	61	53	36	66	60	46	38	77	43	52	77	64	54	30	49	45	37	78	34	76	46	80	39	59	33	48	33	52	79	56	46	75	69	39	41	68	32	63	44	67	80	43	52	42	54	45	0	37	53	32	42	72	36	49	80	40	53	56	53	37	77	77	34	48	51	36	37	79	65	49	57	38	72	33	36	61	77	59	78	41	55	66	69	47
68	80	39	40	51	58	49	54	76	63	63	77	65	37	51	35	75	52	47	71	75	37	40	55	52	66	73	60	59	65	55	36	40	70	50	31	72	78	58	50	39	42	55	40	44	61	39	56	56	30	44	76	36	78	38	74	70	48	73	66	68	80	37	0	51	36	47	48	38	66	60	53	77	30	50	34	34	78	30	55	49	68	32	39	65	52	37	80	40	56	36	50	38	47	63	67	57	70	47	72
63	55	68	38	68	49	53	79	40	72	57	44	30	69	75	77	43	62	66	48	54	56	39	32	59	59	60	74	63	32	70	34	57	50	44	44	72	64	33	41	75	30	31	32	49	73	30	58	58	49	64	79	49	45	56	50	65	36	73	58	41	70	53	51	0	55	80	55	69	34	41	35	64	63	37	43	34	54	68	30	40	64	30	50	43	38	52	61	72	55	30	62	56	62	53	38	60	36	43	35
60	74	62	71	34	49	60	52	65	79	62	61	70	53	36	32	77	67	34	47	79	64	36	36	63	79	77	60	47	30	33	33	64	79	35	47	51	62	31	43	69	66	33	56	40	68	39	53	73	78	33	50	62	58	51	42	53	68	35	72	34	54	32	36	55	0	37	35	32	78	45	34	33	70	50	37	38	54	62	59	61	57	54	76	47	37	60	76	61	79	51	30	50	49	33	43	55	42	36	61
64	36	38	68	57	77	53	42	38	33	36	75	31	57	71	31	69	78	59	66	50	58	50	60	74	61	80	44	30	79	76	73	76	38	34	78	43	39	48	76	80	51	68	66	70	34	44	56	46	51	35	46	75	48	45	37	44	49	49	50	60	63	42	47	80	37	0	66	40	65	60	42	55	62	48	38	32	38	56	71	52	59	70	61	30	31	56	68	68	42	37	60	33	79	41	41	65	74	38	76
41	41	78	59	78	50	61	42	63	40	30	37	33	68	38	62	70	44	58	35	56	51	65	34	45	70	34	54	72	41	35	42	32	77	62	66	62	70	78	42	30	47	54	63	55	53	44	46	63	62	47	45	52	37	56	72	49	36	73	76	48	47	72	48	55	35	66	0	36	79	54	39	71	54	76	35	77	57	71	74	67	49	45	36	34	64	68	61	57	66	64	38	71	55	70	31	49	80	50	68
65	32	78	51	57	51	75	31	41	71	66	51	31	74	44	44	40	80	58	55	44	71	33	51	51	70	30	63	60	73	31	40	52	72	63	64	74	63	71	52	63	67	75	57	36	33	46	58	48	53	41	36	45	57	53	33	35	76	42	58	51	39	36	38	69	32	40	36	0	60	48	64	71	80	63	40	32	72	31	57	79	54	79	33	77	65	39	31	41	65	31	57	52	46	53	39	72	59	45	74
42	59	73	38	57	62	54	68	39	43	37	50	67	33	70	65	41	80	48	58	41	32	48	79	71	32	50	64	48	79	73	33	31	58	41	80	75	53	59	62	75	60	45	39	72	46	31	68	61	33	47	67	57	80	35	46	50	40	49	62	30	38	49	66	34	78	65	79	60	0	69	30	32	74	38	38	56	64	66	52	74	52	75	74	41	59	42	63	57	50	68	49	39	39	50	45	30	30	44	79
46	36	49	46	75	59	59	59	49	71	37	61	45	56	75	58	62	69	60	31	67	53	78	65	72	49	57	32	56	79	60	38	77	30	65	69	80	36	62	49	79	49	58	48	57	60	47	79	35	44	59	53	41	48	67	53	79	55	50	47	79	66	80	60	41	45	60	54	48	69	0	58	49	66	73	61	43	59	47	71	59	56	40	56	79	49	73	38	60	71	67	31	33	64	70	30	42	54	74	45
60	67	66	37	68	34	60	56	61	54	74	50	43	51	50	34	64	34	44	60	46	59	43	39	66	64	37	71	36	50	36	46	50	52	71	31	34	62	75	48	58	73	68	58	57	40	55	56	30	76	75	38	78	39	64	63	64	78	76	31	68	30	40	53	35	34	42	39	64	30	58	0	77	42	74	77	64	78	53	47	53	35	60	48	59	75	46	72	79	66	48	36	75	47	72	50	39	35	73	44
44	76	48	44	62	30	60	50	54	65	69	64	34	72	68	38	47	61	46	41	66	48	66	76	46	67	45	51	37	62	48	34	77	54	63	64	74	31	41	63	69	33	50	75	32	72	40	79	69	71	61	49	54	80	30	63	59	68	31	42	48	30	53	77	64	33	55	71	71	32	49	77	0	42	40	63	80	68	36	68	77	35	56	57	49	47	71	46	79	70	44	64	72	67	62	47	40	40	55	74
48	61	36	61	60	32	49	56	50	38	46	44	75	78	69	40	59	35	73	53	42	59	69	33	71	75	33	40	78	38	76	76	59	69	59	62	31	70	48	56	55	55	31	61	79	47	40	60	66	77	53	53	33	65	56	57	59	39	53	55	59	42	56	30	63	70	62	54	80	74	66	42	42	0	44	47	49	67	50	42	53	47	41	54	37	36	77	46	38	47	61	77	73	61	48	35	33	61	70	43
78	36	34	63	56	80	55	63	33	70	33	66	53	58	36	69	51	70	57	69	68	54	58	74	37	54	77	32	42	34	50	49	43	37	62	49	69	57	44	34	38	35	35	73	34	65	70	46	53	71	46	39	56	46	78	48	60	38	72	68	67	64	53	50	37	50	48	76	63	38	73	74	40	44	0	77	49	40	68	67	58	36	37	35	43	43	62	54	57	53	52	32	51	68	62	62	62	65	44	55
70	32	33	46	70	45	38	69	55	34	63	56	42	57	52	49	58	31	67	52	39	51	55	74	61	46	57	70	80	74	62	40	41	31	73	75	40	75	60	45	46	70	69	67	54	64	80	32	62	42	56	73	68	38	48	52	70	52	46	61	66	75	37	34	43	37	38	35	40	38	61	77	63	47	77	0	77	63	41	52	64	58	73	68	46	36	58	67	79	53	62	75	58	79	64	51	61	47	68	36
65	56	66	63	43	40	77	33	66	64	67	75	53	34	44	60	70	67	63	43	37	72	50	37	30	60	51	78	72	39	59	75	70	51	75	63	54	61	66	66	69	73	55	62	77	64	56	33	67	47	59	70	79	51	60	75	78	60	37	53	71	67	77	34	34	38	32	77	32	56	43	64	80	49	49	77	0	76	40	42	65	58	32	65	46	39	43	75	56	30	53	39	45	74	43	74	79	58	32	44
68	78	56	64	33	70	67	50	35	57	76	43	31	60	76	39	68	42	74	35	63	53	41	69	80	48	63	40	44	53	76	33	66	32	36	70	76	70	66	63	33	49	41	40	79	54	37	68	55	79	42	76	63	58	49	74	38	39	52	73	40	32	77	78	54	54	38	57	72	64	59	78	68	67	40	63	76	0	39	30	45	55	38	52	70	72	65	36	78	32	77	47	57	76	44	79	70	51	56	54
66	69	42	73	36	62	36	41	30	61	62	30	41	69	66	68	65	51	43	53	33	34	75	34	53	78	39	42	73	75	75	76	48	45	63	64	54	50	62	35	54	43	35	50	80	45	79	60	44	68	78	61	39	45	55	40	35	58	42	60	65	53	34	30	68	62	56	71	31	66	47	53	36	50	68	41	40	39	0	63	47	80	72	67	37	54	58	61	48	56	74	79	62	58	30	55	30	68	48	31
72	77	38	30	72	68	71	43	50	74	33	35	68	80	43	71	73	79	61	36	61	74	67	66	45	43	32	74	70	57	80	38	59	38	49	59	55	53	52	75	49	64	36	80	52	37	62	79	79	74	54	52	58	44	59	39	46	76	33	64	68	48	48	55	30	59	71	74	57	52	71	47	68	42	67	52	42	30	63	0	45	31	48	64	63	63	74	65	61	70	34	66	75	33	50	76	56	71	31	38
68	44	52	53	65	49	40	53	32	35	37	79	59	54	74	39	48	38	76	36	46	73	61	31	70	65	59	79	45	38	66	61	79	70	30	55	35	63	41	44	71	78	77	32	42	39	53	51	30	41	68	77	39	79	67	40	42	51	68	38	77	65	51	49	40	61	52	67	79	74	59	53	77	53	58	64	65	45	47	45	0	43	74	32	65	61	69	37	54	70	74	73	74	76	42	56	76	79	48	40
75	53	66	44	62	37	32	70	34	44	48	39	30	70	43	78	41	35	56	52	67	64	79	61	62	69	80	45	39	75	35	40	80	36	59	34	51	77	74	47	71	48	45	50	31	73	80	76	31	58	75	48	38	79	64	77	39	70	80	42	31	53	36	68	64	57	59	49	54	52	56	35	35	47	36	58	58	55	80	31	43	0	63	67	41	38	44	56	64	58	45	51	60	57	65	57	37	71	70	45
77	41	50	36	40	39	56	77	62	65	55	46	79	33	44	54	63	32	59	54	71	42	43	42	59	59	32	44	39	66	70	68	46	74	56	74	77	65	45	78	33	69	39	32	69	75	68	71	58	51	80	50	78	74	75	56	78	49	71	49	72	58	37	32	30	54	70	45	79	75	40	60	56	41	37	73	32	38	72	48	74	63	0	48	58	62	31	42	56	62	55	77	63	40	44	64	55	47	44	44
40	50	65	48	45	34	30	57	62	71	33	50	73	60	65	46	53	77	60	56	48	61	35	31	72	75	53	68	32	38	53	65	61	68	50	31	31	39	63	43	75	59	32	42	40	35	68	39	31	31	67	41	79	34	52	72	72	66	45	45	37	46	79	39	50	76	61	36	33	74	56	48	57	54	35	68	65	52	67	64	32	67	48	0	34	33	62	59	33	61	53	52	35	69	43	49	77	39	66	64
54	61	65	73	37	59	67	75	31	53	75	67	70	39	77	65	60	65	68	56	67	33	52	53	57	34	69	64	39	47	68	73	47	40	77	57	49	71	46	77	52	32	59	48	63	48	56	38	67	31	67	36	35	31	46	34	36	56	57	59	78	67	65	65	43	47	30	34	77	41	79	59	49	37	43	46	46	70	37	63	65	41	58	34	0	31	54	52	70	33	63	53	51	52	35	39	66	78	47	33
38	74	30	52	45	39	35	43	58	64	72	77	53	55	31	71	60	66	68	74	52	63	77	37	33	66	64	41	46	54	45	69	42	64	76	53	47	64	38	68	64	45	42	55	48	76	66	59	58	75	46	75	39	70	72	75	58	48	59	46	71	67	49	52	38	37	31	64	65	59	49	75	47	36	43	36	39	72	54	63	61	38	62	33	31	0	39	30	30	47	54	76	31	55	40	68	53	38	57	30
62	79	61	63	47	61	56	73	32	62	70	46	59	58	53	71	50	63	44	73	58	72	58	60	45	65	54	79	65	80	57	34	51	63	79	39	69	47	37	36	41	33	69	64	52	79	61	42	64	54	77	55	59	30	50	39	62	73	37	72	58	38	57	37	52	60	56	68	39	42	73	46	71	77	62	58	43	65	58	74	69	44	31	62	54	39	0	69	30	62	78	45	74	38	48	60	44	65	47	34
35	47	35	56	68	69	47	57	78	41	35	45	76	75	68	61	38	45	47	45	39	78	58	53	57	52	40	55	77	80	56	71	76	61	61	37	71	33	40	68	38	70	45	68	80	78	51	35	65	63	55	39	77	33	66	58	77	42	73	70	59	73	38	80	61	76	68	61	31	63	38	72	46	46	54	67	75	36	61	65	37	56	42	59	52	30	69	0	44	30	70	43	47	38	77	32	42	35	49	64
55	62	60	72	52	51	50	78	62	70	57	36	56	40	43	45	41	64	62	44	49	65	67	73	75	68	49	64	41	78	40	36	41	74	67	57	68	48	41	48	74	75	61	48	58	57	78	39	49	78	42	37	54	58	62	52	58	39	79	45	80	31	72	40	72	61	68	57	41	57	60	79	79	38	57	79	56	78	48	61	54	64	56	33	70	30	30	44	0	35	49	80	35	77	58	77	65	78	78	70
48	61	69	73	64	78	31	68	71	33	53	54	45	36	53	73	73	80	48	79	46	35	50	55	40	51	45	77	59	75	37	34	65	60	69	34	47	52	53	75	54	41	72	30	67	71	31	50	76	49	40	60	35	61	78	65	32	74	58	48	44	61	33	56	55	79	42	66	65	50	71	66	70	47	53	53	30	32	56	70	70	58	62	61	33	47	62	30	35	0	46	67	64	34	64	57	44	31	36	53
53	72	34	52	40	47	55	48	78	49	38	54	40	69	37	74	41	56	66	69	72	67	31	45	49	40	71	71	36	59	32	35	42	79	47	43	55	79	34	73	42	38	63	65	70	45	31	42	76	53	69	50	39	30	58	77	66	51	76	70	38	33	36	36	30	51	37	64	31	68	67	48	44	61	52	62	53	77	74	34	74	45	55	53	63	54	78	70	49	46	0	69	58	34	40	47	57	71	68	56
79	64	46	79	50	79	32	53	54	53	77	56	75	37	37	44	31	50	70	35	68	79	71	58	77	72	63	67	57	80	50	47	57	68	67	59	53	59	63	52	60	58	80	80	47	33	37	76	55	75	44	46	33	80	35	31	31	64	42	36	39	68	61	50	62	30	60	38	57	49	31	36	64	77	32	75	39	47	79	66	73	51	77	52	53	76	45	43	80	67	69	0	43	50	63	39	42	69	80	62
52	73	49	79	44	32	61	61	80	51	57	56	59	70	72	36	62	77	30	61	78	30	69	56	65	72	36	63	79	60	55	65	79	45	57	52	39	32	53	72	48	40	52	37	44	69	73	48	63	37	68	65	65	38	56	80	51	34	60	73	68	72	77	38	56	50	33	71	52	39	33	75	72	73	51	58	45	57	62	75	74	60	63	35	51	31	74	47	35	64	58	43	0	54	59	53	40	71	47	63
70	51	42	37	74	46	47	63	78	60	37	31	79	37	51	44	32	65	74	71	31	76	55	43	48	60	37	71	75	68	76	44	31	31	40	54	39	47	76	73	80	60	78	34	64	76	58	44	51	68	72	33	49	71	44	62	57	68	73	46	39	68	59	47	62	49	79	55	46	39	64	47	67	61	68	79	74	76	58	33	76	57	40	69	52	55	38	38	77	34	34	50	54	0	35	65	31	59	63	73
52	55	65	79	36	71	58	73	59	36	62	47	32	62	50	33	35	70	40	51	39	70	56	71	61	35	63	59	73	40	33	34	43	76	63	51	61	44	43	46	77	78	47	31	36	44	79	44	56	45	37	50	61	46	70	37	37	33	51	76	43	73	78	63	53	33	41	70	53	50	70	72	62	48	62	64	43	44	30	50	42	65	44	43	35	40	48	77	58	64	40	63	59	35	0	72	54	47	59	42
59	75	54	75	58	43	70	38	46	57	33	80	37	33	64	56	33	44	34	32	57	55	55	52	72	38	50	44	37	53	38	69	63	52	79	30	77	79	68	60	73	64	48	74	38	55	79	80	37	48	74	67	72	38	58	76	61	40	43	48	69	68	41	67	38	43	41	31	39	45	30	50	47	35	62	51	74	79	55	76	56	57	64	49	39	68	60	32	77	57	47	39	53	65	72	0	69	39	66	72
66	46	57	43	69	46	42	74	76	52	52	64	66	48	62	37	54	40	55	44	47	72	30	51	56	55	47	37	30	32	35	51	77	54	63	72	54	38	59	65	56	61	35	75	50	76	70	58	43	48	61	66	44	61	35	41	33	36	57	47	47	49	55	57	60	55	65	49	72	30	42	39	40	33	62	61	79	70	30	56	76	37	55	77	66	53	44	42	65	44	57	42	40	31	54	69	0	80	64	80
57	39	35	54	66	62	79	71	63	63	48	52	73	72	60	36	75	33	32	69	31	59	45	74	52	39	58	68	45	77	65	53	73	77	76	63	40	70	79	63	37	58	49	45	56	52	54	69	63	58	75	39	69	68	79	80	38	40	59	76	41	64	66	70	36	42	74	80	59	30	54	35	40	61	65	47	58	51	68	71	79	71	47	39	78	38	65	35	78	31	71	69	71	59	47	39	80	0	62	77
57	80	76	58	30	56	48	51	55	49	62	38	35	47	36	51	58	30	43	66	70	33	54	66	53	71	56	30	55	44	57	60	57	40	53	55	72	46	35	66	42	68	57	52	50	45	53	64	45	69	80	39	75	38	34	50	45	36	36	53	67	68	69	47	43	36	38	50	45	44	74	73	55	70	44	68	32	56	48	31	48	70	44	66	47	57	47	49	78	36	68	80	47	63	59	66	64	62	0	41
34	65	35	38	34	78	55	78	59	79	44	37	42	59	70	56	71	52	76	55	59	69	72	30	65	35	42	30	44	69	34	45	31	55	37	54	55	54	41	36	34	47	80	58	75	45	57	79	34	80	59	40	43	53	56	79	52	64	47	30	31	59	47	72	35	61	76	68	74	79	45	44	74	43	55	36	44	54	31	38	40	45	44	64	33	30	34	64	70	53	56	62	63	73	42	72	80	77	41	0

Initial health value of each distributed equipment: 
(Where columns denote demand points: 1 to 100.)
877.50	484.72	273.13	520.38	244.36	354.00	296.94	465.36	501.84	291.40	758.08	349.60	388.96	273.46	273.46	522.72	733.25	468.00	772.28	213.84	387.44	509.96	624.66	436.80	432.40	283.65	459.00	554.70	367.20	206.15	742.95	255.06	540.26	464.28	491.13	255.73	767.12	500.78	586.92	472.50	216.58	516.89	218.16	177.31	652.07	391.17	470.40	377.40	523.92	708.90	288.65	510.76	309.56	256.28	568.00	341.46	267.00	568.40	428.40	613.80	314.28	442.52	166.88	678.18	640.59	264.00	262.24	444.80	407.48	291.72	627.12	736.98	562.87	383.56	824.46	780.70	612.99	801.54	290.55	393.60	327.57	296.24	455.77	361.20	277.14	363.86	563.07	190.00	303.81	730.95	810.69	594.52	434.34	331.08	419.87	614.10	681.36	172.84	397.38	272.67

Spare parts types of different demand points: 
(where columns denote demand points: 1 to 100.)
3	2	4	3	5	2	5	3	4	5	4	2	1	2	2	3	4	5	5	1	4	1	3	2	2	1	5	2	5	2	1	5	1	3	5	3	5	4	4	4	2	5	3	4	2	1	3	1	5	4	4	5	2	4	4	4	1	3	2	2	3	5	5	1	5	1	2	2	3	5	5	4	5	1	3	2	5	3	3	5	5	3	1	5	3	3	3	5	4	1	4	4	5	2	4	5	2	4	5	3

inventory management cost per unit time of different types of orders: 
(where columns denote types of orders: 1 to 5.)
1.5	2.4	1.7	1.1	2.7

Maintenance cost per unit time of different worker: 
(Where rows denote strategy: 1 to 3,and columns denote available worker of each strategy: 1 to 4.)
3.4	4.5	3.4
4.6	4	4.8
4.2	3.8	3.2
3.2	4.7	3.7

The weight of tardiness cost of different demand points: 
(where columns denote demand points: 1 to 100.)
4.8	3.1	3.6	3.9	5.1	4.4	4.3	3.5	4.3	5	5.1	3.4	5.5	3.6	3.8	5.5	4.7	3.6	4.9	3.3	3.7	4.8	5.9	3.4	4.7	5.8	4.9	3.7	4.7	3.6	5.9	5.8	3.5	5.9	3	3.9	5	5.2	3.3	4.3	4.4	5.3	4.7	5.1	3.6	4.2	4.5	4.9	4.7	5.7	5.1	4.7	4.3	4.1	5.6	4.6	6	5.6	5.9	4.6	5.9	4.9	3.7	3.5	5.5	3.2	3.1	3.9	5.9	4.9	5.4	3.4	3.6	4.9	3.6	5.6	4.8	5.6	4.4	5.5	5.4	4.2	3.4	5.9	5.1	5.4	3.2	5.5	4.1	3.1	3.8	3.5	5.2	3.6	3.5	4.7	5.5	3.9	5.2	3.1

The waste of old spare part per unit time of each distributed equipment: 
(where columns denote demand points: 1 to 100.)
7.3	5.3	7.6	5.8	5.3	5.7	5.5	7.9	5.3	5.6	5.2	7.5	7.4	6.6	5.3	7.1	5.3	7	7.1	7.2	5.1	6.8	5.8	5.7	5.7	5.4	7.5	7.4	6.6	5.6	7.2	5.5	6.9	7.6	6.9	6.2	7.6	7.4	7	5.3	7.7	7.8	5	5.6	5.4	5.7	7.4	6.9	6.5	5.8	6.2	6.3	7	6.8	5.6	7.8	6.3	7	7.2	7.7	5.6	5.8	6.4	7.1	5.7	6.1	6.7	5.7	5.3	7.4	6.2	6.4	7.2	6.4	6.9	6.9	6.4	7.5	7.6	5.3	7.7	7.7	7.9	5.2	6.6	6.1	6	5.4	7.2	7.3	5.7	7.1	5.3	7.6	5.4	7.9	7	5.1	7.2	6.4

shutdown cost per unit time of each distributed equipment: 
(where columns denote demand points: 1 to 100.)
24.1	22.8	22.1	24.8	22	21.6	24.1	24.2	20.9	22.7	23.1	21.5	22.1	24.5	20.9	20.2	23.6	24.1	20.4	21.2	20.5	22.3	20.7	20.4	23	23.8	24.4	23.1	24.1	23.2	24.7	20.3	20.2	22.4	22.1	22.6	23.4	23.2	22	20.5	20.3	24.2	21.5	24.6	23.8	22.8	21.6	20.8	21.1	22.3	21.8	23.3	20.7	23.6	24.8	21.9	24.5	23.1	22	23.7	20.2	21.2	23.5	23.4	24.6	24.9	23.5	24.7	24.7	22.6	25	20.6	20.5	20.5	21.9	23.4	21.7	20.1	23	24.8	20.6	24.4	20.5	23.5	24.4	23.4	20.3	23.9	20.2	20.6	20.6	21.4	20	20.2	23.5	23.2	20.1	20.6	23.7	23.1

Deterioration rate of each piece of equipment:
(Where columns denote distributed equipment: 1 to 100.)
1.95	1.46	1.43	1.26	1.64	1.77	1.01	1.68	1.23	1.24	1.84	1.84	1.76	1.21	1.13	1.76	1.75	1.04	1.72	1.08	1.16	1.22	1.74	1.3	1.88	1.55	1.8	1.29	1.35	1.33	1.95	1.09	1.19	1.59	1.53	1.07	1.72	1.46	1.46	1.05	1.19	1.27	1.08	1.19	1.97	1.77	1.96	1.7	1.48	1.7	1.15	1.13	1.09	1.72	2	1.26	1.78	1.96	1.19	1.86	1.94	1.48	1.12	1.78	1.63	1.76	1.76	1.39	1.22	1.32	1.56	1.73	1.87	1.72	1.82	1.85	1.47	1.83	1.95	1.23	1.79	1.84	1.19	1.29	1.86	1.61	1.37	1.25	1.23	1.65	1.83	1.78	1.27	1.86	1.21	1.78	1.67	1.16	1.79	1.83

The processing time of different types of spare parts: 
(Where rows denote machines: 1 to 8,and columns denote types: 1 to 5.)
22	10	16	22	23
15	10	11	12	18
14	15	10	13	21
27	20	10	14	28
26	18	24	14	16
14	11	17	11	13
27	24	17	20	13
26	11	14	11	12

The maintenance time of different workers: 
(Where rows denote strategy: 1 to 3,and columns denote available worker of each strategy: 1 to 4.)
47	31	42
41	42	31
46	45	45
47	30	36

Repair degree of different strategies: 
(Where rows denote strategy: 1 to 34.)
0.65	0.64	0.56

Quantity of spare parts of each type reserved in each warehouse: 
(where rows denote warehouses£º1 to 6,and columns denote types£º1 to 5.)
1	2	5
1	2	3
1	2	3	4
2	2	3	2
1	2	3	4	5
2	2	1	3	2

Initial due date of each order: 
(Where columns denote order: 1 to 100.)
450	332	191	413	149	200	294	277	408	235	412	190	221	226	242	297	419	450	449	198	334	418	359	336	230	183	255	430	272	155	381	234	454	292	321	239	446	343	402	450	182	407	202	149	331	221	240	222	354	417	251	452	284	149	284	271	150	290	360	330	162	299	149	381	393	150	149	320	334	221	402	426	301	223	453	422	417	438	149	320	183	161	383	280	149	226	411	152	247	443	443	334	342	178	347	345	408	149	222	149

Maintenance starting time window of each piece of equipment: 
(Where rows denote Lower and Upper bounds of Maintenance starting time window: 1 to 2,and columns denote distributed equipment: 1 to 100.)
315	232.4	133.7	289.1	104.3	140	205.8	193.9	285.6	164.5	288.4	133	154.7	158.2	169.4	207.9	293.3	315	314.3	138.6	233.8	292.6	251.3	235.2	161	128.1	178.5	301	190.4	108.5	266.7	163.8	317.8	204.4	224.7	167.3	312.2	240.1	281.4	315	127.4	284.9	141.4	104.3	231.7	154.7	168	155.4	247.8	291.9	175.7	316.4	198.8	104.3	198.8	189.7	105	203	252	231	113.4	209.3	104.3	266.7	275.1	105	104.3	224	233.8	154.7	281.4	298.2	210.7	156.1	317.1	295.4	291.9	306.6	104.3	224	128.1	112.7	268.1	196	104.3	158.2	287.7	106.4	172.9	310.1	310.1	233.8	239.4	124.6	242.9	241.5	285.6	104.3	155.4	104.3
405	298.8	171.9	371.7	134.1	180	264.6	249.3	367.2	211.5	370.8	171	198.9	203.4	217.8	267.3	377.1	405	404.1	178.2	300.6	376.2	323.1	302.4	207	164.7	229.5	387	244.8	139.5	342.9	210.6	408.6	262.8	288.9	215.1	401.4	308.7	361.8	405	163.8	366.3	181.8	134.1	297.9	198.9	216	199.8	318.6	375.3	225.9	406.8	255.6	134.1	255.6	243.9	135	261	324	297	145.8	269.1	134.1	342.9	353.7	135	134.1	288	300.6	198.9	361.8	383.4	270.9	200.7	407.7	379.8	375.3	394.2	134.1	288	164.7	144.9	344.7	252	134.1	203.4	369.9	136.8	222.3	398.7	398.7	300.6	307.8	160.2	312.3	310.5	367.2	134.1	199.8	134.1

