Number of orders: 
100

Number of factories\warehouses: 
5

Number of machines per factory: 
5

Number of types of spare parts: 
5

Number of maintenance strategies: 
4

Number of available workers per strategy: 
3

Transportation cost per unit time: 
3

Transprotation time between factories/warehouses and demand points: 
(Where rows denote factories: 1 to 5 ,and columns denote demand points: 1 to 100.)
62	96	39	36	77	89	143	93	124	119	88	68	147	62	41	105	59	31	95	42	136	122	82	133	139	103	40	75	56	88	133	77	130	82	142	139	72	75	75	53	69	46	59	122	131	89	134	125	49	94	71	133	119	147	54	45	102	88	142	114	45	103	78	116	74	79	38	86	142	53	50	107	75	33	139	84	107	94	41	86	120	145	35	69	132	116	108	54	120	34	63	136	118	115	62	36	97	65	110	125
82	101	38	91	44	33	112	57	45	107	67	54	75	133	130	145	101	131	132	49	55	50	34	46	39	72	133	146	42	122	32	57	54	47	99	130	99	83	88	89	49	140	35	136	95	143	75	60	90	139	107	72	50	54	123	39	98	130	45	116	106	95	140	67	31	136	34	99	61	83	101	53	146	110	122	111	127	55	63	69	119	39	121	40	148	57	124	95	128	103	43	106	113	90	79	135	141	118	44	111
37	145	30	115	65	98	125	105	123	51	41	105	140	111	132	43	32	51	123	93	61	46	106	49	110	98	130	138	104	97	105	141	142	61	116	53	45	42	103	38	70	89	110	111	41	124	87	94	73	118	121	102	59	134	55	100	128	71	49	130	149	81	85	135	87	99	83	127	136	44	128	120	102	115	146	60	89	65	45	87	75	79	57	47	63	118	128	144	108	50	119	125	68	133	76	72	137	113	47	65
46	60	86	95	141	127	116	123	46	33	81	124	45	67	144	36	43	42	120	72	137	75	106	78	40	70	38	147	60	124	115	135	89	56	104	122	39	81	121	66	92	144	110	121	51	38	128	119	38	75	113	68	131	74	136	132	149	63	83	137	137	94	42	41	138	96	130	132	52	54	96	55	73	120	108	83	61	58	79	38	44	53	69	89	117	148	139	78	100	80	69	69	65	55	69	101	86	85	68	31
49	60	63	42	120	94	45	35	74	130	126	52	109	82	109	68	31	87	106	32	122	50	124	43	129	76	52	76	147	142	146	149	82	129	102	67	133	106	86	149	109	85	136	146	52	41	72	74	121	67	38	125	62	65	84	59	111	78	101	78	146	118	131	88	99	103	32	31	70	46	128	144	121	68	112	96	85	74	112	137	39	79	88	141	90	114	82	66	101	53	144	93	93	50	31	101	145	96	112	79

Tranfer time of each worker between two different demand points: 
(Where rows and columns both denote demands points: 1 to 100.)
0	77	63	30	58	51	45	36	67	63	63	60	41	78	62	57	72	72	76	67	47	36	54	57	78	43	49	61	30	38	58	32	48	62	47	67	49	37	39	61	53	49	31	54	59	38	33	45	47	78	69	40	30	80	45	32	49	35	65	41	34	50	73	62	63	43	58	34	52	33	40	48	48	58	74	46	71	78	39	66	68	57	79	52	77	39	78	49	52	71	40	69	76	53	55	32	72	59	44	61
77	0	32	76	57	61	47	56	33	53	35	65	61	38	46	68	69	67	75	71	39	48	68	36	43	34	46	40	70	79	72	65	52	79	71	63	44	42	69	49	37	69	58	67	69	58	61	37	42	50	55	64	57	31	74	73	52	73	76	52	42	48	30	76	61	39	47	55	78	72	67	69	71	34	62	76	69	57	73	40	65	48	74	34	36	53	78	58	61	41	68	76	60	44	66	69	44	45	31	41
63	32	0	74	55	74	80	48	80	46	68	33	33	49	36	51	36	75	64	60	73	35	53	39	51	68	73	50	35	66	38	72	63	30	71	64	79	45	31	38	61	76	72	80	62	52	33	33	30	60	73	44	35	49	73	70	67	69	42	59	43	69	47	68	38	51	31	30	52	62	45	72	74	52	48	63	43	53	36	49	65	64	69	79	39	47	77	56	44	67	74	54	45	70	55	68	63	38	68	32
30	76	74	0	31	78	80	56	52	48	39	79	35	34	49	76	45	42	65	34	49	69	80	65	61	53	67	53	49	63	55	67	59	68	60	70	80	74	76	80	35	66	78	69	77	67	36	67	75	56	48	69	59	47	32	34	77	69	70	61	54	36	70	46	50	46	75	63	61	55	55	60	69	54	76	70	76	55	71	44	33	46	45	56	76	74	39	36	31	45	57	74	68	75	63	80	53	37	50	51
58	57	55	31	0	78	61	57	31	35	54	37	68	73	58	76	32	65	32	80	76	56	44	30	53	49	38	62	53	63	80	47	67	57	63	69	37	65	55	30	52	49	78	53	37	79	51	65	36	52	35	60	71	55	33	33	52	76	41	33	73	42	37	53	67	79	70	42	67	62	39	42	39	51	77	78	72	46	44	48	79	64	34	41	71	34	44	39	67	36	56	72	68	49	55	55	54	46	73	60
51	61	74	78	78	0	72	63	35	55	74	51	52	70	54	43	70	39	49	32	43	68	47	44	79	39	43	51	57	32	38	43	80	68	61	60	72	34	54	79	54	52	79	69	45	35	53	77	55	35	55	70	43	34	35	54	44	54	37	37	78	48	74	41	73	68	68	70	58	69	38	46	37	75	52	72	49	55	65	43	48	76	43	50	38	72	57	42	79	42	33	48	42	76	45	60	75	59	36	50
45	47	80	80	61	72	0	35	76	42	75	38	49	57	35	44	58	35	63	31	75	50	67	61	47	56	58	79	54	72	42	43	49	50	73	50	58	31	57	40	39	64	37	61	65	34	79	47	52	40	35	77	34	68	62	58	79	32	34	47	79	65	68	38	80	57	80	33	69	40	37	68	43	48	67	53	42	61	76	57	53	49	44	46	55	55	37	32	65	58	55	77	79	53	56	63	69	63	31	53
36	56	48	56	57	63	35	0	56	56	38	33	35	44	32	36	79	54	30	43	31	35	79	49	73	46	39	67	67	46	46	64	35	31	42	36	54	38	37	57	49	45	78	38	37	48	41	80	74	43	34	72	30	47	65	32	49	45	76	62	53	40	47	60	48	72	31	50	74	59	76	79	66	31	64	60	79	71	71	78	61	44	66	75	53	39	50	70	47	77	59	43	63	55	67	78	51	50	69	56
67	33	80	52	31	35	76	56	0	77	54	55	57	54	55	65	79	51	34	59	73	64	67	51	45	61	39	66	78	33	63	49	38	60	47	62	79	60	80	32	42	65	42	41	73	66	63	59	75	37	75	53	62	71	30	52	59	75	78	61	68	76	74	39	60	39	69	75	61	50	76	76	44	66	52	79	31	37	78	44	79	43	52	73	62	38	67	65	72	74	49	80	30	59	52	63	79	30	53	44
63	53	46	48	35	55	42	56	77	0	31	31	35	43	72	45	51	34	68	39	42	43	71	38	58	58	45	80	35	73	57	33	74	43	41	53	76	37	44	62	67	50	44	68	31	70	76	61	69	40	57	43	35	69	34	49	59	65	31	67	73	48	78	74	45	47	62	59	55	35	66	61	34	40	50	79	55	30	76	73	71	62	71	54	68	72	69	31	58	49	40	73	79	46	76	30	73	30	39	72
63	35	68	39	54	74	75	38	54	31	0	61	45	78	76	68	69	47	51	49	34	46	49	51	77	40	59	44	47	70	64	46	47	67	34	46	46	57	30	74	30	32	59	61	36	37	76	72	60	51	73	69	72	72	57	34	74	47	36	48	72	76	45	65	73	39	41	45	45	75	59	64	33	65	56	35	44	74	31	64	34	68	69	58	38	65	35	76	37	72	59	73	34	43	53	70	45	68	37	40
60	65	33	79	37	51	38	33	55	31	61	0	73	46	61	40	41	42	33	31	31	52	46	76	64	70	43	36	46	38	37	42	76	32	80	47	39	31	59	36	55	63	77	72	31	60	33	56	66	35	79	46	48	47	64	75	71	61	59	36	76	60	60	66	43	69	68	36	48	39	32	35	31	43	39	76	47	71	50	69	40	47	62	64	76	37	49	34	51	75	50	50	67	43	69	52	73	68	73	30
41	61	33	35	68	52	49	35	57	35	45	73	0	30	77	30	54	57	32	59	35	75	31	51	37	69	68	51	78	67	61	59	48	68	76	64	40	52	72	77	38	76	49	75	57	35	75	33	70	30	53	56	65	74	56	30	77	61	57	41	36	62	47	38	79	46	54	53	41	52	41	78	59	45	32	30	72	38	73	40	60	59	54	66	39	53	59	73	80	49	74	59	64	65	67	51	61	30	66	32
78	38	49	34	73	70	57	44	54	43	78	46	30	0	32	34	66	40	47	49	72	73	60	76	37	47	35	51	58	55	54	73	66	60	46	49	68	72	44	68	38	31	75	69	51	47	47	80	45	73	67	43	37	79	34	77	32	52	55	48	54	54	38	76	60	47	36	67	63	68	76	56	64	80	34	31	68	54	35	40	78	75	46	75	58	71	61	31	32	79	66	74	37	55	76	36	42	58	73	41
62	46	36	49	58	54	35	32	55	72	76	61	77	32	0	77	36	57	36	50	33	48	59	39	45	41	80	51	46	43	75	50	45	58	51	57	64	47	56	64	75	64	68	59	56	73	30	54	47	40	54	55	36	44	43	71	37	67	72	39	72	70	77	54	75	50	31	43	56	57	44	38	70	36	48	46	34	47	43	69	47	74	78	50	58	77	54	44	37	37	30	62	57	34	73	50	77	64	58	49
57	68	51	76	76	43	44	36	65	45	68	40	30	34	77	0	37	51	55	78	70	74	66	55	69	61	70	40	53	64	58	58	55	52	71	37	72	54	76	64	59	42	34	63	67	32	43	30	72	43	76	76	66	63	62	40	47	72	66	45	32	43	49	36	42	52	64	40	66	32	56	71	36	67	36	48	47	72	46	56	60	43	70	57	68	68	65	79	39	59	48	57	71	74	68	39	36	41	42	76
72	69	36	45	32	70	58	79	79	51	69	41	54	66	36	37	0	57	55	72	31	60	41	62	33	34	63	32	53	69	61	62	53	46	52	80	80	67	73	70	64	70	48	40	35	30	69	76	53	62	76	76	66	51	35	38	74	37	45	65	44	56	67	78	60	45	38	47	46	68	33	63	46	70	72	59	39	74	61	42	45	42	68	52	43	37	73	67	49	57	59	36	36	59	42	80	66	76	49	78
72	67	75	42	65	39	35	54	51	34	47	42	57	40	57	51	57	0	68	77	48	70	41	58	38	50	48	55	78	56	75	35	64	45	49	57	40	48	44	60	72	30	49	65	79	45	59	38	63	74	51	46	66	51	79	40	44	65	37	43	33	59	38	42	35	79	30	65	79	48	45	35	74	73	51	42	35	60	47	55	60	34	48	72	54	76	65	39	43	51	35	65	69	58	69	49	34	74	51	40
76	75	64	65	32	49	63	30	34	68	51	33	32	47	36	55	55	68	0	58	58	48	37	80	39	49	53	38	56	41	36	43	43	49	79	66	67	41	76	35	34	64	62	50	56	36	31	74	78	69	72	65	48	78	43	62	69	54	77	72	46	60	44	34	32	54	53	73	79	40	67	34	52	44	36	67	47	58	33	39	39	74	56	37	34	76	58	47	40	50	48	49	33	65	78	58	47	64	41	49
67	71	60	34	80	32	31	43	59	39	49	31	59	49	50	78	72	77	58	0	46	52	37	65	35	47	41	44	34	48	39	30	31	57	48	64	53	37	48	75	67	78	50	46	63	68	42	35	73	47	80	34	68	36	77	31	48	80	72	38	68	38	80	63	49	72	69	63	75	50	33	65	57	48	66	37	49	79	38	40	76	52	41	73	47	48	41	40	49	33	69	31	42	42	62	68	57	54	30	76
47	39	73	49	76	43	75	31	73	42	34	31	35	72	33	70	31	48	58	46	0	42	57	58	73	62	42	33	39	75	74	60	59	74	36	37	36	50	44	32	76	52	78	77	72	45	50	54	45	65	69	47	65	42	44	42	56	43	32	62	67	43	71	32	36	35	38	74	33	32	76	62	54	63	58	75	60	70	61	51	70	41	71	72	78	52	36	76	41	69	59	75	55	36	42	33	80	76	34	59
36	48	35	69	56	68	50	35	64	43	46	52	75	73	48	74	60	70	48	52	42	0	59	67	56	74	63	32	58	52	54	58	77	41	60	45	61	34	31	58	65	42	41	66	36	79	32	45	78	41	66	40	71	71	74	67	51	67	45	34	71	38	48	51	36	42	58	67	51	44	47	78	69	78	35	70	39	70	50	43	60	60	35	67	58	46	49	65	74	78	41	44	62	74	53	55	43	33	77	54
54	68	53	80	44	47	67	79	67	71	49	46	31	60	59	66	41	41	37	37	57	59	0	75	62	45	42	51	80	40	63	56	43	54	71	43	63	63	38	39	45	75	31	57	65	80	80	65	56	31	45	63	32	53	61	78	31	77	35	75	71	64	63	78	59	70	41	55	66	37	47	34	56	45	73	49	76	37	53	46	76	56	30	68	40	36	67	31	80	42	46	50	40	47	49	35	60	32	71	37
57	36	39	65	30	44	61	49	51	38	51	76	51	76	39	55	62	58	80	65	58	67	75	0	41	60	58	73	63	38	71	55	42	76	58	48	63	44	75	62	54	37	76	44	42	34	44	32	61	64	38	72	47	66	49	37	50	50	40	66	33	46	39	50	44	72	42	49	75	71	75	59	47	75	32	74	38	45	38	56	36	75	52	35	73	43	52	66	32	55	60	80	76	57	63	31	65	37	46	32
78	43	51	61	53	79	47	73	45	58	77	64	37	37	45	69	33	38	39	35	73	56	62	41	0	46	37	42	75	40	72	33	64	31	42	66	65	66	38	60	33	50	61	34	49	50	59	77	61	37	34	49	57	40	60	41	46	35	57	67	44	58	48	34	38	49	51	63	80	65	47	77	54	51	71	79	63	66	48	49	48	51	72	47	66	73	52	32	46	67	67	67	43	62	53	50	32	70	34	44
43	34	68	53	49	39	56	46	61	58	40	70	69	47	41	61	34	50	49	47	62	74	45	60	46	0	41	60	32	37	38	37	68	58	63	42	48	72	75	47	57	75	38	38	54	32	48	77	72	78	53	47	37	78	44	76	45	65	30	32	52	67	68	74	57	66	38	41	54	35	38	57	60	79	75	80	50	76	52	36	39	54	60	78	44	40	61	54	32	53	52	48	49	64	49	64	60	78	60	31
49	46	73	67	38	43	58	39	39	45	59	43	68	35	80	70	63	48	53	41	42	63	42	58	37	41	0	34	74	73	57	44	49	48	64	32	61	45	45	61	56	44	52	53	45	58	63	51	38	58	36	43	72	37	32	73	61	37	57	58	70	54	56	53	50	72	48	44	51	34	74	72	70	42	76	65	68	63	69	69	79	58	38	35	49	58	42	64	54	60	62	69	33	38	53	75	31	61	63	42
61	40	50	53	62	51	79	67	66	80	44	36	51	51	51	40	32	55	38	44	33	32	51	73	42	60	34	0	80	55	44	67	39	48	46	76	41	73	39	46	72	73	68	31	31	78	32	48	49	64	75	32	38	77	47	39	47	69	46	65	77	41	48	30	75	39	41	47	30	52	60	59	45	48	39	46	38	54	44	59	79	38	74	73	65	31	37	70	40	50	41	68	58	43	64	32	67	57	34	42
30	70	35	49	53	57	54	67	78	35	47	46	78	58	46	53	53	78	56	34	39	58	80	63	75	32	74	80	0	46	61	49	42	46	44	80	80	64	31	65	67	31	66	38	41	54	78	59	52	47	51	36	79	76	40	46	56	52	40	75	34	57	51	55	71	69	64	64	68	66	43	51	48	72	40	58	51	30	32	30	41	59	56	64	30	70	50	63	45	33	73	51	47	49	64	30	50	77	70	56
38	79	66	63	63	32	72	46	33	73	70	38	67	55	43	64	69	56	41	48	75	52	40	38	40	37	73	55	46	0	70	62	39	45	66	69	54	35	42	59	57	52	49	56	65	36	75	63	60	59	57	74	42	39	42	63	80	76	33	62	77	55	39	52	62	73	47	57	35	72	65	67	57	46	73	49	71	52	74	57	33	30	52	73	43	51	51	72	74	46	33	57	45	76	32	37	78	48	31	42
58	72	38	55	80	38	42	46	63	57	64	37	61	54	75	58	61	75	36	39	74	54	63	71	72	38	57	44	61	70	0	41	64	31	37	78	77	33	40	34	34	76	35	52	52	65	41	54	50	76	63	60	79	61	45	58	50	32	67	59	66	57	69	41	68	78	45	69	33	76	66	51	57	60	62	68	52	68	39	66	40	44	47	39	57	52	37	69	59	60	52	75	52	35	44	59	68	64	53	30
32	65	72	67	47	43	43	64	49	33	46	42	59	73	50	58	62	35	43	30	60	58	56	55	33	37	44	67	49	62	41	0	55	44	75	66	55	74	42	75	50	70	72	79	49	53	66	79	61	35	40	63	63	35	53	61	44	45	41	72	57	49	67	47	30	66	74	76	61	30	75	47	47	50	67	73	69	48	52	54	44	48	35	62	52	73	56	74	55	40	40	44	31	43	39	72	31	40	50	74
48	52	63	59	67	80	49	35	38	74	47	76	48	66	45	55	53	64	43	31	59	77	43	42	64	68	49	39	42	39	64	55	0	53	32	39	63	44	34	59	47	42	50	33	52	36	34	70	50	42	46	49	79	45	60	39	54	64	30	38	41	35	65	40	40	73	37	72	45	70	65	54	56	47	63	32	58	56	64	46	37	66	61	36	55	79	42	66	47	73	75	65	70	55	49	60	67	56	61	56
62	79	30	68	57	68	50	31	60	43	67	32	68	60	58	52	46	45	49	57	74	41	54	76	31	58	48	48	46	45	31	44	53	0	61	44	38	72	33	33	58	74	71	76	67	32	57	46	47	51	43	52	58	50	55	44	72	51	69	69	43	42	62	75	55	41	69	43	37	75	34	41	48	56	65	75	62	55	65	47	63	76	31	72	57	73	41	72	70	35	57	68	73	46	39	56	50	34	63	32
47	71	71	60	63	61	73	42	47	41	34	80	76	46	51	71	52	49	79	48	36	60	71	58	42	63	64	46	44	66	37	75	32	61	0	72	56	58	80	46	78	65	35	33	67	37	38	62	62	44	43	41	66	48	47	65	57	54	56	64	37	47	45	39	61	45	52	63	37	36	58	41	42	52	35	40	76	66	71	52	57	33	56	66	55	71	67	31	49	80	48	49	32	61	32	39	78	60	35	38
67	63	64	70	69	60	50	36	62	53	46	47	64	49	57	37	80	57	66	64	37	45	43	48	66	42	32	76	80	69	78	66	39	44	72	0	77	78	69	48	49	56	37	40	62	46	60	61	48	62	34	72	52	60	49	79	60	41	51	69	79	36	76	31	46	69	62	62	68	42	76	56	47	66	42	68	69	49	64	66	38	44	38	48	78	78	32	78	37	68	76	72	45	38	67	67	61	43	65	52
49	44	79	80	37	72	58	54	79	76	46	39	40	68	64	72	80	40	67	53	36	61	63	63	65	48	61	41	80	54	77	55	63	38	56	77	0	73	76	34	47	53	40	71	33	66	47	42	45	56	49	30	77	58	31	63	40	64	68	42	53	44	53	72	54	48	75	69	52	72	75	48	51	59	61	68	55	77	58	37	39	36	78	45	55	32	62	80	62	34	76	54	51	31	48	72	73	45	67	64
37	42	45	74	65	34	31	38	60	37	57	31	52	72	47	54	67	48	41	37	50	34	63	44	66	72	45	73	64	35	33	74	44	72	58	78	73	0	31	58	46	75	46	76	52	45	67	74	38	30	78	77	33	47	80	74	50	73	50	72	51	79	56	73	36	41	75	79	47	75	48	79	69	41	48	51	69	30	32	40	64	67	72	43	53	67	37	75	52	36	33	43	67	68	55	80	55	74	72	54
39	69	31	76	55	54	57	37	80	44	30	59	72	44	56	76	73	44	76	48	44	31	38	75	38	75	45	39	31	42	40	42	34	33	80	69	76	31	0	57	56	68	63	31	76	35	69	47	54	55	52	77	43	62	78	63	68	65	49	41	58	50	47	55	53	41	52	38	61	76	67	78	35	50	64	57	33	53	34	69	41	31	56	78	71	39	60	46	72	31	45	62	30	41	36	30	47	57	55	79
61	49	38	80	30	79	40	57	32	62	74	36	77	68	64	64	70	60	35	75	32	58	39	62	60	47	61	46	65	59	34	75	59	33	46	48	34	58	57	0	49	47	49	73	73	55	73	41	66	78	50	77	63	34	33	55	58	61	77	56	71	75	77	79	34	41	46	73	45	43	38	38	34	62	72	58	45	69	30	52	67	31	77	34	66	50	55	78	54	50	43	58	60	56	41	50	64	43	70	50
53	37	61	35	52	54	39	49	42	67	30	55	38	38	75	59	64	72	34	67	76	65	45	54	33	57	56	72	67	57	34	50	47	58	78	49	47	46	56	49	0	71	62	61	57	47	48	72	31	48	32	77	78	47	59	54	69	41	62	57	50	60	67	34	38	48	53	74	42	46	64	80	80	38	38	76	31	67	68	38	69	78	76	67	37	69	30	42	32	45	38	49	65	41	43	37	68	33	49	79
49	69	76	66	49	52	64	45	65	50	32	63	76	31	64	42	70	30	64	78	52	42	75	37	50	75	44	73	31	52	76	70	42	74	65	56	53	75	68	47	71	0	47	50	53	47	50	80	30	47	73	63	32	36	30	72	37	42	31	36	80	48	52	43	60	71	70	45	49	70	37	43	64	68	52	33	68	34	49	69	45	39	36	78	67	42	68	47	71	57	69	59	39	40	50	39	56	49	73	39
31	58	72	78	78	79	37	78	42	44	59	77	49	75	68	34	48	49	62	50	78	41	31	76	61	38	52	68	66	49	35	72	50	71	35	37	40	46	63	49	62	47	0	50	38	67	71	64	46	57	69	53	41	54	60	80	60	55	39	37	49	31	37	60	47	79	35	37	39	64	38	73	74	66	49	68	54	67	69	35	60	40	54	40	34	40	56	30	75	60	42	72	53	51	52	68	60	36	31	52
54	67	80	69	53	69	61	38	41	68	61	72	75	69	59	63	40	65	50	46	77	66	57	44	34	38	53	31	38	56	52	79	33	76	33	40	71	76	31	73	61	50	50	0	37	69	36	56	80	53	60	46	75	70	45	60	36	47	43	40	40	78	39	49	55	52	51	69	55	62	53	37	47	44	57	50	55	36	77	45	80	55	40	74	49	64	59	57	56	66	60	36	72	70	65	79	46	69	43	62
59	69	62	77	37	45	65	37	73	31	36	31	57	51	56	67	35	79	56	63	72	36	65	42	49	54	45	31	41	65	52	49	52	67	67	62	33	52	76	73	57	53	38	37	0	79	67	67	80	59	45	41	44	55	41	78	41	39	50	61	70	39	30	79	70	48	44	42	80	51	69	80	75	35	76	46	34	48	74	53	80	71	41	38	76	39	51	61	33	77	79	44	56	74	69	34	77	72	38	66
38	58	52	67	79	35	34	48	66	70	37	60	35	47	73	32	30	45	36	68	45	79	80	34	50	32	58	78	54	36	65	53	36	32	37	46	66	45	35	55	47	47	67	69	79	0	67	66	30	80	60	39	47	32	78	35	35	77	65	51	67	47	54	36	30	49	32	47	45	69	31	31	66	51	74	36	63	33	56	34	43	46	76	46	70	40	55	45	37	54	48	30	31	41	56	43	64	58	71	68
33	61	33	36	51	53	79	41	63	76	76	33	75	47	30	43	69	59	31	42	50	32	80	44	59	48	63	32	78	75	41	66	34	57	38	60	47	67	69	73	48	50	71	36	67	67	0	43	39	64	74	49	63	50	53	59	60	56	68	33	41	73	63	73	80	75	48	43	45	66	56	34	32	54	62	42	32	34	78	50	31	73	63	44	32	40	62	53	66	79	66	54	41	54	55	59	38	35	75	38
45	37	33	67	65	77	47	80	59	61	72	56	33	80	54	30	76	38	74	35	54	45	65	32	77	77	51	48	59	63	54	79	70	46	62	61	42	74	47	41	72	80	64	56	67	66	43	0	36	54	79	70	46	33	66	52	61	63	39	77	43	55	72	56	32	70	79	54	54	77	60	56	44	67	41	68	48	32	54	37	47	36	54	76	34	43	33	53	56	78	54	68	65	56	59	44	48	78	70	33
47	42	30	75	36	55	52	74	75	69	60	66	70	45	47	72	53	63	78	73	45	78	56	61	61	72	38	49	52	60	50	61	50	47	62	48	45	38	54	66	31	30	46	80	80	30	39	36	0	57	75	45	53	75	44	44	75	57	60	62	64	75	48	34	33	75	76	36	61	65	50	78	66	60	58	33	55	36	56	40	73	53	53	65	50	63	40	70	56	63	43	70	58	31	50	79	64	47	72	75
78	50	60	56	52	35	40	43	37	40	51	35	30	73	40	43	62	74	69	47	65	41	31	64	37	78	58	64	47	59	76	35	42	51	44	62	56	30	55	78	48	47	57	53	59	80	64	54	57	0	56	44	41	67	42	51	35	50	54	61	62	49	47	64	72	55	33	34	62	59	70	56	77	65	34	39	75	53	32	30	48	30	74	31	53	57	63	35	54	77	38	47	48	43	68	33	39	78	47	38
69	55	73	48	35	55	35	34	75	57	73	79	53	67	54	76	76	51	72	80	69	66	45	38	34	53	36	75	51	57	63	40	46	43	43	34	49	78	52	50	32	73	69	60	45	60	74	79	75	56	0	69	77	50	30	53	59	61	48	35	65	53	59	41	62	45	53	65	77	61	79	71	71	52	54	57	40	71	72	55	70	42	66	53	66	50	55	45	46	68	80	69	39	39	66	33	50	71	48	68
40	64	44	69	60	70	77	72	53	43	69	46	56	43	55	76	76	46	65	34	47	40	63	72	49	47	43	32	36	74	60	63	49	52	41	72	30	77	77	77	77	63	53	46	41	39	49	70	45	44	69	0	46	47	43	34	38	57	67	71	64	32	60	74	77	41	51	76	80	66	35	59	35	45	77	31	64	77	75	74	75	75	52	59	46	51	56	69	76	72	43	38	57	75	65	37	43	68	31	30
30	57	35	59	71	43	34	30	62	35	72	48	65	37	36	66	66	66	48	68	65	71	32	47	57	37	72	38	79	42	79	63	79	58	66	52	77	33	43	63	78	32	41	75	44	47	63	46	53	41	77	46	0	30	43	77	61	34	39	42	58	75	33	74	80	75	76	76	74	69	80	66	37	75	63	61	64	78	45	70	31	77	41	31	38	56	73	56	42	64	62	53	57	52	42	33	34	47	75	56
80	31	49	47	55	34	68	47	71	69	72	47	74	79	44	63	51	51	78	36	42	71	53	66	40	78	37	77	76	39	61	35	45	50	48	60	58	47	62	34	47	36	54	70	55	32	50	33	75	67	50	47	30	0	30	55	50	49	41	39	52	35	40	30	42	73	36	62	51	59	33	46	34	65	53	80	69	71	66	67	71	44	72	53	66	60	75	44	57	72	76	75	80	43	63	37	73	42	75	44
45	74	73	32	33	35	62	65	30	34	57	64	56	34	43	62	35	79	43	77	44	74	61	49	60	44	32	47	40	42	45	53	60	55	47	49	31	80	78	33	59	30	60	45	41	78	53	66	44	42	30	43	43	30	0	44	70	41	33	32	49	48	70	36	58	68	70	72	65	32	53	37	63	72	68	52	44	78	75	41	33	49	39	65	49	79	59	76	63	70	38	45	53	43	34	52	72	73	45	43
32	73	70	34	33	54	58	32	52	49	34	75	30	77	71	40	38	40	62	31	42	67	78	37	41	76	73	39	46	63	58	61	39	44	65	79	63	74	63	55	54	72	80	60	78	35	59	52	44	51	53	34	77	55	44	0	53	55	45	49	57	43	78	45	37	36	34	49	31	79	63	49	47	68	74	46	59	58	34	70	41	67	36	66	61	59	79	35	48	34	40	45	51	59	57	71	32	75	64	68
49	52	67	77	52	44	79	49	59	59	74	71	77	32	37	47	74	44	69	48	56	51	31	50	46	45	61	47	56	80	50	44	54	72	57	60	40	50	68	58	69	37	60	36	41	35	60	61	75	35	59	38	61	50	70	53	0	62	44	61	47	73	60	72	65	79	73	54	33	47	68	43	73	60	37	67	56	38	71	39	53	62	49	61	57	40	70	74	38	80	58	72	48	51	59	67	35	56	34	65
35	73	69	69	76	54	32	45	75	65	47	61	61	52	67	72	37	65	54	80	43	67	77	50	35	65	37	69	52	76	32	45	64	51	54	41	64	73	65	61	41	42	55	47	39	77	56	63	57	50	61	57	34	49	41	55	62	0	37	65	79	50	63	49	48	52	52	42	76	74	57	36	43	60	74	31	54	32	50	33	56	75	39	30	38	60	69	47	72	41	78	71	74	71	79	63	34	52	62	52
65	76	42	70	41	37	34	76	78	31	36	59	57	55	72	66	45	37	77	72	32	45	35	40	57	30	57	46	40	33	67	41	30	69	56	51	68	50	49	77	62	31	39	43	50	65	68	39	60	54	48	67	39	41	33	45	44	37	0	63	60	45	41	42	47	70	33	68	48	74	56	53	80	65	69	42	63	70	72	35	36	31	53	66	52	36	57	58	57	69	50	57	53	67	67	44	61	32	52	41
41	52	59	61	33	37	47	62	61	67	48	36	41	48	39	45	65	43	72	38	62	34	75	66	67	32	58	65	75	62	59	72	38	69	64	69	42	72	41	56	57	36	37	40	61	51	33	77	62	61	35	71	42	39	32	49	61	65	63	0	38	66	69	59	41	62	48	74	58	51	53	68	41	49	45	79	63	61	50	76	55	44	63	37	48	41	50	79	39	71	61	66	47	41	45	59	68	79	80	61
34	42	43	54	73	78	79	53	68	73	72	76	36	54	72	32	44	33	46	68	67	71	71	33	44	52	70	77	34	77	66	57	41	43	37	79	53	51	58	71	50	80	49	40	70	67	41	43	64	62	65	64	58	52	49	57	47	79	60	38	0	32	59	36	55	54	30	39	47	69	79	45	54	72	76	44	36	54	56	80	72	57	33	70	55	31	52	52	72	51	47	62	42	70	36	41	35	32	38	33
50	48	69	36	42	48	65	40	76	48	76	60	62	54	70	43	56	59	60	38	43	38	64	46	58	67	54	41	57	55	57	49	35	42	47	36	44	79	50	75	60	48	31	78	39	47	73	55	75	49	53	32	75	35	48	43	73	50	45	66	32	0	56	54	70	44	57	41	38	77	38	65	74	41	49	32	77	50	54	47	73	74	47	35	67	41	74	41	43	70	55	34	49	73	64	52	50	52	59	54
73	30	47	70	37	74	68	47	74	78	45	60	47	38	77	49	67	38	44	80	71	48	63	39	48	68	56	48	51	39	69	67	65	62	45	76	53	56	47	77	67	52	37	39	30	54	63	72	48	47	59	60	33	40	70	78	60	63	41	69	59	56	0	54	66	48	35	61	64	47	46	30	58	43	61	73	69	65	61	55	67	49	35	79	73	46	51	77	62	38	59	80	44	52	70	58	32	74	60	54
62	76	68	46	53	41	38	60	39	74	65	66	38	76	54	36	78	42	34	63	32	51	78	50	34	74	53	30	55	52	41	47	40	75	39	31	72	73	55	79	34	43	60	49	79	36	73	56	34	64	41	74	74	30	36	45	72	49	42	59	36	54	54	0	73	76	65	69	38	78	53	70	42	71	33	46	71	71	38	47	44	40	51	69	73	73	48	39	41	31	63	65	70	35	77	41	76	49	51	33
63	61	38	50	67	73	80	48	60	45	73	43	79	60	75	42	60	35	32	49	36	36	59	44	38	57	50	75	71	62	68	30	40	55	61	46	54	36	53	34	38	60	47	55	70	30	80	32	33	72	62	77	80	42	58	37	65	48	47	41	55	70	66	73	0	68	52	44	61	69	57	45	72	55	72	63	57	75	66	39	54	58	34	80	40	43	66	35	77	33	51	50	77	42	51	31	54	51	59	53
43	39	51	46	79	68	57	72	39	47	39	69	46	47	50	52	45	79	54	72	35	42	70	72	49	66	72	39	69	73	78	66	73	41	45	69	48	41	41	41	48	71	79	52	48	49	75	70	75	55	45	41	75	73	68	36	79	52	70	62	54	44	48	76	68	0	63	59	32	65	75	57	80	73	51	51	57	56	47	73	53	51	67	78	42	37	57	31	35	67	60	74	68	31	80	44	68	63	67	47
58	47	31	75	70	68	80	31	69	62	41	68	54	36	31	64	38	30	53	69	38	58	41	42	51	38	48	41	64	47	45	74	37	69	52	62	75	75	52	46	53	70	35	51	44	32	48	79	76	33	53	51	76	36	70	34	73	52	33	48	30	57	35	65	52	63	0	69	57	33	70	57	59	59	44	77	45	72	41	78	31	73	30	46	39	61	35	54	70	30	34	38	30	46	52	62	47	31	73	32
34	55	30	63	42	70	33	50	75	59	45	36	53	67	43	40	47	65	73	63	74	67	55	49	63	41	44	47	64	57	69	76	72	43	63	62	69	79	38	73	74	45	37	69	42	47	43	54	36	34	65	76	76	62	72	49	54	42	68	74	39	41	61	69	44	59	69	0	78	33	65	74	30	55	56	62	51	45	53	66	42	74	58	52	43	30	74	32	51	63	76	45	60	33	73	64	78	72	38	72
52	78	52	61	67	58	69	74	61	55	45	48	41	63	56	66	46	79	79	75	33	51	66	75	80	54	51	30	68	35	33	61	45	37	37	68	52	47	61	45	42	49	39	55	80	45	45	54	61	62	77	80	74	51	65	31	33	76	48	58	47	38	64	38	61	32	57	78	0	67	31	31	74	32	70	41	50	32	51	63	50	53	65	78	73	60	38	80	31	31	47	53	77	32	60	46	76	71	70	73
33	72	62	55	62	69	40	59	50	35	75	39	52	68	57	32	68	48	40	50	32	44	37	71	65	35	34	52	66	72	76	30	70	75	36	42	72	75	76	43	46	70	64	62	51	69	66	77	65	59	61	66	69	59	32	79	47	74	74	51	69	77	47	78	69	65	33	33	67	0	63	67	41	59	35	78	49	79	35	80	54	70	50	70	76	80	54	64	37	72	49	37	67	76	39	71	38	47	52	51
40	67	45	55	39	38	37	76	76	66	59	32	41	76	44	56	33	45	67	33	76	47	47	75	47	38	74	60	43	65	66	75	65	34	58	76	75	48	67	38	64	37	38	53	69	31	56	60	50	70	79	35	80	33	53	63	68	57	56	53	79	38	46	53	57	75	70	65	31	63	0	70	33	74	61	63	60	36	44	80	67	56	36	47	38	66	57	52	62	42	58	48	32	45	33	60	45	38	49	39
48	69	72	60	42	46	68	79	76	61	64	35	78	56	38	71	63	35	34	65	62	78	34	59	77	57	72	59	51	67	51	47	54	41	41	56	48	79	78	38	80	43	73	37	80	31	34	56	78	56	71	59	66	46	37	49	43	36	53	68	45	65	30	70	45	57	57	74	31	67	70	0	30	55	65	40	75	75	33	60	56	76	67	55	49	71	50	50	42	73	54	72	51	78	72	68	71	47	72	32
48	71	74	69	39	37	43	66	44	34	33	31	59	64	70	36	46	74	52	57	54	69	56	47	54	60	70	45	48	57	57	47	56	48	42	47	51	69	35	34	80	64	74	47	75	66	32	44	66	77	71	35	37	34	63	47	73	43	80	41	54	74	58	42	72	80	59	30	74	41	33	30	0	67	34	67	50	70	44	78	77	31	55	54	62	80	43	40	46	35	55	60	55	49	42	69	46	44	60	57
58	34	52	54	51	75	48	31	66	40	65	43	45	80	36	67	70	73	44	48	63	78	45	75	51	79	42	48	72	46	60	50	47	56	52	66	59	41	50	62	38	68	66	44	35	51	54	67	60	65	52	45	75	65	72	68	60	60	65	49	72	41	43	71	55	73	59	55	32	59	74	55	67	0	51	33	80	47	52	74	77	59	34	40	75	61	31	75	64	69	71	57	75	37	61	71	71	37	32	34
74	62	48	76	77	52	67	64	52	50	56	39	32	34	48	36	72	51	36	66	58	35	73	32	71	75	76	39	40	73	62	67	63	65	35	42	61	48	64	72	38	52	49	57	76	74	62	41	58	34	54	77	63	53	68	74	37	74	69	45	76	49	61	33	72	51	44	56	70	35	61	65	34	51	0	77	79	80	31	34	73	64	61	40	77	54	59	75	39	39	35	32	58	73	50	47	60	45	40	59
46	76	63	70	78	72	53	60	79	79	35	76	30	31	46	48	59	42	67	37	75	70	49	74	79	80	65	46	58	49	68	73	32	75	40	68	68	51	57	58	76	33	68	50	46	36	42	68	33	39	57	31	61	80	52	46	67	31	42	79	44	32	73	46	63	51	77	62	41	78	63	40	67	33	77	0	50	78	41	73	49	75	53	42	56	60	65	80	41	61	33	70	45	47	65	45	78	58	31	67
71	69	43	76	72	49	42	79	31	55	44	47	72	68	34	47	39	35	47	49	60	39	76	38	63	50	68	38	51	71	52	69	58	62	76	69	55	69	33	45	31	68	54	55	34	63	32	48	55	75	40	64	64	69	44	59	56	54	63	63	36	77	69	71	57	57	45	51	50	49	60	75	50	80	79	50	0	31	52	59	69	75	42	37	48	78	67	31	56	71	31	63	78	55	67	43	39	42	74	51
78	57	53	55	46	55	61	71	37	30	74	71	38	54	47	72	74	60	58	79	70	70	37	45	66	76	63	54	30	52	68	48	56	55	66	49	77	30	53	69	67	34	67	36	48	33	34	32	36	53	71	77	78	71	78	58	38	32	70	61	54	50	65	71	75	56	72	45	32	79	36	75	70	47	80	78	31	0	37	36	58	49	59	80	60	54	38	50	50	35	73	39	56	44	77	31	53	56	49	59
39	73	36	71	44	65	76	71	78	76	31	50	73	35	43	46	61	47	33	38	61	50	53	38	48	52	69	44	32	74	39	52	64	65	71	64	58	32	34	30	68	49	69	77	74	56	78	54	56	32	72	75	45	66	75	34	71	50	72	50	56	54	61	38	66	47	41	53	51	35	44	33	44	52	31	41	52	37	0	69	65	32	33	46	32	59	49	36	73	58	55	53	45	48	54	44	65	76	78	58
66	40	49	44	48	43	57	78	44	73	64	69	40	40	69	56	42	55	39	40	51	43	46	56	49	36	69	59	30	57	66	54	46	47	52	66	37	40	69	52	38	69	35	45	53	34	50	37	40	30	55	74	70	67	41	70	39	33	35	76	80	47	55	47	39	73	78	66	63	80	80	60	78	74	34	73	59	36	69	0	35	40	57	54	42	39	55	59	68	37	59	75	44	66	63	77	34	58	42	50
68	65	65	33	79	48	53	61	79	71	34	40	60	78	47	60	45	60	39	76	70	60	76	36	48	39	79	79	41	33	40	44	37	63	57	38	39	64	41	67	69	45	60	80	80	43	31	47	73	48	70	75	31	71	33	41	53	56	36	55	72	73	67	44	54	53	31	42	50	54	67	56	77	77	73	49	69	58	65	35	0	70	54	36	72	54	72	70	43	31	66	52	51	67	75	32	46	41	80	46
57	48	64	46	64	76	49	44	43	62	68	47	59	75	74	43	42	34	74	52	41	60	56	75	51	54	58	38	59	30	44	48	66	76	33	44	36	67	31	31	78	39	40	55	71	46	73	36	53	30	42	75	77	44	49	67	62	75	31	44	57	74	49	40	58	51	73	74	53	70	56	76	31	59	64	75	75	49	32	40	70	0	71	43	45	32	38	54	32	37	41	60	63	53	33	60	64	70	45	41
79	74	69	45	34	43	44	66	52	71	69	62	54	46	78	70	68	48	56	41	71	35	30	52	72	60	38	74	56	52	47	35	61	31	56	38	78	72	56	77	76	36	54	40	41	76	63	54	53	74	66	52	41	72	39	36	49	39	53	63	33	47	35	51	34	67	30	58	65	50	36	67	55	34	61	53	42	59	33	57	54	71	0	71	50	76	38	70	73	35	53	38	73	43	70	52	79	58	46	79
52	34	79	56	41	50	46	75	73	54	58	64	66	75	50	57	52	72	37	73	72	67	68	35	47	78	35	73	64	73	39	62	36	72	66	48	45	43	78	34	67	78	40	74	38	46	44	76	65	31	53	59	31	53	65	66	61	30	66	37	70	35	79	69	80	78	46	52	78	70	47	55	54	40	40	42	37	80	46	54	36	43	71	0	56	60	61	68	46	35	46	36	30	47	34	65	38	36	33	74
77	36	39	76	71	38	55	53	62	68	38	76	39	58	58	68	43	54	34	47	78	58	40	73	66	44	49	65	30	43	57	52	55	57	55	78	55	53	71	66	37	67	34	49	76	70	32	34	50	53	66	46	38	66	49	61	57	38	52	48	55	67	73	73	40	42	39	43	73	76	38	49	62	75	77	56	48	60	32	42	72	45	50	56	0	35	64	62	77	49	74	41	60	79	72	50	49	63	71	31
39	53	47	74	34	72	55	39	38	72	65	37	53	71	77	68	37	76	76	48	52	46	36	43	73	40	58	31	70	51	52	73	79	73	71	78	32	67	39	50	69	42	40	64	39	40	40	43	63	57	50	51	56	60	79	59	40	60	36	41	31	41	46	73	43	37	61	30	60	80	66	71	80	61	54	60	78	54	59	39	54	32	76	60	35	0	46	67	80	53	42	80	61	58	74	33	76	55	57	55
78	78	77	39	44	57	37	50	67	69	35	49	59	61	54	65	73	65	58	41	36	49	67	52	52	61	42	37	50	51	37	56	42	41	67	32	62	37	60	55	30	68	56	59	51	55	62	33	40	63	55	56	73	75	59	79	70	69	57	50	52	74	51	48	66	57	35	74	38	54	57	50	43	31	59	65	67	38	49	55	72	38	38	61	64	46	0	77	42	60	30	68	65	35	62	39	33	73	61	80
49	58	56	36	39	42	32	70	65	31	76	34	73	31	44	79	67	39	47	40	76	65	31	66	32	54	64	70	63	72	69	74	66	72	31	78	80	75	46	78	42	47	30	57	61	45	53	53	70	35	45	69	56	44	76	35	74	47	58	79	52	41	77	39	35	31	54	32	80	64	52	50	40	75	75	80	31	50	36	59	70	54	70	68	62	67	77	0	65	76	58	48	47	78	72	77	70	59	49	44
52	61	44	31	67	79	65	47	72	58	37	51	80	32	37	39	49	43	40	49	41	74	80	32	46	32	54	40	45	74	59	55	47	70	49	37	62	52	72	54	32	71	75	56	33	37	66	56	56	54	46	76	42	57	63	48	38	72	57	39	72	43	62	41	77	35	70	51	31	37	62	42	46	64	39	41	56	50	73	68	43	32	73	46	77	80	42	65	0	71	33	62	80	68	73	46	60	72	58	71
71	41	67	45	36	42	58	77	74	49	72	75	49	79	37	59	57	51	50	33	69	78	42	55	67	53	60	50	33	46	60	40	73	35	80	68	34	36	31	50	45	57	60	66	77	54	79	78	63	77	68	72	64	72	70	34	80	41	69	71	51	70	38	31	33	67	30	63	31	72	42	73	35	69	39	61	71	35	58	37	31	37	35	35	49	53	60	76	71	0	31	44	68	72	74	51	53	73	58	31
40	68	74	57	56	33	55	59	49	40	59	50	74	66	30	48	59	35	48	69	59	41	46	60	67	52	62	41	73	33	52	40	75	57	48	76	76	33	45	43	38	69	42	60	79	48	66	54	43	38	80	43	62	76	38	40	58	78	50	61	47	55	59	63	51	60	34	76	47	49	58	54	55	71	35	33	31	73	55	59	66	41	53	46	74	42	30	58	33	31	0	73	30	51	62	70	52	63	41	44
69	76	54	74	72	48	77	43	80	73	73	50	59	74	62	57	36	65	49	31	75	44	50	80	67	48	69	68	51	57	75	44	65	68	49	72	54	43	62	58	49	59	72	36	44	30	54	68	70	47	69	38	53	75	45	45	72	71	57	66	62	34	80	65	50	74	38	45	53	37	48	72	60	57	32	70	63	39	53	75	52	60	38	36	41	80	68	48	62	44	73	0	58	44	37	71	50	46	71	74
76	60	45	68	68	42	79	63	30	79	34	67	64	37	57	71	36	69	33	42	55	62	40	76	43	49	33	58	47	45	52	31	70	73	32	45	51	67	30	60	65	39	53	72	56	31	41	65	58	48	39	57	57	80	53	51	48	74	53	47	42	49	44	70	77	68	30	60	77	67	32	51	55	75	58	45	78	56	45	44	51	63	73	30	60	61	65	47	80	68	30	58	0	42	42	66	43	34	30	32
53	44	70	75	49	76	53	55	59	46	43	43	65	55	34	74	59	58	65	42	36	74	47	57	62	64	38	43	49	76	35	43	55	46	61	38	31	68	41	56	41	40	51	70	74	41	54	56	31	43	39	75	52	43	43	59	51	71	67	41	70	73	52	35	42	31	46	33	32	76	45	78	49	37	73	47	55	44	48	66	67	53	43	47	79	58	35	78	68	72	51	44	42	0	70	49	61	58	36	64
55	66	55	63	55	45	56	67	52	76	53	69	67	76	73	68	42	69	78	62	42	53	49	63	53	49	53	64	64	32	44	39	49	39	32	67	48	55	36	41	43	50	52	65	69	56	55	59	50	68	66	65	42	63	34	57	59	79	67	45	36	64	70	77	51	80	52	73	60	39	33	72	42	61	50	65	67	77	54	63	75	33	70	34	72	74	62	72	73	74	62	37	42	70	0	31	63	31	65	35
32	69	68	80	55	60	63	78	63	30	70	52	51	36	50	39	80	49	58	68	33	55	35	31	50	64	75	32	30	37	59	72	60	56	39	67	72	80	30	50	37	39	68	79	34	43	59	44	79	33	33	37	33	37	52	71	67	63	44	59	41	52	58	41	31	44	62	64	46	71	60	68	69	71	47	45	43	31	44	77	32	60	52	65	50	33	39	77	46	51	70	71	66	49	31	0	43	70	77	77
72	44	63	53	54	75	69	51	79	73	45	73	61	42	77	36	66	34	47	57	80	43	60	65	32	60	31	67	50	78	68	31	67	50	78	61	73	55	47	64	68	56	60	46	77	64	38	48	64	39	50	43	34	73	72	32	35	34	61	68	35	50	32	76	54	68	47	78	76	38	45	71	46	71	60	78	39	53	65	34	46	64	79	38	49	76	33	70	60	53	52	50	43	61	63	43	0	56	62	71
59	45	38	37	46	59	63	50	30	30	68	68	30	58	64	41	76	74	64	54	76	33	32	37	70	78	61	57	77	48	64	40	56	34	60	43	45	74	57	43	33	49	36	69	72	58	35	78	47	78	71	68	47	42	73	75	56	52	32	79	32	52	74	49	51	63	31	72	71	47	38	47	44	37	45	58	42	56	76	58	41	70	58	36	63	55	73	59	72	73	63	46	34	58	31	70	56	0	76	76
44	31	68	50	73	36	31	69	53	39	37	73	66	73	58	42	49	51	41	30	34	77	71	46	34	60	63	34	70	31	53	50	61	63	35	65	67	72	55	70	49	73	31	43	38	71	75	70	72	47	48	31	75	75	45	64	34	62	52	80	38	59	60	51	59	67	73	38	70	52	49	72	60	32	40	31	74	49	78	42	80	45	46	33	71	57	61	49	58	58	41	71	30	36	65	77	62	76	0	77
61	41	32	51	60	50	53	56	44	72	40	30	32	41	49	76	78	40	49	76	59	54	37	32	44	31	42	42	56	42	30	74	56	32	38	52	64	54	79	50	79	39	52	62	66	68	38	33	75	38	68	30	56	44	43	68	65	52	41	61	33	54	54	33	53	47	32	72	73	51	39	32	57	34	59	67	51	59	58	50	46	41	79	74	31	55	80	44	71	31	44	74	32	64	35	77	71	76	77	0

Initial health value of each distributed equipment: 
(Where columns denote demand points: 1 to 100.)
294.84	279.13	250.32	186.25	298.69	273.06	239.89	413.40	213.07	214.56	397.80	485.76	271.18	223.17	205.62	178.80	301.02	272.67	174.33	178.80	192.21	269.69	422.50	254.20	153.47	238.64	275.65	169.86	469.95	398.72	217.77	177.31	291.20	257.58	280.13	272.67	268.20	211.58	429.68	274.16	423.90	304.64	240.73	235.42	332.20	368.38	290.70	447.75	287.57	274.16	306.60	266.71	374.85	295.68	381.33	217.54	212.28	282.00	306.72	302.75	213.36	274.85	390.72	286.08	229.84	245.68	227.97	216.48	289.06	385.70	262.24	184.76	334.80	325.44	386.88	465.13	180.29	256.28	284.59	286.08	340.08	297.60	302.77	465.50	364.24	221.40	231.25	340.20	178.80	163.90	153.47	278.63	271.18	346.62	266.71	289.06	262.24	241.38	290.00	295.12

Spare parts types of different demand points: 
(where columns denote demand points: 1 to 100.)
1	5	3	3	4	2	2	2	4	2	5	5	3	1	3	3	1	3	3	1	5	4	5	4	4	1	2	1	1	4	4	1	5	2	5	1	2	1	5	4	3	5	3	4	5	2	5	1	1	1	4	2	1	3	3	3	5	1	1	2	2	5	4	4	5	5	5	2	1	2	3	2	3	5	3	4	4	3	1	3	3	5	3	4	3	4	1	4	2	2	2	1	4	4	3	5	3	5	5	2

inventory management cost per unit time of different types of orders: 
(where columns denote types of orders: 1 to 5.)
2.8	1.1	2.9	1.5	1.2

Maintenance cost per unit time of different worker: 
(Where rows denote strategy: 1 to 4,and columns denote available worker of each strategy: 1 to 3.)
3.8	3.8	5	3.7
3.6	3.1	3.2	3.1
4.8	3	4.7	3.9

The weight of tardiness cost of different demand points: 
(where columns denote demand points: 1 to 100.)
4.2	5.1	4.9	4.8	4.2	5.4	5.1	4.1	4.2	3.9	4.5	4	5.3	5.3	5.7	3.2	3.4	5.8	5.8	3.7	4.2	3.4	3	4.7	4.2	5.8	4.3	4.4	4.4	3.5	3.3	4.3	3.5	4.8	3.1	3.5	4.8	3.8	3.6	4	4.2	4.6	3.4	4.7	3.7	3.9	3.3	5.3	4	4.1	3.3	5.4	5.4	3.5	5.2	3.7	3.1	3.1	5.7	3.9	4.3	5.8	3.8	5.3	3.6	3.6	4.7	3.6	4	3.7	4.5	4.8	5.5	5.6	4.6	5.9	4.4	4.1	5.9	5.9	5.5	3.9	5.9	4.9	4.2	5.4	3.3	5.4	4	5	3.7	3.3	5.1	5.5	5.9	5.9	3.2	4.2	3.1	3.8

The waste of old spare part per unit time of each distributed equipment: 
(where columns denote demand points: 1 to 100.)
7	6.8	6.2	5.9	6.7	6.1	7	6.9	7.4	6	7.9	5.8	6.5	7.9	6	5.1	5.4	5.2	5.4	6.7	6.6	6.9	7.5	5	7.8	6.9	6.2	5.8	7.9	6.2	5.3	5.3	7.3	5.8	6.7	6.9	7.1	7.5	5.7	5	5.3	5.3	7	7.5	5.7	6	6.3	5.8	5.9	6	7.7	5.4	5.1	6.3	7.4	5.4	6.4	6.2	8	5.1	6.3	6.1	5.1	5.4	7.7	5.7	5.7	7.9	7.9	6.7	5.6	7.7	6.4	6.4	5.5	7.5	7.5	6	6.5	7.5	6.2	6.2	6.9	5.7	7.8	6.9	6.9	7.3	6.1	6	7.2	6.3	8	7.8	5.6	5.7	5	6.6	5.8	7.3

shutdown cost per unit time of each distributed equipment: 
(where columns denote demand points: 1 to 100.)
20.4	20.9	21.3	23.1	23.7	22.8	24	21.4	21	24.7	24.3	21.4	22.6	24.7	23.4	22.6	23.7	21.8	22.5	22.1	23.5	24.5	21.7	23.2	24.8	21.8	21	22.5	22.7	22.6	24.2	20.3	22.8	21.1	21.5	21.1	23.7	21.8	20	23.8	24.2	21	21.6	23.3	20.9	24.2	21.5	20.2	22.7	22.1	22.1	24.3	23.4	23.5	24.2	24.5	23	21.7	24	20.6	22.5	21	21.8	22.9	20.2	22.4	24.9	22	20.8	23.1	21.6	24.8	24.9	23.7	22.4	24	23	21.7	21.9	21.6	21.4	20.5	20.3	23.1	24.7	23.7	23.2	23.2	20.4	24.7	22.6	23.6	22.7	22.9	22.6	23.7	24.2	22.8	22.4	21.2

Deterioration rate of each piece of equipment:
(Where columns denote distributed equipment: 1 to 100.)
1.08	1.03	1.68	1.25	1.19	1.23	1.61	1.59	1.43	1.44	1.8	1.92	1.82	1.29	1.38	1.2	1.73	1.83	1.17	1.2	1.29	1.81	1.69	1.55	1.03	1.52	1.85	1.14	1.95	1.78	1.19	1.19	1.12	1.59	1.09	1.83	1.8	1.42	1.64	1.84	1.57	1.36	1.33	1.58	1.51	1.63	1.9	1.99	1.93	1.84	1.4	1.79	1.53	1.68	1.71	1.46	1.16	1.2	1.44	1.75	1.27	1.15	1.48	1.92	1.36	1.48	1.53	1.23	1.94	1.45	1.76	1.24	1.86	1.44	1.56	1.93	1.21	1.72	1.91	1.92	1.56	1.2	1.37	1.75	1.57	1.23	1.25	1.4	1.2	1.1	1.03	1.87	1.82	1.59	1.79	1.94	1.76	1.62	1.16	1.19

The processing time of different types of spare parts: 
(Where rows denote machines: 1 to 5,and columns denote types: 1 to 5.)
16	15	27	28	24
18	21	25	17	12
28	11	24	14	15
15	13	23	26	28
12	10	17	21	19

The maintenance time of different workers: 
(Where rows denote strategy: 1 to 4,and columns denote available worker of each strategy: 1 to 3.)
35	34	32	31
48	44	36	49
34	45	34	30

Repair degree of different strategies: 
(Where rows denote strategy: 1 to 43.)
0.68	0.6	0.66	0.57

Quantity of spare parts of each type reserved in each warehouse: 
(where rows denote warehouses£º1 to 10,and columns denote types£º1 to 5.)
1	5
1	4
2	3	5
1	1	1
2	4
1	1
2	3	4	5
2	3	2	1
1	2	3	5
1	1	1	1

Initial due date of each order: 
(Where columns denote order: 1 to 100.)
273	271	149	149	251	222	149	260	149	149	221	253	149	173	149	149	174	149	149	149	149	149	250	164	149	157	149	149	241	224	183	149	260	162	257	149	149	149	262	149	270	224	181	149	220	226	153	225	149	149	219	149	245	176	223	149	183	235	213	173	168	239	264	149	169	166	149	176	149	266	149	149	180	226	248	241	149	149	149	149	218	248	221	266	232	180	185	243	149	149	149	149	149	218	149	149	149	149	250	248

Maintenance starting time window of each piece of equipment: 
(Where rows denote Lower and Upper bounds of Maintenance starting time window: 1 to 2,and columns denote distributed equipment: 1 to 100.)
191.1	189.7	104.3	104.3	175.7	155.4	104.3	182	104.3	104.3	154.7	177.1	104.3	121.1	104.3	104.3	121.8	104.3	104.3	104.3	104.3	104.3	175	114.8	104.3	109.9	104.3	104.3	168.7	156.8	128.1	104.3	182	113.4	179.9	104.3	104.3	104.3	183.4	104.3	189	156.8	126.7	104.3	154	158.2	107.1	157.5	104.3	104.3	153.3	104.3	171.5	123.2	156.1	104.3	128.1	164.5	149.1	121.1	117.6	167.3	184.8	104.3	118.3	116.2	104.3	123.2	104.3	186.2	104.3	104.3	126	158.2	173.6	168.7	104.3	104.3	104.3	104.3	152.6	173.6	154.7	186.2	162.4	126	129.5	170.1	104.3	104.3	104.3	104.3	104.3	152.6	104.3	104.3	104.3	104.3	175	173.6
245.7	243.9	134.1	134.1	225.9	199.8	134.1	234	134.1	134.1	198.9	227.7	134.1	155.7	134.1	134.1	156.6	134.1	134.1	134.1	134.1	134.1	225	147.6	134.1	141.3	134.1	134.1	216.9	201.6	164.7	134.1	234	145.8	231.3	134.1	134.1	134.1	235.8	134.1	243	201.6	162.9	134.1	198	203.4	137.7	202.5	134.1	134.1	197.1	134.1	220.5	158.4	200.7	134.1	164.7	211.5	191.7	155.7	151.2	215.1	237.6	134.1	152.1	149.4	134.1	158.4	134.1	239.4	134.1	134.1	162	203.4	223.2	216.9	134.1	134.1	134.1	134.1	196.2	223.2	198.9	239.4	208.8	162	166.5	218.7	134.1	134.1	134.1	134.1	134.1	196.2	134.1	134.1	134.1	134.1	225	223.2

