Number of orders: 
100

Number of factories\warehouses: 
3

Number of machines per factory: 
8

Number of types of spare parts: 
5

Number of maintenance strategies: 
4

Number of available workers per strategy: 
3

Transportation cost per unit time: 
3

Transprotation time between factories/warehouses and demand points: 
(Where rows denote factories: 1 to 3 ,and columns denote demand points: 1 to 100.)
76	58	142	101	101	44	100	32	51	31	117	32	88	51	135	94	73	40	117	54	34	132	83	110	142	84	112	47	75	70	37	147	139	50	82	61	75	52	69	117	97	149	36	81	89	47	111	34	148	71	30	98	98	34	60	40	91	63	91	143	58	53	58	55	126	96	125	99	89	72	110	92	42	63	91	45	92	115	88	32	71	144	69	66	46	44	34	112	121	37	132	33	129	85	30	88	133	126	142	96
31	143	70	57	73	146	105	75	54	133	134	119	69	143	58	38	34	97	74	78	127	62	133	147	107	128	71	134	136	83	116	32	138	75	117	79	89	135	81	86	145	106	103	57	46	141	66	129	104	45	57	57	86	149	108	41	118	61	100	36	124	137	33	132	42	74	60	142	73	130	48	111	67	44	49	32	54	92	38	65	41	53	44	128	72	111	47	34	85	36	111	43	88	56	93	88	105	73	31	149
78	145	113	135	115	90	43	86	83	88	136	121	85	92	96	58	110	77	46	99	113	52	49	51	48	147	56	97	48	105	77	125	140	43	65	57	109	73	102	130	31	138	115	76	132	128	97	143	142	71	61	115	52	39	38	52	42	35	114	116	127	100	88	140	34	138	127	97	138	112	117	51	141	49	85	103	76	134	145	60	142	32	106	88	123	94	57	69	134	112	50	64	111	48	30	136	116	73	49	76

Tranfer time of each worker between two different demand points: 
(Where rows and columns both denote demands points: 1 to 100.)
0	51	79	66	55	75	74	30	71	71	80	54	32	34	31	44	54	31	31	31	75	57	62	66	55	75	49	50	61	52	63	64	55	66	50	78	44	30	41	42	39	37	41	58	53	76	51	36	79	39	70	32	80	71	66	60	42	49	53	49	60	50	51	36	69	69	53	36	55	65	44	46	62	71	41	75	61	31	64	69	64	78	75	50	35	57	42	78	72	44	66	50	45	67	66	73	30	58	68	51
51	0	37	69	44	41	67	35	49	65	32	41	69	54	52	43	44	37	44	49	36	44	36	31	47	52	74	69	61	76	60	42	33	76	51	73	76	74	38	50	55	52	50	73	76	45	67	68	43	72	64	57	66	58	76	50	30	39	34	47	30	64	45	58	47	49	34	53	69	38	68	63	63	55	51	32	45	42	71	75	65	42	31	66	65	61	37	40	33	56	70	32	77	37	45	54	79	59	35	71
79	37	0	46	43	74	35	75	37	49	71	53	75	52	53	79	66	68	63	66	55	54	69	80	51	48	70	69	79	65	80	47	44	80	75	39	36	47	31	73	74	32	59	53	45	52	44	39	74	35	45	40	65	31	64	51	68	78	68	47	53	62	31	49	74	65	38	30	33	59	71	50	76	69	48	66	70	50	36	39	50	67	45	51	55	38	63	65	42	36	63	54	40	53	67	80	45	64	59	41
66	69	46	0	80	38	45	36	31	57	53	68	58	39	55	49	58	42	40	75	43	70	75	35	31	32	42	64	37	37	34	61	33	71	36	69	39	59	71	63	52	61	55	64	36	41	45	42	51	49	30	63	55	56	53	39	75	32	56	80	49	46	49	54	66	68	53	37	78	33	72	68	49	65	80	66	72	69	75	36	73	67	76	62	33	33	76	65	34	55	76	69	37	48	46	35	76	53	38	42
55	44	43	80	0	60	42	30	75	39	70	43	33	56	44	51	30	32	62	51	59	61	75	73	56	57	76	47	48	73	49	76	64	59	35	41	60	79	43	39	49	47	44	68	56	65	52	59	49	68	31	65	44	69	31	52	78	60	46	45	45	75	37	57	41	53	56	62	33	72	67	66	66	65	72	60	53	80	47	66	66	69	69	34	57	80	32	56	41	48	47	78	50	76	58	77	33	68	30	60
75	41	74	38	60	0	69	80	73	48	54	62	67	78	50	74	30	62	35	70	59	76	79	79	69	72	47	54	39	70	65	62	59	70	33	70	57	80	74	65	67	50	31	72	49	47	75	32	49	30	32	72	74	57	44	75	52	66	32	80	71	65	62	75	46	33	51	31	43	72	57	35	56	79	49	57	32	38	48	51	37	64	30	58	79	41	49	51	69	42	70	38	37	46	53	68	52	61	67	66
74	67	35	45	42	69	0	77	41	76	38	33	36	64	35	33	75	31	66	36	69	35	74	40	68	47	52	47	33	78	76	55	52	51	44	52	51	56	62	74	36	48	61	63	50	73	39	69	80	55	72	69	66	65	32	30	77	33	62	69	54	48	65	30	38	61	76	60	73	74	57	45	32	43	52	30	59	47	34	43	48	77	67	78	44	42	73	73	32	54	31	56	38	65	47	80	34	79	56	56
30	35	75	36	30	80	77	0	67	44	77	80	76	77	35	42	71	55	30	37	32	66	78	45	69	63	44	75	50	74	70	37	46	50	71	65	59	75	41	77	36	64	47	37	70	67	53	70	57	34	52	50	49	40	47	53	34	60	76	73	58	69	60	63	66	40	60	66	33	62	54	43	72	39	62	79	37	73	61	52	33	39	68	49	78	56	67	52	42	79	46	32	61	58	56	71	61	59	35	75
71	49	37	31	75	73	41	67	0	49	32	55	66	74	38	75	73	51	48	49	51	52	32	67	72	46	60	54	39	48	68	57	41	65	79	49	68	72	77	74	48	34	33	75	47	32	45	77	41	44	66	67	34	72	43	44	55	73	31	52	43	60	41	33	31	30	44	66	78	51	64	39	51	31	48	31	79	61	57	66	68	66	54	52	74	73	43	53	55	44	31	56	47	37	65	78	79	44	78	76
71	65	49	57	39	48	76	44	49	0	67	76	75	33	40	49	43	35	43	48	76	69	51	53	65	67	51	74	78	39	57	61	31	50	80	74	48	80	80	71	47	68	56	31	33	31	36	67	32	47	32	68	66	70	57	61	48	51	42	41	54	35	66	62	77	57	36	31	76	35	39	48	34	61	62	79	35	51	57	47	58	56	64	47	77	67	43	75	47	36	58	45	44	40	58	62	74	37	53	78
80	32	71	53	70	54	38	77	32	67	0	68	44	78	43	38	35	61	43	32	31	38	75	69	77	48	45	35	62	41	65	30	73	52	53	41	75	66	46	39	78	38	48	52	36	68	37	67	43	53	65	53	61	77	67	63	47	59	77	49	61	58	67	45	48	56	49	36	57	54	69	34	55	37	56	44	80	47	78	51	41	71	33	53	74	35	59	73	57	78	79	72	55	31	74	61	43	32	68	38
54	41	53	68	43	62	33	80	55	76	68	0	30	74	64	78	73	30	56	34	38	59	43	33	60	34	46	46	34	55	49	58	61	79	49	61	70	67	36	69	44	74	54	54	67	38	30	47	65	59	41	75	49	70	62	65	33	38	62	75	33	76	67	35	38	62	34	61	67	77	44	45	61	39	60	49	45	30	33	43	38	70	53	30	77	77	66	46	43	59	58	49	66	77	47	74	77	75	75	47
32	69	75	58	33	67	36	76	66	75	44	30	0	64	62	52	45	59	65	58	33	49	58	67	77	44	48	38	62	55	68	49	74	48	55	32	67	35	54	73	34	52	37	35	78	58	66	64	46	74	61	48	51	74	72	72	66	44	71	37	54	67	64	55	57	57	50	30	71	41	74	32	68	52	53	80	47	44	76	52	35	45	66	61	37	61	38	42	60	48	47	34	32	62	67	76	53	40	33	49
34	54	52	39	56	78	64	77	74	33	78	74	64	0	79	76	61	75	70	75	46	66	34	73	35	60	70	37	51	32	54	57	74	39	50	78	74	56	61	41	42	70	48	39	44	75	66	79	41	50	44	30	68	64	46	54	46	77	33	41	74	51	77	37	56	30	37	56	75	79	66	69	69	52	65	30	32	64	38	35	47	68	46	70	64	67	39	47	47	33	71	69	59	78	47	71	49	31	37	49
31	52	53	55	44	50	35	35	38	40	43	64	62	79	0	73	65	78	39	36	39	65	61	74	58	71	42	36	79	56	50	75	65	55	67	54	47	53	72	62	44	48	66	71	59	74	70	75	41	40	47	31	69	61	39	30	75	30	48	59	56	38	44	67	54	62	43	64	74	52	32	52	80	39	73	75	57	55	35	75	50	68	65	44	45	80	30	40	57	32	44	80	70	50	38	30	55	45	56	43
44	43	79	49	51	74	33	42	75	49	38	78	52	76	73	0	40	43	41	55	78	51	35	56	76	66	47	47	65	79	30	76	57	59	51	67	35	49	50	31	75	52	60	79	30	57	43	65	46	80	80	45	74	43	30	35	69	68	58	43	45	35	63	46	33	79	63	37	74	66	34	80	57	61	52	48	70	51	73	80	60	39	76	53	43	58	48	30	41	68	76	72	31	39	66	69	32	54	37	47
54	44	66	58	30	30	75	71	73	43	35	73	45	61	65	40	0	68	41	75	70	58	54	76	57	50	43	43	54	31	71	36	61	32	50	80	64	38	56	31	76	74	73	78	51	74	49	78	76	32	73	64	56	47	68	55	45	47	46	60	40	68	67	75	57	51	64	42	68	76	35	57	46	50	64	40	74	48	42	63	61	68	52	43	76	74	77	52	47	34	40	72	70	75	80	56	34	60	53	63
31	37	68	42	32	62	31	55	51	35	61	30	59	75	78	43	68	0	53	35	77	68	48	57	32	47	45	75	72	65	35	55	47	59	71	68	58	74	55	42	36	31	75	53	62	56	33	75	40	38	74	59	54	37	64	78	44	38	68	43	66	52	43	80	41	64	46	78	49	47	47	47	80	70	52	76	77	30	39	33	63	48	45	67	52	54	50	60	40	65	33	44	65	39	45	50	37	48	58	66
31	44	63	40	62	35	66	30	48	43	43	56	65	70	39	41	41	53	0	57	51	73	59	65	59	69	46	59	77	61	72	72	76	63	49	34	60	80	73	37	70	33	58	73	64	61	61	58	72	80	34	52	34	36	34	60	69	63	68	79	33	49	58	35	61	39	67	63	42	54	49	59	58	48	39	75	40	53	44	69	73	75	52	63	74	66	70	31	47	59	74	80	54	45	50	57	66	80	32	46
31	49	66	75	51	70	36	37	49	48	32	34	58	75	36	55	75	35	57	0	51	38	53	33	48	41	45	47	64	48	50	48	30	72	46	55	74	73	62	32	61	37	77	79	50	31	32	76	33	64	51	59	56	47	33	60	78	69	33	31	30	65	56	65	45	62	58	45	74	73	72	47	38	79	50	56	70	57	66	77	47	52	80	55	74	58	31	65	46	66	60	36	74	75	46	79	30	59	35	55
75	36	55	43	59	59	69	32	51	76	31	38	33	46	39	78	70	77	51	51	0	71	70	44	53	76	38	80	41	31	36	74	47	49	57	68	64	40	45	50	44	55	48	59	55	76	78	64	39	78	52	33	64	34	64	62	35	40	66	35	63	63	45	80	37	78	30	80	56	58	73	36	41	78	55	78	79	73	57	65	55	30	47	79	79	30	47	59	39	32	44	80	61	54	37	57	41	61	43	59
57	44	54	70	61	76	35	66	52	69	38	59	49	66	65	51	58	68	73	38	71	0	45	59	61	47	65	69	41	55	54	55	38	72	54	78	45	71	50	60	79	38	30	67	41	70	42	32	73	54	58	41	80	32	32	48	72	31	46	50	56	67	69	80	39	71	34	47	55	75	70	68	45	65	67	52	42	39	80	74	80	45	30	72	38	67	74	59	62	67	64	40	75	52	54	72	34	51	37	80
62	36	69	75	75	79	74	78	32	51	75	43	58	34	61	35	54	48	59	53	70	45	0	79	60	50	59	79	33	34	32	56	58	55	32	46	74	68	54	64	62	32	60	78	33	60	47	41	50	51	75	56	45	64	55	52	49	55	77	68	46	51	38	36	40	39	59	77	75	72	68	67	77	51	33	77	48	79	31	72	71	75	33	47	32	69	62	43	66	49	78	77	58	45	32	32	70	64	35	52
66	31	80	35	73	79	40	45	67	53	69	33	67	73	74	56	76	57	65	33	44	59	79	0	70	70	74	32	69	66	38	68	74	55	78	30	45	74	55	65	48	36	77	40	69	30	35	59	79	62	66	45	48	32	60	63	65	41	54	44	30	44	76	72	30	72	71	49	42	41	63	43	53	76	50	69	64	50	57	42	40	70	60	71	64	60	58	34	41	49	35	46	42	62	52	37	41	75	57	50
55	47	51	31	56	69	68	69	72	65	77	60	77	35	58	76	57	32	59	48	53	61	60	70	0	41	72	30	72	73	73	63	71	34	39	80	72	47	77	71	80	41	66	36	61	67	38	38	42	37	51	76	37	74	61	37	79	49	36	70	45	30	37	55	48	65	37	76	79	69	68	44	47	47	59	72	67	76	59	46	45	63	54	45	37	56	51	49	34	79	30	35	76	70	41	61	34	51	57	42
75	52	48	32	57	72	47	63	46	67	48	34	44	60	71	66	50	47	69	41	76	47	50	70	41	0	50	34	69	50	37	76	67	47	66	45	39	79	45	60	59	57	30	61	43	58	80	35	33	71	74	69	75	61	58	59	31	72	31	60	73	59	44	62	65	78	30	34	49	41	38	34	79	79	66	72	51	34	76	40	74	45	77	67	48	57	37	37	40	64	45	57	43	32	59	54	45	55	59	78
49	74	70	42	76	47	52	44	60	51	45	46	48	70	42	47	43	45	46	45	38	65	59	74	72	50	0	44	63	57	53	52	70	77	56	72	61	48	70	34	69	57	38	55	53	74	41	36	67	46	72	42	65	46	71	78	54	54	38	66	69	31	47	74	38	78	30	75	70	52	32	62	55	68	44	65	43	49	60	75	56	66	56	55	43	45	32	72	67	78	50	71	78	50	77	33	75	70	38	67
50	69	69	64	47	54	47	75	54	74	35	46	38	37	36	47	43	75	59	47	80	69	79	32	30	34	44	0	46	56	38	42	68	51	66	40	46	72	80	45	55	70	43	49	73	60	79	59	58	70	79	57	75	36	42	35	71	69	55	43	49	80	45	75	57	75	55	45	67	57	79	62	71	55	56	47	60	42	70	79	51	34	41	32	44	55	62	57	66	30	52	54	80	61	39	42	45	80	35	65
61	61	79	37	48	39	33	50	39	78	62	34	62	51	79	65	54	72	77	64	41	41	33	69	72	69	63	46	0	35	72	59	44	36	49	63	47	61	62	52	35	52	60	45	67	48	77	59	57	52	30	74	42	56	78	46	68	37	69	45	34	32	50	75	67	63	51	53	73	68	30	65	72	47	31	65	41	59	65	59	43	44	38	49	78	49	48	38	48	51	61	73	37	72	50	35	60	64	79	52
52	76	65	37	73	70	78	74	48	39	41	55	55	32	56	79	31	65	61	48	31	55	34	66	73	50	57	56	35	0	77	72	47	47	78	73	53	36	49	40	58	40	50	58	30	69	63	48	41	61	66	51	59	63	36	63	73	36	77	77	69	52	65	71	36	35	75	73	66	50	62	62	71	60	78	39	47	50	70	73	59	78	48	72	58	31	47	53	71	53	31	57	49	40	47	39	79	43	51	74
63	60	80	34	49	65	76	70	68	57	65	49	68	54	50	30	71	35	72	50	36	54	32	38	73	37	53	38	72	77	0	73	56	63	59	43	43	77	55	71	54	46	64	67	32	50	68	56	48	64	44	79	74	35	79	79	71	40	30	35	74	35	71	51	63	72	39	42	41	35	51	33	61	62	46	48	31	72	71	56	34	55	50	67	53	38	53	46	76	40	41	39	70	43	58	52	60	44	47	35
64	42	47	61	76	62	55	37	57	61	30	58	49	57	75	76	36	55	72	48	74	55	56	68	63	76	52	42	59	72	73	0	60	66	42	65	31	65	57	34	41	76	59	42	50	70	68	37	50	56	54	66	31	58	74	44	60	48	56	53	59	44	66	60	56	53	55	63	57	71	33	72	78	32	49	76	53	34	78	56	47	31	76	51	65	33	36	71	70	41	34	73	57	53	58	59	46	54	75	48
55	33	44	33	64	59	52	46	41	31	73	61	74	74	65	57	61	47	76	30	47	38	58	74	71	67	70	68	44	47	56	60	0	35	77	31	73	74	73	77	34	55	38	39	39	67	52	63	66	74	35	37	55	72	40	37	36	67	31	66	50	50	75	34	55	57	58	78	31	46	61	34	30	30	49	33	67	68	57	55	76	68	79	74	74	63	46	63	51	64	69	49	51	45	43	34	57	32	75	65
66	76	80	71	59	70	51	50	65	50	52	79	48	39	55	59	32	59	63	72	49	72	55	55	34	47	77	51	36	47	63	66	35	0	61	54	46	42	63	42	48	68	72	30	75	47	73	52	68	40	41	63	70	74	72	42	45	41	35	80	67	34	57	50	33	73	57	32	50	44	55	53	78	53	76	73	34	61	35	66	65	52	80	72	44	75	45	76	60	75	65	34	79	71	64	45	41	59	71	76
50	51	75	36	35	33	44	71	79	80	53	49	55	50	67	51	50	71	49	46	57	54	32	78	39	66	56	66	49	78	59	42	77	61	0	57	42	36	30	72	36	52	63	42	75	77	44	72	50	53	61	67	73	55	33	72	32	76	68	41	80	71	64	73	79	75	43	40	50	52	64	64	41	67	58	50	41	79	70	35	50	57	43	67	40	59	64	60	60	35	51	44	49	43	70	61	56	46	63	43
78	73	39	69	41	70	52	65	49	74	41	61	32	78	54	67	80	68	34	55	68	78	46	30	80	45	72	40	63	73	43	65	31	54	57	0	37	49	70	48	53	62	33	68	31	73	60	70	37	69	40	79	41	56	62	31	80	63	73	64	42	39	80	48	52	75	40	76	38	53	80	67	65	61	66	78	38	71	65	79	74	65	32	35	34	59	70	46	30	72	54	59	66	79	56	76	59	48	55	61
44	76	36	39	60	57	51	59	68	48	75	70	67	74	47	35	64	58	60	74	64	45	74	45	72	39	61	46	47	53	43	31	73	46	42	37	0	51	54	39	63	40	36	37	62	59	61	66	52	48	71	30	54	65	80	72	80	52	68	72	40	43	34	33	42	72	49	37	46	37	74	56	65	32	46	51	47	80	51	64	49	33	48	63	51	39	46	68	60	39	65	40	66	32	71	34	61	55	76	61
30	74	47	59	79	80	56	75	72	80	66	67	35	56	53	49	38	74	80	73	40	71	68	74	47	79	48	72	61	36	77	65	74	42	36	49	51	0	44	69	59	35	38	63	75	78	80	35	53	41	74	48	38	47	39	58	42	55	75	51	57	31	40	35	51	40	63	42	42	66	69	72	60	32	31	72	46	36	79	56	39	76	58	68	57	64	64	52	76	77	63	46	60	65	37	66	44	43	52	76
41	38	31	71	43	74	62	41	77	80	46	36	54	61	72	50	56	55	73	62	45	50	54	55	77	45	70	80	62	49	55	57	73	63	30	70	54	44	0	34	80	65	76	30	49	33	50	51	75	62	72	80	44	47	37	68	70	78	37	64	58	36	51	48	49	74	40	55	66	59	67	37	54	72	59	71	33	77	59	45	62	72	61	65	53	74	30	54	32	36	62	60	43	70	49	35	55	66	80	70
42	50	73	63	39	65	74	77	74	71	39	69	73	41	62	31	31	42	37	32	50	60	64	65	71	60	34	45	52	40	71	34	77	42	72	48	39	69	34	0	71	78	68	42	77	52	79	32	44	71	50	58	67	58	74	34	52	44	47	75	42	36	70	60	78	41	41	59	38	70	74	35	37	71	50	44	63	54	51	61	65	73	79	59	78	71	31	46	48	49	57	68	79	32	63	50	68	52	44	50
39	55	74	52	49	67	36	36	48	47	78	44	34	42	44	75	76	36	70	61	44	79	62	48	80	59	69	55	35	58	54	41	34	48	36	53	63	59	80	71	0	39	34	50	66	45	36	31	63	55	54	41	74	55	50	71	80	66	72	70	33	75	70	53	47	73	54	77	58	66	54	51	43	70	78	78	42	60	61	62	69	41	34	37	48	74	75	57	58	48	74	79	47	38	76	52	80	75	71	44
37	52	32	61	47	50	48	64	34	68	38	74	52	70	48	52	74	31	33	37	55	38	32	36	41	57	57	70	52	40	46	76	55	68	52	62	40	35	65	78	39	0	33	37	65	68	41	53	46	77	30	72	41	37	66	40	66	63	38	72	73	51	55	67	38	64	74	57	67	54	43	48	57	38	76	63	43	59	77	62	56	80	80	41	57	79	58	69	71	37	63	38	71	55	64	46	40	64	36	37
41	50	59	55	44	31	61	47	33	56	48	54	37	48	66	60	73	75	58	77	48	30	60	77	66	30	38	43	60	50	64	59	38	72	63	33	36	38	76	68	34	33	0	73	48	80	38	51	56	32	59	39	64	37	58	35	52	77	34	72	75	30	62	77	33	69	32	54	78	54	52	50	66	48	44	57	54	64	36	31	67	38	55	32	58	54	53	48	63	67	33	68	78	48	44	45	42	56	55	66
58	73	53	64	68	72	63	37	75	31	52	54	35	39	71	79	78	53	73	79	59	67	78	40	36	61	55	49	45	58	67	42	39	30	42	68	37	63	30	42	50	37	73	0	35	52	47	53	75	53	79	48	49	71	73	42	52	35	73	66	71	72	63	76	69	64	51	41	76	44	38	79	41	49	70	37	55	46	40	52	38	72	59	65	31	65	79	74	51	40	42	33	55	80	42	62	45	40	39	54
53	76	45	36	56	49	50	70	47	33	36	67	78	44	59	30	51	62	64	50	55	41	33	69	61	43	53	73	67	30	32	50	39	75	75	31	62	75	49	77	66	65	48	35	0	46	77	51	31	38	49	78	69	64	72	50	41	43	39	77	64	62	61	60	67	57	30	75	80	70	79	32	57	59	49	60	70	31	62	43	76	59	38	70	65	48	41	38	30	47	40	48	43	64	43	72	41	33	33	56
76	45	52	41	65	47	73	67	32	31	68	38	58	75	74	57	74	56	61	31	76	70	60	30	67	58	74	60	48	69	50	70	67	47	77	73	59	78	33	52	45	68	80	52	46	0	56	35	60	72	31	45	57	74	53	76	40	49	67	59	34	74	76	44	50	65	62	48	43	71	44	32	76	65	40	40	44	80	55	43	34	76	56	56	32	55	60	72	72	56	31	36	48	33	62	70	44	38	59	68
51	67	44	45	52	75	39	53	45	36	37	30	66	66	70	43	49	33	61	32	78	42	47	35	38	80	41	79	77	63	68	68	52	73	44	60	61	80	50	79	36	41	38	47	77	56	0	48	77	69	62	62	35	36	79	50	71	60	68	78	58	48	74	70	74	45	51	46	31	68	59	59	61	67	52	38	37	33	51	74	54	51	70	80	76	61	31	53	41	55	33	67	40	68	42	62	73	37	70	77
36	68	39	42	59	32	69	70	77	67	67	47	64	79	75	65	78	75	58	76	64	32	41	59	38	35	36	59	59	48	56	37	63	52	72	70	66	35	51	32	31	53	51	53	51	35	48	0	46	54	73	59	59	79	74	47	36	51	51	50	46	57	50	63	62	41	30	65	64	80	80	64	76	47	69	59	30	48	34	43	67	68	38	61	64	51	46	44	37	41	59	31	75	45	50	48	39	50	65	75
79	43	74	51	49	49	80	57	41	32	43	65	46	41	41	46	76	40	72	33	39	73	50	79	42	33	67	58	57	41	48	50	66	68	50	37	52	53	75	44	63	46	56	75	31	60	77	46	0	40	64	43	66	80	36	75	35	63	69	50	79	69	63	42	80	40	52	49	54	75	42	57	44	75	66	49	46	72	47	58	43	30	36	73	65	54	79	51	56	72	58	47	54	57	59	78	63	55	73	71
39	72	35	49	68	30	55	34	44	47	53	59	74	50	40	80	32	38	80	64	78	54	51	62	37	71	46	70	52	61	64	56	74	40	53	69	48	41	62	71	55	77	32	53	38	72	69	54	40	0	78	36	70	32	57	31	30	55	38	35	33	34	77	63	66	49	60	41	72	45	66	48	54	32	77	48	72	57	66	45	48	72	76	70	31	43	64	61	79	73	42	64	59	78	68	71	34	59	37	52
70	64	45	30	31	32	72	52	66	32	65	41	61	44	47	80	73	74	34	51	52	58	75	66	51	74	72	79	30	66	44	54	35	41	61	40	71	74	72	50	54	30	59	79	49	31	62	73	64	78	0	34	50	36	60	35	58	64	51	62	55	41	71	31	58	33	40	44	54	58	48	58	47	51	43	78	40	76	57	34	66	62	67	74	80	70	78	66	30	68	64	56	49	78	56	40	53	74	71	57
32	57	40	63	65	72	69	50	67	68	53	75	48	30	31	45	64	59	52	59	33	41	56	45	76	69	42	57	74	51	79	66	37	63	67	79	30	48	80	58	41	72	39	48	78	45	62	59	43	36	34	0	72	39	52	55	35	38	61	76	77	69	79	35	43	61	54	53	67	62	71	74	33	48	62	48	62	79	47	36	35	62	52	63	62	69	50	57	58	67	64	73	38	43	45	55	31	78	39	56
80	66	65	55	44	74	66	49	34	66	61	49	51	68	69	74	56	54	34	56	64	80	45	48	37	75	65	75	42	59	74	31	55	70	73	41	54	38	44	67	74	41	64	49	69	57	35	59	66	70	50	72	0	35	60	50	38	44	57	80	42	55	69	73	62	65	79	46	55	35	63	32	41	54	74	74	53	58	42	34	72	80	80	30	52	54	76	60	51	80	71	44	75	58	75	32	33	37	73	73
71	58	31	56	69	57	65	40	72	70	77	70	74	64	61	43	47	37	36	47	34	32	64	32	74	61	46	36	56	63	35	58	72	74	55	56	65	47	47	58	55	37	37	71	64	74	36	79	80	32	36	39	35	0	58	51	76	68	67	76	77	79	74	56	72	36	66	42	54	80	35	79	41	54	74	68	79	38	38	61	55	45	75	42	78	47	74	72	68	73	33	32	49	61	45	51	76	32	64	32
66	76	64	53	31	44	32	47	43	57	67	62	72	46	39	30	68	64	34	33	64	32	55	60	61	58	71	42	78	36	79	74	40	72	33	62	80	39	37	74	50	66	58	73	72	53	79	74	36	57	60	52	60	58	0	58	34	61	33	30	49	76	38	50	34	80	75	39	73	79	77	67	80	80	67	74	59	72	55	70	41	43	65	34	52	32	59	80	64	50	37	37	51	60	55	59	72	33	77	35
60	50	51	39	52	75	30	53	44	61	63	65	72	54	30	35	55	78	60	60	62	48	52	63	37	59	78	35	46	63	79	44	37	42	72	31	72	58	68	34	71	40	35	42	50	76	50	47	75	31	35	55	50	51	58	0	33	58	54	32	36	38	59	48	33	64	33	40	56	79	70	70	53	49	35	72	78	38	46	58	72	67	42	30	49	30	50	58	32	62	56	40	66	53	31	40	49	72	49	31
42	30	68	75	78	52	77	34	55	48	47	33	66	46	75	69	45	44	69	78	35	72	49	65	79	31	54	71	68	73	71	60	36	45	32	80	80	42	70	52	80	66	52	52	41	40	71	36	35	30	58	35	38	76	34	33	0	75	39	75	63	36	69	75	76	75	52	51	60	61	55	30	52	76	44	40	44	46	77	30	47	66	78	33	41	45	63	65	80	71	47	66	59	79	46	49	46	33	63	33
49	39	78	32	60	66	33	60	73	51	59	38	44	77	30	68	47	38	63	69	40	31	55	41	49	72	54	69	37	36	40	48	67	41	76	63	52	55	78	44	66	63	77	35	43	49	60	51	63	55	64	38	44	68	61	58	75	0	40	40	68	79	63	77	44	65	64	39	35	47	45	79	69	35	74	41	67	39	34	65	47	55	48	80	61	34	59	62	74	42	75	45	56	65	65	42	43	46	39	41
53	34	68	56	46	32	62	76	31	42	77	62	71	33	48	58	46	68	68	33	66	46	77	54	36	31	38	55	69	77	30	56	31	35	68	73	68	75	37	47	72	38	34	73	39	67	68	51	69	38	51	61	57	67	33	54	39	40	0	56	54	46	59	47	77	68	76	58	76	53	78	65	79	31	68	48	72	68	53	59	58	52	76	70	49	38	69	32	63	56	33	39	61	61	47	65	78	51	37	77
49	47	47	80	45	80	69	73	52	41	49	75	37	41	59	43	60	43	79	31	35	50	68	44	70	60	66	43	45	77	35	53	66	80	41	64	72	51	64	75	70	72	72	66	77	59	78	50	50	35	62	76	80	76	30	32	75	40	56	0	60	38	74	56	31	67	67	47	63	55	61	47	49	71	74	53	76	79	32	73	30	50	51	39	68	35	67	41	36	44	72	54	47	33	43	71	72	55	57	67
60	30	53	49	45	71	54	58	43	54	61	33	54	74	56	45	40	66	33	30	63	56	46	30	45	73	69	49	34	69	74	59	50	67	80	42	40	57	58	42	33	73	75	71	64	34	58	46	79	33	55	77	42	77	49	36	63	68	54	60	0	73	78	67	31	35	52	37	55	55	42	34	37	69	43	62	46	39	67	41	37	78	58	30	48	33	55	48	51	72	47	44	51	76	61	37	65	58	35	62
50	64	62	46	75	65	48	69	60	35	58	76	67	51	38	35	68	52	49	65	63	67	51	44	30	59	31	80	32	52	35	44	50	34	71	39	43	31	36	36	75	51	30	72	62	74	48	57	69	34	41	69	55	79	76	38	36	79	46	38	73	0	47	59	38	47	59	56	58	55	73	39	55	58	73	45	56	46	47	64	30	55	71	31	47	39	40	77	49	71	35	77	79	44	33	62	40	55	43	38
51	45	31	49	37	62	65	60	41	66	67	67	64	77	44	63	67	43	58	56	45	69	38	76	37	44	47	45	50	65	71	66	75	57	64	80	34	40	51	70	70	55	62	63	61	76	74	50	63	77	71	79	69	74	38	59	69	63	59	74	78	47	0	49	58	59	53	64	48	53	57	51	38	58	36	43	50	58	72	40	61	60	80	55	72	76	61	41	61	31	42	45	72	34	74	30	77	69	34	46
36	58	49	54	57	75	30	63	33	62	45	35	55	37	67	46	75	80	35	65	80	80	36	72	55	62	74	75	75	71	51	60	34	50	73	48	33	35	48	60	53	67	77	76	60	44	70	63	42	63	31	35	73	56	50	48	75	77	47	56	67	59	49	0	63	76	40	32	52	58	78	53	80	54	38	44	59	46	55	78	42	39	60	78	42	35	69	55	74	39	62	34	39	63	65	63	54	50	52	42
69	47	74	66	41	46	38	66	31	77	48	38	57	56	54	33	57	41	61	45	37	39	40	30	48	65	38	57	67	36	63	56	55	33	79	52	42	51	49	78	47	38	33	69	67	50	74	62	80	66	58	43	62	72	34	33	76	44	77	31	31	38	58	63	0	55	46	37	64	52	74	33	77	63	41	33	70	52	32	64	45	42	43	34	79	38	52	51	40	40	62	38	71	42	38	60	59	62	80	41
69	49	65	68	53	33	61	40	30	57	56	62	57	30	62	79	51	64	39	62	78	71	39	72	65	78	78	75	63	35	72	53	57	73	75	75	72	40	74	41	73	64	69	64	57	65	45	41	40	49	33	61	65	36	80	64	75	65	68	67	35	47	59	76	55	0	56	50	38	31	46	56	31	41	33	38	79	50	61	57	32	50	34	40	37	49	39	39	47	53	58	42	67	33	51	80	80	76	79	46
53	34	38	53	56	51	76	60	44	36	49	34	50	37	43	63	64	46	67	58	30	34	59	71	37	30	30	55	51	75	39	55	58	57	43	40	49	63	40	41	54	74	32	51	30	62	51	30	52	60	40	54	79	66	75	33	52	64	76	67	52	59	53	40	46	56	0	43	77	76	46	53	55	71	65	60	61	73	73	49	51	77	67	44	78	80	40	42	72	48	59	56	53	34	65	32	70	76	37	43
36	53	30	37	62	31	60	66	66	31	36	61	30	56	64	37	42	78	63	45	80	47	77	49	76	34	75	45	53	73	42	63	78	32	40	76	37	42	55	59	77	57	54	41	75	48	46	65	49	41	44	53	46	42	39	40	51	39	58	47	37	56	64	32	37	50	43	0	33	80	77	51	33	63	56	44	39	70	61	43	30	32	56	77	31	60	77	64	76	46	74	63	42	44	41	75	78	62	50	33
55	69	33	78	33	43	73	33	78	76	57	67	71	75	74	74	68	49	42	74	56	55	75	42	79	49	70	67	73	66	41	57	31	50	50	38	46	42	66	38	58	67	78	76	80	43	31	64	54	72	54	67	55	54	73	56	60	35	76	63	55	58	48	52	64	38	77	33	0	74	59	41	53	62	55	36	72	61	50	72	73	63	42	60	65	74	54	46	59	61	53	78	78	50	36	48	79	32	48	39
65	38	59	33	72	72	74	62	51	35	54	77	41	79	52	66	76	47	54	73	58	75	72	41	69	41	52	57	68	50	35	71	46	44	52	53	37	66	59	70	66	54	54	44	70	71	68	80	75	45	58	62	35	80	79	79	61	47	53	55	55	55	53	58	52	31	76	80	74	0	70	37	68	78	70	40	45	57	76	74	58	58	58	37	57	78	41	57	43	70	71	37	60	41	66	55	52	74	53	38
44	68	71	72	67	57	57	54	64	39	69	44	74	66	32	34	35	47	49	72	73	70	68	63	68	38	32	79	30	62	51	33	61	55	64	80	74	69	67	74	54	43	52	38	79	44	59	80	42	66	48	71	63	35	77	70	55	45	78	61	42	73	57	78	74	46	46	77	59	70	0	58	57	69	36	78	57	33	46	78	79	69	38	49	38	44	71	68	34	42	34	59	74	33	33	32	53	33	42	33
46	63	50	68	66	35	45	43	39	48	34	45	32	69	52	80	57	47	59	47	36	68	67	43	44	34	62	62	65	62	33	72	34	53	64	67	56	72	37	35	51	48	50	79	32	32	59	64	57	48	58	74	32	79	67	70	30	79	65	47	34	39	51	53	33	56	53	51	41	37	58	0	45	74	65	72	64	40	42	40	51	63	36	66	79	36	46	48	75	38	71	79	35	61	54	80	44	44	54	62
62	63	76	49	66	56	32	72	51	34	55	61	68	69	80	57	46	80	58	38	41	45	77	53	47	79	55	71	72	71	61	78	30	78	41	65	65	60	54	37	43	57	66	41	57	76	61	76	44	54	47	33	41	41	80	53	52	69	79	49	37	55	38	80	77	31	55	33	53	68	57	45	0	80	49	37	72	40	36	34	54	43	42	50	31	59	75	65	45	77	46	69	46	73	73	34	52	70	79	61
71	55	69	65	65	79	43	39	31	61	37	39	52	52	39	61	50	70	48	79	78	65	51	76	47	79	68	55	47	60	62	32	30	53	67	61	32	32	72	71	70	38	48	49	59	65	67	47	75	32	51	48	54	54	80	49	76	35	31	71	69	58	58	54	63	41	71	63	62	78	69	74	80	0	40	76	68	54	67	71	32	79	66	79	47	61	56	30	38	47	48	63	75	74	32	43	39	50	38	66
41	51	48	80	72	49	52	62	48	62	56	60	53	65	73	52	64	52	39	50	55	67	33	50	59	66	44	56	31	78	46	49	49	76	58	66	46	31	59	50	78	76	44	70	49	40	52	69	66	77	43	62	74	74	67	35	44	74	68	74	43	73	36	38	41	33	65	56	55	70	36	65	49	40	0	45	58	76	30	77	40	71	39	30	74	33	46	55	79	52	30	39	48	74	72	45	75	80	47	30
75	32	66	66	60	57	30	79	31	79	44	49	80	30	75	48	40	76	75	56	78	52	77	69	72	72	65	47	65	39	48	76	33	73	50	78	51	72	71	44	78	63	57	37	60	40	38	59	49	48	78	48	74	68	74	72	40	41	48	53	62	45	43	44	33	38	60	44	36	40	78	72	37	76	45	0	32	40	39	44	68	31	41	76	34	43	39	58	55	75	55	74	44	78	69	42	72	79	75	66
61	45	70	72	53	32	59	37	79	35	80	45	47	32	57	70	74	77	40	70	79	42	48	64	67	51	43	60	41	47	31	53	67	34	41	38	47	46	33	63	42	43	54	55	70	44	37	30	46	72	40	62	53	79	59	78	44	67	72	76	46	56	50	59	70	79	61	39	72	45	57	64	72	68	58	32	0	37	63	40	80	60	40	76	50	53	77	56	52	32	67	51	51	45	54	58	37	60	70	74
31	42	50	69	80	38	47	73	61	51	47	30	44	64	55	51	48	30	53	57	73	39	79	50	76	34	49	42	59	50	72	34	68	61	79	71	80	36	77	54	60	59	64	46	31	80	33	48	72	57	76	79	58	38	72	38	46	39	68	79	39	46	58	46	52	50	73	70	61	57	33	40	40	54	76	40	37	0	66	57	61	43	62	65	78	54	79	61	33	61	76	43	49	78	34	41	65	31	53	63
64	71	36	75	47	48	34	61	57	57	78	33	76	38	35	73	42	39	44	66	57	80	31	57	59	76	60	70	65	70	71	78	57	35	70	65	51	79	59	51	61	77	36	40	62	55	51	34	47	66	57	47	42	38	55	46	77	34	53	32	67	47	72	55	32	61	73	61	50	76	46	42	36	67	30	39	63	66	0	50	42	57	72	43	58	33	58	33	54	72	80	74	55	37	79	73	74	77	33	63
69	75	39	36	66	51	43	52	66	47	51	43	52	35	75	80	63	33	69	77	65	74	72	42	46	40	75	79	59	73	56	56	55	66	35	79	64	56	45	61	62	62	31	52	43	43	74	43	58	45	34	36	34	61	70	58	30	65	59	73	41	64	40	78	64	57	49	43	72	74	78	40	34	71	77	44	40	57	50	0	31	43	56	73	31	45	49	69	47	77	38	33	36	53	65	49	31	58	44	35
64	65	50	73	66	37	48	33	68	58	41	38	35	47	50	60	61	63	73	47	55	80	71	40	45	74	56	51	43	59	34	47	76	65	50	74	49	39	62	65	69	56	67	38	76	34	54	67	43	48	66	35	72	55	41	72	47	47	58	30	37	30	61	42	45	32	51	30	73	58	79	51	54	32	40	68	80	61	42	31	0	49	65	37	49	66	34	47	59	56	40	32	44	51	44	38	37	76	71	75
78	42	67	67	69	64	77	39	66	56	71	70	45	68	68	39	68	48	75	52	30	45	75	70	63	45	66	34	44	78	55	31	68	52	57	65	33	76	72	73	41	80	38	72	59	76	51	68	30	72	62	62	80	45	43	67	66	55	52	50	78	55	60	39	42	50	77	32	63	58	69	63	43	79	71	31	60	43	57	43	49	0	40	34	72	33	53	31	47	58	51	61	54	73	45	66	34	56	30	73
75	31	45	76	69	30	67	68	54	64	33	53	66	46	65	76	52	45	52	80	47	30	33	60	54	77	56	41	38	48	50	76	79	80	43	32	48	58	61	79	34	80	55	59	38	56	70	38	36	76	67	52	80	75	65	42	78	48	76	51	58	71	80	60	43	34	67	56	42	58	38	36	42	66	39	41	40	62	72	56	65	40	0	65	58	49	51	64	65	74	54	36	61	58	46	76	69	33	60	43
50	66	51	62	34	58	78	49	52	47	53	30	61	70	44	53	43	67	63	55	79	72	47	71	45	67	55	32	49	72	67	51	74	72	67	35	63	68	65	59	37	41	32	65	70	56	80	61	73	70	74	63	30	42	34	30	33	80	70	39	30	31	55	78	34	40	44	77	60	37	49	66	50	79	30	76	76	65	43	73	37	34	65	0	44	49	39	80	63	72	56	67	53	47	55	70	65	34	64	30
35	65	55	33	57	79	44	78	74	77	74	77	37	64	45	43	76	52	74	74	79	38	32	64	37	48	43	44	78	58	53	65	74	44	40	34	51	57	53	78	48	57	58	31	65	32	76	64	65	31	80	62	52	78	52	49	41	61	49	68	48	47	72	42	79	37	78	31	65	57	38	79	31	47	74	34	50	78	58	31	49	72	58	44	0	62	63	49	71	45	69	32	68	68	72	76	35	70	60	58
57	61	38	33	80	41	42	56	73	67	35	77	61	67	80	58	74	54	66	58	30	67	69	60	56	57	45	55	49	31	38	33	63	75	59	59	39	64	74	71	74	79	54	65	48	55	61	51	54	43	70	69	54	47	32	30	45	34	38	35	33	39	76	35	38	49	80	60	74	78	44	36	59	61	33	43	53	54	33	45	66	33	49	49	62	0	53	71	65	78	40	55	75	71	75	55	58	62	63	71
42	37	63	76	32	49	73	67	43	43	59	66	38	39	30	48	77	50	70	31	47	74	62	58	51	37	32	62	48	47	53	36	46	45	64	70	46	64	30	31	75	58	53	79	41	60	31	46	79	64	78	50	76	74	59	50	63	59	69	67	55	40	61	69	52	39	40	77	54	41	71	46	75	56	46	39	77	79	58	49	34	53	51	39	63	53	0	44	66	36	44	78	78	49	54	30	68	66	61	73
78	40	65	65	56	51	73	52	53	75	73	46	42	47	40	30	52	60	31	65	59	59	43	34	49	37	72	57	38	53	46	71	63	76	60	46	68	52	54	46	57	69	48	74	38	72	53	44	51	61	66	57	60	72	80	58	65	62	32	41	48	77	41	55	51	39	42	64	46	57	68	48	65	30	55	58	56	61	33	69	47	31	64	80	49	71	44	0	39	62	44	47	56	45	32	69	73	61	80	39
72	33	42	34	41	69	32	42	55	47	57	43	60	47	57	41	47	40	47	46	39	62	66	41	34	40	67	66	48	71	76	70	51	60	60	30	60	76	32	48	58	71	63	51	30	72	41	37	56	79	30	58	51	68	64	32	80	74	63	36	51	49	61	74	40	47	72	76	59	43	34	75	45	38	79	55	52	33	54	47	59	47	65	63	71	65	66	39	0	48	72	62	37	37	64	68	43	63	77	49
44	56	36	55	48	42	54	79	44	36	78	59	48	33	32	68	34	65	59	66	32	67	49	49	79	64	78	30	51	53	40	41	64	75	35	72	39	77	36	49	48	37	67	40	47	56	55	41	72	73	68	67	80	73	50	62	71	42	56	44	72	71	31	39	40	53	48	46	61	70	42	38	77	47	52	75	32	61	72	77	56	58	74	72	45	78	36	62	48	0	43	65	56	55	47	51	63	60	62	79
66	70	63	76	47	70	31	46	31	58	79	58	47	71	44	76	40	33	74	60	44	64	78	35	30	45	50	52	61	31	41	34	69	65	51	54	65	63	62	57	74	63	33	42	40	31	33	59	58	42	64	64	71	33	37	56	47	75	33	72	47	35	42	62	62	58	59	74	53	71	34	71	46	48	30	55	67	76	80	38	40	51	54	56	69	40	44	44	72	43	0	60	46	31	34	70	41	77	54	32
50	32	54	69	78	38	56	32	56	45	72	49	34	69	80	72	72	44	80	36	80	40	77	46	35	57	71	54	73	57	39	73	49	34	44	59	40	46	60	68	79	38	68	33	48	36	67	31	47	64	56	73	44	32	37	40	66	45	39	54	44	77	45	34	38	42	56	63	78	37	59	79	69	63	39	74	51	43	74	33	32	61	36	67	32	55	78	47	62	65	60	0	32	59	70	33	46	65	42	71
45	77	40	37	50	37	38	61	47	44	55	66	32	59	70	31	70	65	54	74	61	75	58	42	76	43	78	80	37	49	70	57	51	79	49	66	66	60	43	79	47	71	78	55	43	48	40	75	54	59	49	38	75	49	51	66	59	56	61	47	51	79	72	39	71	67	53	42	78	60	74	35	46	75	48	44	51	49	55	36	44	54	61	53	68	75	78	56	37	56	46	32	0	31	65	56	31	67	62	52
67	37	53	48	76	46	65	58	37	40	31	77	62	78	50	39	75	39	45	75	54	52	45	62	70	32	50	61	72	40	43	53	45	71	43	79	32	65	70	32	38	55	48	80	64	33	68	45	57	78	78	43	58	61	60	53	79	65	61	33	76	44	34	63	42	33	34	44	50	41	33	61	73	74	74	78	45	78	37	53	51	73	58	47	68	71	49	45	37	55	31	59	31	0	41	73	60	51	34	72
66	45	67	46	58	53	47	56	65	58	74	47	67	47	38	66	80	45	50	46	37	54	32	52	41	59	77	39	50	47	58	58	43	64	70	56	71	37	49	63	76	64	44	42	43	62	42	50	59	68	56	45	75	45	55	31	46	65	47	43	61	33	74	65	38	51	65	41	36	66	33	54	73	32	72	69	54	34	79	65	44	45	46	55	72	75	54	32	64	47	34	70	65	41	0	52	60	35	34	70
73	54	80	35	77	68	80	71	78	62	61	74	76	71	30	69	56	50	57	79	57	72	32	37	61	54	33	42	35	39	52	59	34	45	61	76	34	66	35	50	52	46	45	62	72	70	62	48	78	71	40	55	32	51	59	40	49	42	65	71	37	62	30	63	60	80	32	75	48	55	32	80	34	43	45	42	58	41	73	49	38	66	76	70	76	55	30	69	68	51	70	33	56	73	52	0	70	53	56	54
30	79	45	76	33	52	34	61	79	74	43	77	53	49	55	32	34	37	66	30	41	34	70	41	34	45	75	45	60	79	60	46	57	41	56	59	61	44	55	68	80	40	42	45	41	44	73	39	63	34	53	31	33	76	72	49	46	43	78	72	65	40	77	54	59	80	70	78	79	52	53	44	52	39	75	72	37	65	74	31	37	34	69	65	35	58	68	73	43	63	41	46	31	60	60	70	0	38	47	45
58	59	64	53	68	61	79	59	44	37	32	75	40	31	45	54	60	48	80	59	61	51	64	75	51	55	70	80	64	43	44	54	32	59	46	48	55	43	66	52	75	64	56	40	33	38	37	50	55	59	74	78	37	32	33	72	33	46	51	55	58	55	69	50	62	76	76	62	32	74	33	44	70	50	80	79	60	31	77	58	76	56	33	34	70	62	66	61	63	60	77	65	67	51	35	53	38	0	42	48
68	35	59	38	30	67	56	35	78	53	68	75	33	37	56	37	53	58	32	35	43	37	35	57	57	59	38	35	79	51	47	75	75	71	63	55	76	52	80	44	71	36	55	39	33	59	70	65	73	37	71	39	73	64	77	49	63	39	37	57	35	43	34	52	80	79	37	50	48	53	42	54	79	38	47	75	70	53	33	44	71	30	60	64	60	63	61	80	77	62	54	42	62	34	34	56	47	42	0	49
51	71	41	42	60	66	56	75	76	78	38	47	49	49	43	47	63	66	46	55	59	80	52	50	42	78	67	65	52	74	35	48	65	76	43	61	61	76	70	50	44	37	66	54	56	68	77	75	71	52	57	56	73	32	35	31	33	41	77	67	62	38	46	42	41	46	43	33	39	38	33	62	61	66	30	66	74	63	63	35	75	73	43	30	58	71	73	39	49	79	32	71	52	72	70	54	45	48	49	0

Initial health value of each distributed equipment: 
(Where columns denote demand points: 1 to 100.)
835.20	782.46	292.32	468.18	499.12	635.85	550.08	370.92	428.27	292.02	618.52	235.52	475.73	792.54	691.74	177.31	149.00	610.45	758.18	287.57	324.72	329.30	368.63	331.20	510.00	234.00	412.02	248.16	166.88	685.08	734.86	562.96	232.65	308.14	345.28	669.71	818.90	220.32	887.25	536.40	490.86	504.35	421.04	297.18	555.12	360.00	413.74	458.47	594.44	741.04	482.56	302.76	647.19	628.46	363.12	710.12	821.70	172.84	552.05	360.72	413.13	177.31	383.16	216.05	349.68	875.42	420.08	250.32	240.62	323.84	243.04	236.22	197.95	516.14	162.00	563.20	234.84	456.30	703.72	801.81	198.00	507.60	619.18	756.00	330.33	206.00	323.76	548.68	466.32	716.25	257.77	235.42	391.60	858.48	658.93	561.44	269.69	589.41	217.54	603.23

Spare parts types of different demand points: 
(where columns denote demand points: 1 to 100.)
5	4	3	1	3	2	3	1	1	3	4	2	3	3	2	1	2	4	3	5	1	5	3	5	2	2	3	2	5	4	5	4	1	5	3	2	2	2	1	4	4	1	1	4	5	4	3	4	5	4	5	1	1	1	2	1	2	4	5	2	2	4	1	3	2	2	5	5	2	1	5	1	4	5	3	5	3	5	1	3	3	5	2	2	2	4	2	1	1	3	3	4	3	4	3	4	5	2	4	4

inventory management cost per unit time of different types of orders: 
(where columns denote types of orders: 1 to 5.)
2.4	1.1	1.3	1.1	2.2

Maintenance cost per unit time of different worker: 
(Where rows denote strategy: 1 to 4,and columns denote available worker of each strategy: 1 to 3.)
3.5	3.8	3.3	3.3
3	4.6	4.2	4.2
3.9	4.6	3.8	4

The weight of tardiness cost of different demand points: 
(where columns denote demand points: 1 to 100.)
3	5.5	5.9	5.4	5.6	5.7	4.9	6	6	5.2	4.4	3	5	3.5	4	6	4.4	3.8	6	3.5	3.4	5.8	5.8	5.4	5.7	6	3.8	5.4	5.2	5.5	4.6	5	3	4.7	3.5	4.5	4.5	3.4	6	3.7	4.3	3.4	3.7	4.2	4.9	6	4.5	6	5.3	4.3	5.4	4.7	4.3	4.3	4.2	3.7	5.9	4.7	4.3	3.3	3.9	3.8	3.1	4.4	3.2	4	4	4.3	3.5	5.3	4.3	4.4	3.9	3.2	3.3	3.1	5	4.2	5.1	3.3	5.6	4.5	3.6	5.1	4	5.2	3.2	3.6	4	5.8	4.2	5	4.1	5.1	4.9	5.6	3.1	5.1	5.8	3.7

The waste of old spare part per unit time of each distributed equipment: 
(where columns denote demand points: 1 to 100.)
5.2	7.8	6.9	7.1	5.3	5.3	5.4	6.4	8	5.6	5.2	7.3	6.9	7.1	7.7	7.1	7.9	5.4	7.6	5.4	7.9	5.1	5.3	8	7.7	6.1	6.5	5.9	5.7	7.1	6.9	6.2	7.3	7.7	7.8	6.1	7.1	7.3	6.6	5.1	6.2	6.7	7.6	5.4	6.8	7.1	5.1	8	7.7	5.1	5.4	7.2	6	7.3	7.8	5.4	5.3	6.1	6	5.1	5.7	7.9	6	7.8	5.7	6.8	7.3	5.4	6.9	7.4	7.7	5.5	6.3	5.8	6.4	7.4	7.2	5.5	5	6	6.4	5	7.5	5.5	6.9	6.4	6	5.5	7.9	6.1	7.7	6.8	5.3	5.5	7.2	5.5	6.8	5.6	6.9	7.6

shutdown cost per unit time of each distributed equipment: 
(where columns denote demand points: 1 to 100.)
22.4	24.3	24.6	24.1	21.1	21.9	21.8	23.4	22	20.3	22	22.9	23.6	23.8	21.2	21.8	20.4	22	23.9	23.1	23.7	22.4	22.8	23.8	23.9	21	22.5	24.9	20	21.8	23.4	24.4	21.9	20.2	21.4	23.6	21.3	20.6	24.1	21.4	21.6	23.9	24.2	22.3	21.4	22	21	20.2	21.8	21.1	25	23.3	24.5	22	21.5	23.6	21.8	22.8	21.1	23.4	20	24.5	23.4	22.3	21.4	21.1	21.8	24.6	21.5	22.6	24.2	22.7	20.2	24.2	22.3	21.1	24.8	24.4	22.1	21.4	24.5	20.1	21.2	24.1	20.1	20.2	21.4	22.4	20.2	24.5	23.5	23.2	24.4	23.9	22.6	22.1	24.2	22	23.2	20.6

Deterioration rate of each piece of equipment:
(Where columns denote distributed equipment: 1 to 100.)
1.6	1.62	1.26	1.02	1.36	1.35	1.91	1.32	1.13	1.86	1.88	1.28	1.13	1.53	1.83	1.19	1	1.45	1.67	1.93	1.64	1.85	1.91	1.6	1.5	1.17	1.26	1.32	1.12	1.32	1.81	1.24	1.41	1.42	1.66	1.93	1.9	1.02	1.75	1.49	1.01	1.31	1.52	1.17	1.08	2	1.51	1.27	1.54	1.57	1.16	1.16	1.41	1.34	1.36	1.64	1.66	1.16	1.81	1.08	1.41	1.19	1.86	1.45	1.41	1.82	1.18	1.68	1.06	1.28	1.24	1.27	1.07	1.97	1.08	1.6	1.14	1.95	1.46	1.77	1	1.8	1.66	1.44	1.21	1.03	1.52	1.16	1.34	1.91	1.73	1.58	1.78	1.96	1.31	1.16	1.81	1.77	1.46	1.79

The processing time of different types of spare parts: 
(Where rows denote machines: 1 to 8,and columns denote types: 1 to 5.)
14	12	29	19	29
24	12	14	28	10
15	26	24	11	23
14	24	10	28	21
19	13	21	26	19
29	27	25	27	12
27	11	14	17	28
11	24	21	11	10

The maintenance time of different workers: 
(Where rows denote strategy: 1 to 4,and columns denote available worker of each strategy: 1 to 3.)
39	49	42	42
45	43	33	31
35	46	39	38

Repair degree of different strategies: 
(Where rows denote strategy: 1 to 43.)
0.63	0.65	0.53	0.65

Quantity of spare parts of each type reserved in each warehouse: 
(where rows denote warehouses£º1 to 6,and columns denote types£º1 to 5.)
1	2	3	5
2	1	2	5
1	2	3
1	3	2
1	2	3
2	2	1

Initial due date of each order: 
(Where columns denote order: 1 to 100.)
522	483	232	459	367	471	288	281	379	157	329	184	421	518	378	149	149	421	454	149	198	178	193	207	340	200	327	188	149	519	406	454	165	217	208	347	431	216	507	360	486	385	277	254	514	180	274	361	386	472	416	261	459	469	267	433	495	149	305	334	293	149	206	149	248	481	356	149	227	253	196	186	185	262	150	352	206	234	482	453	198	282	373	525	273	200	213	473	348	375	149	149	220	438	503	484	149	333	149	337

Maintenance starting time window of each piece of equipment: 
(Where rows denote Lower and Upper bounds of Maintenance starting time window: 1 to 2,and columns denote distributed equipment: 1 to 100.)
365.4	338.1	162.4	321.3	256.9	329.7	201.6	196.7	265.3	109.9	230.3	128.8	294.7	362.6	264.6	104.3	104.3	294.7	317.8	104.3	138.6	124.6	135.1	144.9	238	140	228.9	131.6	104.3	363.3	284.2	317.8	115.5	151.9	145.6	242.9	301.7	151.2	354.9	252	340.2	269.5	193.9	177.8	359.8	126	191.8	252.7	270.2	330.4	291.2	182.7	321.3	328.3	186.9	303.1	346.5	104.3	213.5	233.8	205.1	104.3	144.2	104.3	173.6	336.7	249.2	104.3	158.9	177.1	137.2	130.2	129.5	183.4	105	246.4	144.2	163.8	337.4	317.1	138.6	197.4	261.1	367.5	191.1	140	149.1	331.1	243.6	262.5	104.3	104.3	154	306.6	352.1	338.8	104.3	233.1	104.3	235.9
469.8	434.7	208.8	413.1	330.3	423.9	259.2	252.9	341.1	141.3	296.1	165.6	378.9	466.2	340.2	134.1	134.1	378.9	408.6	134.1	178.2	160.2	173.7	186.3	306	180	294.3	169.2	134.1	467.1	365.4	408.6	148.5	195.3	187.2	312.3	387.9	194.4	456.3	324	437.4	346.5	249.3	228.6	462.6	162	246.6	324.9	347.4	424.8	374.4	234.9	413.1	422.1	240.3	389.7	445.5	134.1	274.5	300.6	263.7	134.1	185.4	134.1	223.2	432.9	320.4	134.1	204.3	227.7	176.4	167.4	166.5	235.8	135	316.8	185.4	210.6	433.8	407.7	178.2	253.8	335.7	472.5	245.7	180	191.7	425.7	313.2	337.5	134.1	134.1	198	394.2	452.7	435.6	134.1	299.7	134.1	303.3

