Number of orders: 
100

Number of factories\warehouses: 
5

Number of machines per factory: 
8

Number of types of spare parts: 
15

Number of maintenance strategies: 
4

Number of available workers per strategy: 
4

Transportation cost per unit time: 
3

Transprotation time between factories/warehouses and demand points: 
(Where rows denote factories: 1 to 5 ,and columns denote demand points: 1 to 100.)
93	117	141	86	84	132	134	32	57	38	136	31	43	111	136	49	75	128	127	119	109	57	105	49	73	138	66	30	33	133	41	89	62	126	130	128	138	102	51	62	65	42	63	146	149	81	110	58	121	73	79	63	123	44	120	92	56	34	61	50	58	130	109	61	110	58	137	67	132	44	37	77	84	85	47	64	60	84	148	111	149	142	82	63	119	102	71	105	133	112	32	37	49	32	54	48	146	133	118	77
66	147	101	124	106	65	99	53	37	126	82	118	132	103	104	101	55	77	125	97	121	123	39	128	78	72	110	112	116	143	145	36	138	140	92	98	119	85	93	75	108	41	113	88	33	82	118	37	56	59	146	49	74	107	149	30	44	59	134	53	120	122	94	106	123	95	131	30	128	127	79	126	117	78	67	68	100	86	35	124	110	104	79	146	119	43	104	42	71	84	104	92	131	56	141	112	50	128	115	79
135	59	99	139	115	129	124	64	80	54	42	76	140	97	107	50	142	98	97	124	99	95	140	94	63	71	115	131	39	149	73	50	115	84	103	47	50	75	54	44	140	99	48	75	79	51	52	79	111	114	82	105	60	124	143	119	96	73	70	104	76	127	130	128	73	56	75	38	67	54	60	113	70	92	36	106	75	74	49	149	62	136	49	147	97	148	41	109	39	134	126	32	56	104	47	73	105	46	142	75
94	84	137	85	57	77	77	113	77	136	36	95	141	52	139	101	146	88	38	147	135	85	72	141	123	43	49	63	76	112	56	75	72	123	34	83	113	83	94	32	110	136	84	52	45	114	61	36	88	51	93	137	63	97	92	32	77	120	76	119	69	42	83	112	62	59	137	140	105	112	61	82	136	115	98	77	94	132	149	41	88	117	109	126	38	53	48	76	77	52	92	144	148	133	41	49	129	122	137	134
139	38	129	63	131	56	59	97	42	84	102	103	121	66	127	143	52	56	107	102	134	61	113	65	119	132	135	77	46	75	118	140	80	82	126	106	114	135	64	99	56	99	35	131	32	35	78	133	89	75	40	58	90	138	57	117	72	31	106	41	77	32	88	89	46	71	96	143	102	43	101	99	149	117	90	104	126	78	108	119	42	94	139	95	59	118	79	56	135	37	126	70	100	68	109	85	36	147	100	139

Tranfer time of each worker between two different demand points: 
(Where rows and columns both denote demands points: 1 to 100.)
0	40	58	72	57	35	39	52	50	79	61	69	67	54	72	59	51	49	32	72	54	46	66	48	41	79	80	39	73	61	45	51	40	68	70	39	59	48	56	51	43	75	45	31	50	66	33	79	80	80	60	46	64	64	69	74	51	68	35	79	73	63	58	75	67	74	64	69	77	38	64	50	72	70	61	49	36	65	49	63	61	47	39	77	33	38	45	55	57	49	65	49	52	48	61	68	39	36	78	71
40	0	75	46	78	79	64	36	37	32	36	77	42	80	75	40	42	46	42	55	57	40	64	60	36	64	45	43	58	66	57	34	70	53	62	31	64	35	72	60	57	57	75	52	57	62	64	73	61	73	65	56	32	46	59	53	33	75	31	66	36	51	57	66	67	33	80	52	55	58	76	61	43	32	71	42	61	54	73	56	76	43	69	73	78	38	73	79	63	55	77	38	37	76	41	67	76	68	62	55
58	75	0	47	51	45	64	31	75	47	33	35	64	56	63	58	69	33	46	78	64	54	43	79	40	72	65	38	39	64	68	77	78	46	48	75	46	31	57	69	70	39	39	62	42	51	41	35	78	40	48	73	45	74	32	80	51	51	44	58	48	67	74	36	74	50	76	57	61	78	58	32	35	57	63	40	58	62	62	63	49	80	58	51	78	70	57	53	46	76	79	36	30	36	78	72	34	72	33	46
72	46	47	0	39	77	66	30	74	43	53	78	32	38	62	56	58	52	52	40	75	65	67	77	36	58	50	57	75	76	49	39	76	46	31	64	55	65	68	65	49	62	42	66	67	79	53	32	56	74	53	70	47	77	62	55	62	80	31	46	73	76	62	37	37	63	35	38	58	32	50	31	51	31	42	50	35	58	48	68	30	48	70	39	69	66	69	32	38	44	78	30	30	72	77	66	60	48	63	57
57	78	51	39	0	64	42	58	54	39	46	57	72	68	35	64	47	40	78	62	68	55	30	39	68	72	61	79	48	45	41	67	50	55	67	50	64	63	45	49	39	49	61	48	32	35	72	62	30	34	48	70	43	74	45	61	77	50	73	61	30	59	50	58	57	80	79	65	77	78	75	55	38	79	52	67	76	80	58	65	58	70	69	78	52	79	56	51	63	58	34	57	39	33	39	71	62	71	78	44
35	79	45	77	64	0	45	49	73	57	73	54	35	60	52	76	76	73	49	77	34	53	58	45	30	49	45	39	49	58	64	52	47	57	57	58	59	31	69	34	31	55	53	36	80	69	53	80	36	51	30	41	35	34	35	60	70	48	47	79	63	74	45	76	75	37	50	48	53	60	66	30	65	37	73	50	54	74	36	44	61	60	77	71	35	76	69	66	60	46	32	52	72	66	72	41	66	80	78	48
39	64	64	66	42	45	0	80	36	40	58	55	62	57	33	33	55	78	59	61	80	72	66	60	45	69	60	30	71	53	45	41	46	46	67	80	37	47	38	51	35	65	78	65	76	57	50	35	41	36	79	47	32	33	65	43	39	79	66	80	47	70	58	76	37	80	67	30	65	37	62	56	44	58	63	80	37	69	37	36	77	59	75	43	35	34	60	51	42	65	32	44	47	58	70	79	67	53	44	58
52	36	31	30	58	49	80	0	54	55	42	43	55	54	74	54	54	54	34	69	57	38	67	39	35	50	49	34	30	80	42	70	33	54	32	35	66	64	66	68	64	76	51	64	55	80	38	67	57	39	33	37	73	47	62	51	39	68	41	58	62	46	67	46	73	71	53	55	40	52	44	43	30	74	41	74	70	63	40	63	64	74	53	72	39	53	75	70	57	36	66	36	73	30	40	37	78	69	71	41
50	37	75	74	54	73	36	54	0	50	33	72	47	64	69	79	63	49	47	39	62	60	37	61	67	49	52	61	34	32	71	66	52	32	61	60	41	57	51	58	76	54	42	72	77	76	78	36	55	74	80	68	41	42	72	66	72	62	47	39	69	62	53	74	68	34	48	63	41	71	80	73	37	68	71	69	74	72	56	42	62	38	74	50	46	32	59	72	39	78	76	75	55	62	41	57	71	56	66	75
79	32	47	43	39	57	40	55	50	0	48	64	42	75	80	31	78	49	52	66	43	33	70	47	75	49	38	41	41	41	37	39	43	38	67	46	40	52	64	43	53	66	47	41	39	77	72	53	71	54	44	60	52	77	53	61	62	74	63	72	45	37	76	59	57	77	39	30	64	53	32	77	58	58	46	34	58	52	68	48	56	73	70	69	76	31	55	50	41	40	61	48	68	68	34	39	34	65	63	75
61	36	33	53	46	73	58	42	33	48	0	49	37	66	48	77	45	79	63	32	35	48	39	46	61	79	69	62	50	74	62	32	48	39	64	43	46	48	50	30	72	59	74	68	54	55	66	48	32	75	47	33	39	62	56	37	78	49	36	35	50	33	72	75	36	50	38	61	49	70	56	42	51	75	43	39	58	68	73	34	31	37	71	54	62	50	66	74	64	54	56	65	31	56	34	42	61	36	54	76
69	77	35	78	57	54	55	43	72	64	49	0	47	74	50	64	32	58	69	30	62	73	52	37	75	52	61	59	44	64	36	44	42	64	65	35	59	77	32	79	67	36	59	49	44	33	60	68	42	76	33	64	49	46	65	66	49	43	53	33	63	61	50	68	66	57	65	50	68	51	41	33	66	54	35	45	31	60	43	50	55	55	43	60	64	46	75	56	60	70	50	78	60	55	67	63	47	35	35	72
67	42	64	32	72	35	62	55	47	42	37	47	0	35	80	44	31	66	78	49	76	40	42	65	76	80	55	76	56	58	42	64	41	35	36	48	38	44	41	50	75	80	64	56	53	56	35	76	34	59	78	67	78	61	59	61	33	59	51	73	66	66	34	58	31	41	73	80	53	69	41	55	36	75	31	59	79	65	60	64	39	58	64	74	47	32	45	43	61	50	38	46	42	38	76	75	41	66	69	72
54	80	56	38	68	60	57	54	64	75	66	74	35	0	41	71	31	37	76	38	59	68	56	54	75	69	51	39	32	31	62	53	34	62	64	64	49	42	72	74	74	64	46	71	43	57	34	70	36	73	51	78	31	73	40	41	68	75	55	63	44	68	51	61	62	74	44	77	75	49	63	32	79	38	59	58	38	36	72	39	40	51	53	42	40	70	53	38	74	46	32	70	52	77	43	32	32	69	66	41
72	75	63	62	35	52	33	74	69	80	48	50	80	41	0	40	51	63	44	60	45	55	77	42	77	41	56	47	57	34	62	66	73	78	76	40	64	44	40	40	35	58	79	51	56	48	62	49	45	75	55	49	44	75	80	47	79	43	52	59	43	59	32	76	39	79	54	70	37	64	68	48	59	30	54	68	70	35	73	79	58	67	38	41	76	37	49	31	42	35	79	50	38	50	56	67	64	45	54	61
59	40	58	56	64	76	33	54	79	31	77	64	44	71	40	0	45	68	44	53	45	51	33	31	33	47	56	52	32	32	44	65	66	77	62	68	75	71	64	65	71	38	54	45	66	79	58	76	57	59	68	80	42	63	73	51	70	76	65	40	67	35	53	69	78	65	51	59	33	54	31	30	36	79	77	53	74	43	78	61	38	68	41	49	80	67	70	63	42	57	53	74	51	79	79	33	69	63	58	55
51	42	69	58	47	76	55	54	63	78	45	32	31	31	51	45	0	72	62	49	77	64	53	51	70	47	73	49	32	48	63	38	56	54	73	40	74	43	61	32	79	48	36	43	73	60	70	42	76	49	31	32	45	38	35	60	72	36	46	36	49	31	69	59	60	33	35	71	50	64	58	68	74	39	77	74	39	59	78	36	60	74	39	68	38	63	65	41	45	61	49	50	38	60	30	37	54	58	67	45
49	46	33	52	40	73	78	54	49	49	79	58	66	37	63	68	72	0	59	35	63	36	50	51	52	76	37	44	47	34	48	79	44	43	54	41	69	72	34	80	46	78	38	72	53	63	30	60	45	47	51	70	31	73	43	79	33	42	36	40	32	30	52	58	56	50	65	71	47	32	43	57	48	70	51	36	80	79	75	42	76	48	56	32	51	43	47	62	63	32	56	40	76	46	69	79	72	58	75	66
32	42	46	52	78	49	59	34	47	52	63	69	78	76	44	44	62	59	0	76	50	34	35	48	80	61	51	39	59	75	43	44	58	67	36	63	39	77	74	70	58	70	43	68	63	56	30	79	33	36	52	74	43	70	42	74	66	36	48	55	44	50	31	32	39	51	64	35	32	50	71	32	35	40	67	47	71	60	59	46	41	55	65	57	80	30	78	66	36	57	73	72	32	80	77	67	60	79	57	53
72	55	78	40	62	77	61	69	39	66	32	30	49	38	60	53	49	35	76	0	42	52	38	63	62	70	56	45	69	67	65	36	55	57	55	60	61	42	46	47	58	77	75	51	67	79	64	76	46	67	72	49	75	47	57	66	38	66	74	71	30	61	56	70	71	40	45	77	31	36	35	30	63	77	30	40	59	80	38	36	59	40	38	69	46	73	30	37	59	56	30	53	64	66	67	65	78	41	35	30
54	57	64	75	68	34	80	57	62	43	35	62	76	59	45	45	77	63	50	42	0	45	72	65	74	30	74	57	39	51	47	69	50	77	40	73	30	46	78	48	31	37	62	41	68	31	78	61	60	48	38	63	63	67	52	52	65	54	50	56	78	43	46	62	51	47	33	47	30	65	42	32	43	66	38	54	51	69	71	80	75	62	47	40	48	63	66	72	76	69	31	55	68	67	66	50	31	64	69	47
46	40	54	65	55	53	72	38	60	33	48	73	40	68	55	51	64	36	34	52	45	0	36	54	65	37	77	40	35	31	58	51	44	44	72	63	36	49	34	58	35	70	75	56	38	69	68	55	60	56	70	54	54	73	79	69	74	77	64	30	73	34	51	62	71	73	72	72	70	35	63	32	37	58	39	53	67	52	74	38	40	53	58	31	42	66	71	72	68	71	45	36	31	77	64	78	43	63	68	71
66	64	43	67	30	58	66	67	37	70	39	52	42	56	77	33	53	50	35	38	72	36	0	68	79	36	73	57	67	57	42	42	74	47	63	53	45	50	71	37	72	60	64	48	51	67	75	30	57	34	41	37	34	58	41	63	69	50	33	45	74	42	34	52	76	48	71	74	63	57	72	46	44	78	58	74	74	77	59	54	66	32	58	52	69	57	49	51	43	72	75	71	40	56	45	65	36	31	57	33
48	60	79	77	39	45	60	39	61	47	46	37	65	54	42	31	51	51	48	63	65	54	68	0	68	44	45	44	67	68	57	59	76	48	38	34	42	52	71	59	47	32	30	48	66	40	39	62	39	64	51	71	44	30	64	80	49	54	70	71	53	60	48	32	44	43	64	80	57	67	42	31	74	80	38	53	31	34	67	45	74	59	30	50	31	59	53	36	53	42	68	73	43	39	33	73	78	75	75	32
41	36	40	36	68	30	45	35	67	75	61	75	76	75	77	33	70	52	80	62	74	65	79	68	0	61	36	75	76	67	63	46	69	71	74	73	70	62	48	67	69	80	67	73	75	37	32	74	77	69	36	47	42	65	78	41	39	73	77	58	55	72	66	43	52	30	80	66	42	76	61	79	76	70	56	74	55	80	47	79	77	68	61	78	41	77	58	49	77	72	59	53	58	52	44	50	68	62	34	74
79	64	72	58	72	49	69	50	49	49	79	52	80	69	41	47	47	76	61	70	30	37	36	44	61	0	72	72	38	34	53	52	32	34	31	34	44	64	63	57	68	32	48	50	63	52	30	69	56	41	34	56	79	48	66	80	36	62	64	74	77	64	45	46	72	67	57	70	31	40	64	72	72	66	70	40	67	47	70	71	62	31	65	74	50	45	41	32	36	66	77	42	41	52	51	77	31	60	51	54
80	45	65	50	61	45	60	49	52	38	69	61	55	51	56	56	73	37	51	56	74	77	73	45	36	72	0	52	36	34	74	36	37	36	33	58	72	60	61	34	50	62	63	44	30	50	31	68	72	48	53	44	33	37	63	33	65	79	71	51	67	74	73	46	35	65	56	64	71	51	44	40	52	76	72	74	67	76	76	69	38	50	53	63	44	75	60	36	57	33	42	68	39	54	51	72	76	63	39	42
39	43	38	57	79	39	30	34	61	41	62	59	76	39	47	52	49	44	39	45	57	40	57	44	75	72	52	0	39	75	40	56	62	34	55	70	46	40	47	63	74	79	61	31	74	31	62	43	79	35	74	51	40	42	33	73	65	65	32	58	57	58	31	51	57	54	33	52	44	70	49	79	48	70	47	49	63	31	66	50	40	79	51	37	36	79	33	52	57	32	79	80	57	68	34	73	62	51	40	39
73	58	39	75	48	49	71	30	34	41	50	44	56	32	57	32	32	47	59	69	39	35	67	67	76	38	36	39	0	40	68	64	59	57	50	65	36	75	79	79	42	56	55	58	65	75	33	45	60	67	51	71	56	79	73	77	36	62	73	41	49	50	41	61	50	78	48	30	71	53	32	41	77	33	70	49	58	67	76	54	62	40	48	48	51	57	68	53	33	58	35	39	62	61	64	46	80	46	45	63
61	66	64	76	45	58	53	80	32	41	74	64	58	31	34	32	48	34	75	67	51	31	57	68	67	34	34	75	40	0	40	52	36	44	42	35	77	69	40	40	66	59	43	32	36	55	77	73	73	39	68	59	40	79	76	36	36	54	42	45	56	69	63	39	44	76	38	58	56	64	68	77	55	52	66	78	37	42	40	46	65	75	44	40	77	48	59	31	35	76	34	57	55	60	65	55	43	38	40	36
45	57	68	49	41	64	45	42	71	37	62	36	42	62	62	44	63	48	43	65	47	58	42	57	63	53	74	40	68	40	0	45	32	46	54	71	61	50	60	66	58	60	61	50	48	40	67	43	38	32	30	52	70	69	50	41	64	71	63	64	55	59	55	67	69	55	53	63	32	76	65	61	49	37	74	57	68	39	44	71	77	32	62	56	67	40	51	74	30	79	50	63	52	78	45	36	62	34	41	65
51	34	77	39	67	52	41	70	66	39	32	44	64	53	66	65	38	79	44	36	69	51	42	59	46	52	36	56	64	52	45	0	31	55	62	60	69	46	68	72	67	78	76	47	50	35	39	32	38	72	63	32	45	44	51	49	64	44	67	62	80	42	57	39	53	78	56	32	71	59	50	46	76	58	57	56	67	65	36	52	41	55	52	77	57	43	55	36	36	75	31	49	57	33	46	35	71	42	35	53
40	70	78	76	50	47	46	33	52	43	48	42	41	34	73	66	56	44	58	55	50	44	74	76	69	32	37	62	59	36	32	31	0	47	72	73	68	79	46	56	40	64	48	32	44	51	56	71	68	43	63	42	42	63	32	42	38	60	38	64	41	51	78	63	33	69	47	72	78	66	38	36	39	58	78	48	70	74	66	71	31	57	66	75	78	65	32	45	53	52	65	61	61	38	77	37	34	65	42	42
68	53	46	46	55	57	46	54	32	38	39	64	35	62	78	77	54	43	67	57	77	44	47	48	71	34	36	34	57	44	46	55	47	0	74	63	51	42	75	42	60	50	30	57	32	69	32	64	74	78	38	35	40	46	68	72	48	64	58	31	75	40	54	62	48	52	70	38	65	73	72	57	60	45	66	39	51	31	60	79	72	54	56	49	65	34	50	67	38	35	52	55	59	49	36	57	68	76	66	38
70	62	48	31	67	57	67	32	61	67	64	65	36	64	76	62	73	54	36	55	40	72	63	38	74	31	33	55	50	42	54	62	72	74	0	74	32	30	76	66	58	65	70	56	80	33	69	47	57	40	78	75	64	61	71	72	52	66	78	80	37	44	52	72	45	65	63	41	36	55	60	49	31	31	70	30	77	46	47	51	54	71	71	71	42	33	73	50	68	53	75	31	46	78	48	46	39	50	72	62
39	31	75	64	50	58	80	35	60	46	43	35	48	64	40	68	40	41	63	60	73	63	53	34	73	34	58	70	65	35	71	60	73	63	74	0	77	55	35	32	72	70	63	34	46	62	58	66	59	53	56	79	40	68	80	31	60	50	70	43	46	44	56	35	55	42	59	30	68	77	54	80	47	74	63	53	43	31	79	62	31	37	57	66	45	36	55	64	38	67	69	79	39	46	80	80	57	40	38	61
59	64	46	55	64	59	37	66	41	40	46	59	38	49	64	75	74	69	39	61	30	36	45	42	70	44	72	46	36	77	61	69	68	51	32	77	0	70	34	78	65	37	54	54	38	49	64	68	72	54	44	67	61	30	47	80	30	80	65	79	42	32	74	33	30	72	64	37	53	47	64	34	66	43	77	78	75	62	60	34	72	43	72	74	53	59	31	44	55	59	65	66	65	65	36	68	38	45	34	45
48	35	31	65	63	31	47	64	57	52	48	77	44	42	44	71	43	72	77	42	46	49	50	52	62	64	60	40	75	69	50	46	79	42	30	55	70	0	40	41	41	43	71	78	80	40	53	72	60	57	38	79	45	54	64	33	65	40	74	47	61	43	55	45	71	75	52	40	36	59	51	66	63	35	76	64	79	42	80	76	31	58	62	78	77	53	36	77	44	31	45	43	77	75	63	46	46	75	59	42
56	72	57	68	45	69	38	66	51	64	50	32	41	72	40	64	61	34	74	46	78	34	71	71	48	63	61	47	79	40	60	68	46	75	76	35	34	40	0	48	40	80	65	68	75	79	56	59	46	52	56	76	72	80	36	78	33	74	49	61	61	55	61	80	48	63	35	47	78	58	45	68	73	60	63	38	54	45	34	40	61	76	44	39	56	37	80	75	56	32	58	72	64	37	36	37	66	44	63	65
51	60	69	65	49	34	51	68	58	43	30	79	50	74	40	65	32	80	70	47	48	58	37	59	67	57	34	63	79	40	66	72	56	42	66	32	78	41	48	0	79	53	34	57	43	72	38	33	68	70	69	47	76	54	31	42	30	40	30	69	34	48	72	78	62	36	65	42	62	54	74	37	51	80	57	77	39	30	65	36	69	76	66	54	33	62	43	46	54	69	67	43	46	57	66	57	63	71	67	74
43	57	70	49	39	31	35	64	76	53	72	67	75	74	35	71	79	46	58	58	31	35	72	47	69	68	50	74	42	66	58	67	40	60	58	72	65	41	40	79	0	33	50	64	77	30	65	71	70	71	76	47	34	80	58	61	30	57	54	32	67	36	37	41	50	53	62	71	40	77	59	32	72	38	54	42	60	76	52	31	65	75	41	42	80	40	39	30	64	46	79	62	31	41	73	62	58	47	61	65
75	57	39	62	49	55	65	76	54	66	59	36	80	64	58	38	48	78	70	77	37	70	60	32	80	32	62	79	56	59	60	78	64	50	65	70	37	43	80	53	33	0	37	46	52	49	38	67	74	76	51	54	72	68	32	49	56	34	51	33	71	62	38	75	43	48	68	54	41	74	42	77	66	58	40	78	73	71	46	53	48	56	75	33	40	71	45	41	60	57	68	77	76	55	70	45	59	78	66	60
45	75	39	42	61	53	78	51	42	47	74	59	64	46	79	54	36	38	43	75	62	75	64	30	67	48	63	61	55	43	61	76	48	30	70	63	54	71	65	34	50	37	0	54	65	40	48	66	80	32	50	70	40	78	44	37	50	62	79	67	37	69	35	34	30	37	52	38	69	72	30	31	58	49	80	49	61	32	62	33	43	62	34	47	60	68	51	39	76	80	63	37	53	76	68	39	61	63	37	79
31	52	62	66	48	36	65	64	72	41	68	49	56	71	51	45	43	72	68	51	41	56	48	48	73	50	44	31	58	32	50	47	32	57	56	34	54	78	68	57	64	46	54	0	39	78	35	38	59	38	79	58	47	42	46	76	42	45	75	67	56	76	49	48	50	67	55	78	34	32	39	77	78	41	42	66	68	71	35	58	40	51	70	38	36	64	78	51	67	61	58	56	38	41	73	70	57	33	55	69
50	57	42	67	32	80	76	55	77	39	54	44	53	43	56	66	73	53	63	67	68	38	51	66	75	63	30	74	65	36	48	50	44	32	80	46	38	80	75	43	77	52	65	39	0	60	49	49	62	44	51	71	65	32	47	60	51	42	76	31	30	33	70	55	69	62	50	79	74	66	44	48	38	59	55	65	33	53	56	46	75	39	78	60	36	55	36	79	54	64	74	59	63	61	65	37	57	78	78	49
66	62	51	79	35	69	57	80	76	77	55	33	56	57	48	79	60	63	56	79	31	69	67	40	37	52	50	31	75	55	40	35	51	69	33	62	49	40	79	72	30	49	40	78	60	0	36	54	55	34	37	75	65	39	49	44	79	46	61	64	47	75	43	35	36	45	66	66	57	35	63	56	45	32	50	45	39	31	37	75	62	52	61	65	45	36	43	58	54	31	59	31	65	40	59	50	72	37	45	55
33	64	41	53	72	53	50	38	78	72	66	60	35	34	62	58	70	30	30	64	78	68	75	39	32	30	31	62	33	77	67	39	56	32	69	58	64	53	56	38	65	38	48	35	49	36	0	40	74	54	77	52	38	71	55	46	78	62	39	57	79	49	60	34	59	55	36	75	51	56	67	41	40	73	38	38	32	58	76	64	34	40	63	70	43	38	68	33	65	64	63	75	79	51	32	67	42	30	62	44
79	73	35	32	62	80	35	67	36	53	48	68	76	70	49	76	42	60	79	76	61	55	30	62	74	69	68	43	45	73	43	32	71	64	47	66	68	72	59	33	71	67	66	38	49	54	40	0	37	65	62	75	71	53	70	76	34	80	41	63	75	73	66	53	36	57	61	70	66	65	59	68	31	75	75	48	30	72	67	59	62	31	53	77	75	57	44	69	64	64	75	61	38	64	44	40	79	63	73	44
80	61	78	56	30	36	41	57	55	71	32	42	34	36	45	57	76	45	33	46	60	60	57	39	77	56	72	79	60	73	38	38	68	74	57	59	72	60	46	68	70	74	80	59	62	55	74	37	0	57	45	56	53	47	80	58	59	48	68	53	30	47	39	38	43	79	78	33	67	52	56	78	71	33	65	62	61	32	43	57	46	38	75	80	39	45	73	43	40	49	63	30	50	58	56	55	54	48	72	57
80	73	40	74	34	51	36	39	74	54	75	76	59	73	75	59	49	47	36	67	48	56	34	64	69	41	48	35	67	39	32	72	43	78	40	53	54	57	52	70	71	76	32	38	44	34	54	65	57	0	32	41	60	64	35	47	39	55	65	52	52	69	45	45	77	73	58	58	75	74	49	41	40	68	53	77	33	46	49	58	43	62	51	58	40	47	63	67	74	57	76	62	53	72	59	34	72	59	53	31
60	65	48	53	48	30	79	33	80	44	47	33	78	51	55	68	31	51	52	72	38	70	41	51	36	34	53	74	51	68	30	63	63	38	78	56	44	38	56	69	76	51	50	79	51	37	77	62	45	32	0	48	43	59	63	51	78	67	48	37	41	65	38	78	42	70	49	45	75	60	51	49	53	66	44	64	67	39	68	62	53	61	79	77	30	54	62	58	59	65	64	46	44	69	80	59	69	38	78	60
46	56	73	70	70	41	47	37	68	60	33	64	67	78	49	80	32	70	74	49	63	54	37	71	47	56	44	51	71	59	52	32	42	35	75	79	67	79	76	47	47	54	70	58	71	75	52	75	56	41	48	0	77	60	59	72	73	55	62	37	80	50	63	35	60	56	80	43	71	36	59	37	61	38	51	32	45	75	72	77	59	72	59	47	71	54	65	80	60	50	71	67	64	30	80	56	48	46	56	36
64	32	45	47	43	35	32	73	41	52	39	49	78	31	44	42	45	31	43	75	63	54	34	44	42	79	33	40	56	40	70	45	42	40	64	40	61	45	72	76	34	72	40	47	65	65	38	71	53	60	43	77	0	67	75	74	39	67	80	63	67	72	30	62	32	64	79	66	55	52	61	48	68	51	60	35	58	54	61	73	44	65	34	58	56	61	48	48	79	34	65	61	43	38	71	35	50	77	65	73
64	46	74	77	74	34	33	47	42	77	62	46	61	73	75	63	38	73	70	47	67	73	58	30	65	48	37	42	79	79	69	44	63	46	61	68	30	54	80	54	80	68	78	42	32	39	71	53	47	64	59	60	67	0	64	46	56	41	79	57	61	73	60	47	52	57	36	41	70	69	55	53	55	32	75	30	69	52	74	69	69	68	64	54	72	79	77	77	72	32	63	74	40	68	44	60	39	80	69	66
69	59	32	62	45	35	65	62	72	53	56	65	59	40	80	73	35	43	42	57	52	79	41	64	78	66	63	33	73	76	50	51	32	68	71	80	47	64	36	31	58	32	44	46	47	49	55	70	80	35	63	59	75	64	0	40	35	39	30	46	73	54	53	70	66	43	36	67	65	44	33	65	50	68	80	42	59	43	43	66	68	40	68	60	54	49	70	42	59	51	65	64	59	31	64	44	54	64	75	60
74	53	80	55	61	60	43	51	66	61	37	66	61	41	47	51	60	79	74	66	52	69	63	80	41	80	33	73	77	36	41	49	42	72	72	31	80	33	78	42	61	49	37	76	60	44	46	76	58	47	51	72	74	46	40	0	76	64	47	56	75	43	65	63	40	78	32	61	65	71	47	50	69	39	38	52	70	57	62	73	32	48	33	60	37	68	50	80	62	62	43	70	54	62	59	77	41	71	30	61
51	33	51	62	77	70	39	39	72	62	78	49	33	68	79	70	72	33	66	38	65	74	69	49	39	36	65	65	36	36	64	64	38	48	52	60	30	65	33	30	30	56	50	42	51	79	78	34	59	39	78	73	39	56	35	76	0	75	36	60	45	70	38	51	56	67	65	71	35	62	38	32	60	41	37	56	76	57	64	69	51	70	37	69	70	53	33	33	32	80	56	52	69	36	36	50	61	77	43	69
68	75	51	80	50	48	79	68	62	74	49	43	59	75	43	76	36	42	36	66	54	77	50	54	73	62	79	65	62	54	71	44	60	64	66	50	80	40	74	40	57	34	62	45	42	46	62	80	48	55	67	55	67	41	39	64	75	0	41	60	33	70	59	30	57	71	32	68	39	61	40	48	54	36	37	40	76	49	41	68	34	78	66	69	56	68	69	46	50	44	64	56	72	58	68	56	65	51	68	62
35	31	44	31	73	47	66	41	47	63	36	53	51	55	52	65	46	36	48	74	50	64	33	70	77	64	71	32	73	42	63	67	38	58	78	70	65	74	49	30	54	51	79	75	76	61	39	41	68	65	48	62	80	79	30	47	36	41	0	74	33	58	68	34	55	35	52	71	80	38	50	57	75	45	77	34	49	46	51	35	65	48	80	75	56	40	33	75	71	50	43	74	70	75	78	35	31	62	33	73
79	66	58	46	61	79	80	58	39	72	35	33	73	63	59	40	36	40	55	71	56	30	45	71	58	74	51	58	41	45	64	62	64	31	80	43	79	47	61	69	32	33	67	67	31	64	57	63	53	52	37	37	63	57	46	56	60	60	74	0	34	49	33	80	80	67	71	31	46	36	58	76	47	66	79	55	57	58	69	78	64	40	76	38	69	60	76	50	80	33	66	66	59	40	52	46	34	40	32	44
73	36	48	73	30	63	47	62	69	45	50	63	66	44	43	67	49	32	44	30	78	73	74	53	55	77	67	57	49	56	55	80	41	75	37	46	42	61	61	34	67	71	37	56	30	47	79	75	30	52	41	80	67	61	73	75	45	33	33	34	0	36	51	54	43	79	61	31	35	54	55	34	59	58	40	51	31	69	60	77	55	40	55	43	65	71	64	69	69	47	72	43	58	39	53	45	73	56	44	58
63	51	67	76	59	74	70	46	62	37	33	61	66	68	59	35	31	30	50	61	43	34	42	60	72	64	74	58	50	69	59	42	51	40	44	44	32	43	55	48	36	62	69	76	33	75	49	73	47	69	65	50	72	73	54	43	70	70	58	49	36	0	34	37	35	59	30	38	33	66	59	74	36	61	36	71	50	36	31	51	79	58	47	73	76	77	61	52	70	60	45	52	77	48	76	36	69	75	32	30
58	57	74	62	50	45	58	67	53	76	72	50	34	51	32	53	69	52	31	56	46	51	34	48	66	45	73	31	41	63	55	57	78	54	52	56	74	55	61	72	37	38	35	49	70	43	60	66	39	45	38	63	30	60	53	65	38	59	68	33	51	34	0	55	47	71	56	79	53	47	65	80	31	63	60	49	35	62	71	32	66	79	74	33	78	56	40	53	57	54	69	77	35	65	58	44	79	33	68	73
75	66	36	37	58	76	76	46	74	59	75	68	58	61	76	69	59	58	32	70	62	62	52	32	43	46	46	51	61	39	67	39	63	62	72	35	33	45	80	78	41	75	34	48	55	35	34	53	38	45	78	35	62	47	70	63	51	30	34	80	54	37	55	0	66	38	76	60	44	78	49	33	39	70	33	60	80	36	74	63	71	52	34	74	43	73	78	44	47	34	80	66	39	48	36	53	42	42	54	45
67	67	74	37	57	75	37	73	68	57	36	66	31	62	39	78	60	56	39	71	51	71	76	44	52	72	35	57	50	44	69	53	33	48	45	55	30	71	48	62	50	43	30	50	69	36	59	36	43	77	42	60	32	52	66	40	56	57	55	80	43	35	47	66	0	55	47	64	80	43	69	43	55	75	54	56	50	40	79	55	73	36	45	38	53	68	51	78	62	72	66	57	77	57	47	64	73	76	55	74
74	33	50	63	80	37	80	71	34	77	50	57	41	74	79	65	33	50	51	40	47	73	48	43	30	67	65	54	78	76	55	78	69	52	65	42	72	75	63	36	53	48	37	67	62	45	55	57	79	73	70	56	64	57	43	78	67	71	35	67	79	59	71	38	55	0	57	74	39	39	38	77	73	59	39	66	61	57	66	66	33	44	74	39	57	34	69	69	43	63	43	55	74	51	69	34	30	59	70	31
64	80	76	35	79	50	67	53	48	39	38	65	73	44	54	51	35	65	64	45	33	72	71	64	80	57	56	33	48	38	53	56	47	70	63	59	64	52	35	65	62	68	52	55	50	66	36	61	78	58	49	80	79	36	36	32	65	32	52	71	61	30	56	76	47	57	0	46	65	39	57	63	70	38	67	53	59	49	52	80	69	47	32	56	68	41	30	71	67	43	30	35	71	54	30	73	72	37	55	56
69	52	57	38	65	48	30	55	63	30	61	50	80	77	70	59	71	71	35	77	47	72	74	80	66	70	64	52	30	58	63	32	72	38	41	30	37	40	47	42	71	54	38	78	79	66	75	70	33	58	45	43	66	41	67	61	71	68	71	31	31	38	79	60	64	74	46	0	49	63	72	78	72	63	37	46	53	56	76	44	49	59	39	56	54	59	76	77	67	73	80	40	68	44	57	31	76	80	59	61
77	55	61	58	77	53	65	40	41	64	49	68	53	75	37	33	50	47	32	31	30	70	63	57	42	31	71	44	71	56	32	71	78	65	36	68	53	36	78	62	40	41	69	34	74	57	51	66	67	75	75	71	55	70	65	65	35	39	80	46	35	33	53	44	80	39	65	49	0	67	53	45	51	72	38	55	33	63	77	39	68	59	36	80	50	35	71	39	78	76	55	56	53	47	39	43	76	53	31	79
38	58	78	32	78	60	37	52	71	53	70	51	69	49	64	54	64	32	50	36	65	35	57	67	76	40	51	70	53	64	76	59	66	73	55	77	47	59	58	54	77	74	72	32	66	35	56	65	52	74	60	36	52	69	44	71	62	61	38	36	54	66	47	78	43	39	39	63	67	0	56	39	53	56	74	41	78	41	71	44	57	46	77	58	58	37	41	65	74	54	56	52	37	47	62	62	57	67	34	65
64	76	58	50	75	66	62	44	80	32	56	41	41	63	68	31	58	43	71	35	42	63	72	42	61	64	44	49	32	68	65	50	38	72	60	54	64	51	45	74	59	42	30	39	44	63	67	59	56	49	51	59	61	55	33	47	38	40	50	58	55	59	65	49	69	38	57	72	53	56	0	48	80	31	41	34	59	66	54	39	54	70	61	54	63	57	34	58	32	77	57	48	50	48	40	38	37	49	46	45
50	61	32	31	55	30	56	43	73	77	42	33	55	32	48	30	68	57	32	30	32	32	46	31	79	72	40	79	41	77	61	46	36	57	49	80	34	66	68	37	32	77	31	77	48	56	41	68	78	41	49	37	48	53	65	50	32	48	57	76	34	74	80	33	43	77	63	78	45	39	48	0	37	68	67	43	43	31	73	73	62	64	76	56	37	69	77	77	68	56	45	47	74	42	33	42	49	78	57	45
72	43	35	51	38	65	44	30	37	58	51	66	36	79	59	36	74	48	35	63	43	37	44	74	76	72	52	48	77	55	49	76	39	60	31	47	66	63	73	51	72	66	58	78	38	45	40	31	71	40	53	61	68	55	50	69	60	54	75	47	59	36	31	39	55	73	70	72	51	53	80	37	0	77	74	43	72	46	37	71	35	63	35	38	77	41	49	77	46	66	53	42	53	35	76	60	68	36	43	53
70	32	57	31	79	37	58	74	68	58	75	54	75	38	30	79	39	70	40	77	66	58	78	80	70	66	76	70	33	52	37	58	58	45	31	74	43	35	60	80	38	58	49	41	59	32	73	75	33	68	66	38	51	32	68	39	41	36	45	66	58	61	63	70	75	59	38	63	72	56	31	68	77	0	38	69	39	46	56	31	68	68	79	55	35	39	54	53	51	71	35	65	55	50	55	77	32	40	69	63
61	71	63	42	52	73	63	41	71	46	43	35	31	59	54	77	77	51	67	30	38	39	58	38	56	70	72	47	70	66	74	57	78	66	70	63	77	76	63	57	54	40	80	42	55	50	38	75	65	53	44	51	60	75	80	38	37	37	77	79	40	36	60	33	54	39	67	37	38	74	41	67	74	38	0	49	70	77	55	57	63	79	33	79	70	65	73	75	53	77	66	50	42	30	70	47	37	49	35	36
49	42	40	50	67	50	80	74	69	34	39	45	59	58	68	53	74	36	47	40	54	53	74	53	74	40	74	49	49	78	57	56	48	39	30	53	78	64	38	77	42	78	49	66	65	45	38	48	62	77	64	32	35	30	42	52	56	40	34	55	51	71	49	60	56	66	53	46	55	41	34	43	43	69	49	0	32	42	80	70	69	75	30	78	59	31	56	68	44	61	32	54	71	33	53	30	64	66	80	76
36	61	58	35	76	54	37	70	74	58	58	31	79	38	70	74	39	80	71	59	51	67	74	31	55	67	67	63	58	37	68	67	70	51	77	43	75	79	54	39	60	73	61	68	33	39	32	30	61	33	67	45	58	69	59	70	76	76	49	57	31	50	35	80	50	61	59	53	33	78	59	43	72	39	70	32	0	79	33	77	31	74	44	68	76	30	54	49	57	53	31	36	59	79	63	56	59	45	45	32
65	54	62	58	80	74	69	63	72	52	68	60	65	36	35	43	59	79	60	80	69	52	77	34	80	47	76	31	67	42	39	65	74	31	46	31	62	42	45	30	76	71	32	71	53	31	58	72	32	46	39	75	54	52	43	57	57	49	46	58	69	36	62	36	40	57	49	56	63	41	66	31	46	46	77	42	79	0	38	59	42	68	40	74	80	61	47	76	51	44	76	31	57	54	79	67	46	34	62	73
49	73	62	48	58	36	37	40	56	68	73	43	60	72	73	78	78	75	59	38	71	74	59	67	47	70	76	66	76	40	44	36	66	60	47	79	60	80	34	65	52	46	62	35	56	37	76	67	43	49	68	72	61	74	43	62	64	41	51	69	60	31	71	74	79	66	52	76	77	71	54	73	37	56	55	80	33	38	0	41	40	36	43	39	30	54	68	62	43	80	41	38	48	33	43	42	51	40	38	46
63	56	63	68	65	44	36	63	42	48	34	50	64	39	79	61	36	42	46	36	80	38	54	45	79	71	69	50	54	46	71	52	71	79	51	62	34	76	40	36	31	53	33	58	46	75	64	59	57	58	62	77	73	69	66	73	69	68	35	78	77	51	32	63	55	66	80	44	39	44	39	73	71	31	57	70	77	59	41	0	65	34	37	31	71	65	50	45	38	56	72	56	72	46	50	59	75	32	68	49
61	76	49	30	58	61	77	64	62	56	31	55	39	40	58	38	60	76	41	59	75	40	66	74	77	62	38	40	62	65	77	41	31	72	54	31	72	31	61	69	65	48	43	40	75	62	34	62	46	43	53	59	44	69	68	32	51	34	65	64	55	79	66	71	73	33	69	49	68	57	54	62	35	68	63	69	31	42	40	65	0	66	53	32	60	47	66	63	30	75	49	77	73	59	42	54	34	35	42	54
47	43	80	48	70	60	59	74	38	73	37	55	58	51	67	68	74	48	55	40	62	53	32	59	68	31	50	79	40	75	32	55	57	54	71	37	43	58	76	76	75	56	62	51	39	52	40	31	38	62	61	72	65	68	40	48	70	78	48	40	40	58	79	52	36	44	47	59	59	46	70	64	63	68	79	75	74	68	36	34	66	0	48	42	44	70	53	37	45	56	43	44	44	52	38	69	34	45	54	72
39	69	58	70	69	77	75	53	74	70	71	43	64	53	38	41	39	56	65	38	47	58	58	30	61	65	53	51	48	44	62	52	66	56	71	57	72	62	44	66	41	75	34	70	78	61	63	53	75	51	79	59	34	64	68	33	37	66	80	76	55	47	74	34	45	74	32	39	36	77	61	76	35	79	33	30	44	40	43	37	53	48	0	53	32	36	49	62	45	31	35	34	33	71	69	47	42	61	68	43
77	73	51	39	78	71	43	72	50	69	54	60	74	42	41	49	68	32	57	69	40	31	52	50	78	74	63	37	48	40	56	77	75	49	71	66	74	78	39	54	42	33	47	38	60	65	70	77	80	58	77	47	58	54	60	60	69	69	75	38	43	73	33	74	38	39	56	56	80	58	54	56	38	55	79	78	68	74	39	31	32	42	53	0	58	63	77	72	62	49	67	42	70	59	51	71	55	59	59	37
33	78	78	69	52	35	35	39	46	76	62	64	47	40	76	80	38	51	80	46	48	42	69	31	41	50	44	36	51	77	67	57	78	65	42	45	53	77	56	33	80	40	60	36	36	45	43	75	39	40	30	71	56	72	54	37	70	56	56	69	65	76	78	43	53	57	68	54	50	58	63	37	77	35	70	59	76	80	30	71	60	44	32	58	0	34	65	73	30	41	79	77	58	64	32	62	43	53	50	50
38	38	70	66	79	76	34	53	32	31	50	46	32	70	37	67	63	43	30	73	63	66	57	59	77	45	75	79	57	48	40	43	65	34	33	36	59	53	37	62	40	71	68	64	55	36	38	57	45	47	54	54	61	79	49	68	53	68	40	60	71	77	56	73	68	34	41	59	35	37	57	69	41	39	65	31	30	61	54	65	47	70	36	63	34	0	41	56	67	47	61	50	35	41	79	47	47	58	42	35
45	73	57	69	56	69	60	75	59	55	66	75	45	53	49	70	65	47	78	30	66	71	49	53	58	41	60	33	68	59	51	55	32	50	73	55	31	36	80	43	39	45	51	78	36	43	68	44	73	63	62	65	48	77	70	50	33	69	33	76	64	61	40	78	51	69	30	76	71	41	34	77	49	54	73	56	54	47	68	50	66	53	49	77	65	41	0	65	46	74	49	76	49	32	73	66	50	37	76	58
55	79	53	32	51	66	51	70	72	50	74	56	43	38	31	63	41	62	66	37	72	72	51	36	49	32	36	52	53	31	74	36	45	67	50	64	44	77	75	46	30	41	39	51	79	58	33	69	43	67	58	80	48	77	42	80	33	46	75	50	69	52	53	44	78	69	71	77	39	65	58	77	77	53	75	68	49	76	62	45	63	37	62	72	73	56	65	0	59	62	67	36	34	30	42	71	43	31	33	67
57	63	46	38	63	60	42	57	39	41	64	60	61	74	42	42	45	63	36	59	76	68	43	53	77	36	57	57	33	35	30	36	53	38	68	38	55	44	56	54	64	60	76	67	54	54	65	64	40	74	59	60	79	72	59	62	32	50	71	80	69	70	57	47	62	43	67	67	78	74	32	68	46	51	53	44	57	51	43	38	30	45	45	62	30	67	46	59	0	67	65	31	36	69	64	39	61	52	41	75
49	55	76	44	58	46	65	36	78	40	54	70	50	46	35	57	61	32	57	56	69	71	72	42	72	66	33	32	58	76	79	75	52	35	53	67	59	31	32	69	46	57	80	61	64	31	64	64	49	57	65	50	34	32	51	62	80	44	50	33	47	60	54	34	72	63	43	73	76	54	77	56	66	71	77	61	53	44	80	56	75	56	31	49	41	47	74	62	67	0	56	54	32	62	40	66	57	30	33	75
65	77	79	78	34	32	32	66	76	61	56	50	38	32	79	53	49	56	73	30	31	45	75	68	59	77	42	79	35	34	50	31	65	52	75	69	65	45	58	67	79	68	63	58	74	59	63	75	63	76	64	71	65	63	65	43	56	64	43	66	72	45	69	80	66	43	30	80	55	56	57	45	53	35	66	32	31	76	41	72	49	43	35	67	79	61	49	67	65	56	0	78	35	71	57	79	33	78	70	80
49	38	36	30	57	52	44	36	75	48	65	78	46	70	50	74	50	40	72	53	55	36	71	73	53	42	68	80	39	57	63	49	61	55	31	79	66	43	72	43	62	77	37	56	59	31	75	61	30	62	46	67	61	74	64	70	52	56	74	66	43	52	77	66	57	55	35	40	56	52	48	47	42	65	50	54	36	31	38	56	77	44	34	42	77	50	76	36	31	54	78	0	73	31	56	55	58	44	33	56
52	37	30	30	39	72	47	73	55	68	31	60	42	52	38	51	38	76	32	64	68	31	40	43	58	41	39	57	62	55	52	57	61	59	46	39	65	77	64	46	31	76	53	38	63	65	79	38	50	53	44	64	43	40	59	54	69	72	70	59	58	77	35	39	77	74	71	68	53	37	50	74	53	55	42	71	59	57	48	72	73	44	33	70	58	35	49	34	36	32	35	73	0	56	49	48	61	70	80	75
48	76	36	72	33	66	58	30	62	68	56	55	38	77	50	79	60	46	80	66	67	77	56	39	52	52	54	68	61	60	78	33	38	49	78	46	65	75	37	57	41	55	76	41	61	40	51	64	58	72	69	30	38	68	31	62	36	58	75	40	39	48	65	48	57	51	54	44	47	47	48	42	35	50	30	33	79	54	33	46	59	52	71	59	64	41	32	30	69	62	71	31	56	0	65	46	72	43	74	36
61	41	78	77	39	72	70	40	41	34	34	67	76	43	56	79	30	69	77	67	66	64	45	33	44	51	51	34	64	65	45	46	77	36	48	80	36	63	36	66	73	70	68	73	65	59	32	44	56	59	80	80	71	44	64	59	36	68	78	52	53	76	58	36	47	69	30	57	39	62	40	33	76	55	70	53	63	79	43	50	42	38	69	51	32	79	73	42	64	40	57	56	49	65	0	33	63	75	32	46
68	67	72	66	71	41	79	37	57	39	42	63	75	32	67	33	37	79	67	65	50	78	65	73	50	77	72	73	46	55	36	35	37	57	46	80	68	46	37	57	62	45	39	70	37	50	67	40	55	34	59	56	35	60	44	77	50	56	35	46	45	36	44	53	64	34	73	31	43	62	38	42	60	77	47	30	56	67	42	59	54	69	47	71	62	47	66	71	39	66	79	55	48	46	33	0	65	76	76	53
39	76	34	60	62	66	67	78	71	34	61	47	41	32	64	69	54	72	60	78	31	43	36	78	68	31	76	62	80	43	62	71	34	68	39	57	38	46	66	63	58	59	61	57	57	72	42	79	54	72	69	48	50	39	54	41	61	65	31	34	73	69	79	42	73	30	72	76	76	57	37	49	68	32	37	64	59	46	51	75	34	34	42	55	43	47	50	43	61	57	33	58	61	72	63	65	0	59	61	60
36	68	72	48	71	80	53	69	56	65	36	35	66	69	45	63	58	58	79	41	64	63	31	75	62	60	63	51	46	38	34	42	65	76	50	40	45	75	44	71	47	78	63	33	78	37	30	63	48	59	38	46	77	80	64	71	77	51	62	40	56	75	33	42	76	59	37	80	53	67	49	78	36	40	49	66	45	34	40	32	35	45	61	59	53	58	37	31	52	30	78	44	70	43	75	76	59	0	39	68
78	62	33	63	78	78	44	71	66	63	54	35	69	66	54	58	67	75	57	35	69	68	57	75	34	51	39	40	45	40	41	35	42	66	72	38	34	59	63	67	61	66	37	55	78	45	62	73	72	53	78	56	65	69	75	30	43	68	33	32	44	32	68	54	55	70	55	59	31	34	46	57	43	69	35	80	45	62	38	68	42	54	68	59	50	42	76	33	41	33	70	33	80	74	32	76	61	39	0	61
71	55	46	57	44	48	58	41	75	75	76	72	72	41	61	55	45	66	53	30	47	71	33	32	74	54	42	39	63	36	65	53	42	38	62	61	45	42	65	74	65	60	79	69	49	55	44	44	57	31	60	36	73	66	60	61	69	62	73	44	58	30	73	45	74	31	56	61	79	65	45	45	53	63	36	76	32	73	46	49	54	72	43	37	50	35	58	67	75	75	80	56	75	36	46	53	60	68	61	0

Initial health value of each distributed equipment: 
(Where columns denote demand points: 1 to 100.)
275.65	564.25	597.96	293.53	166.88	166.88	317.68	284.59	459.36	232.78	311.26	269.69	298.20	397.88	336.20	458.25	248.83	187.74	511.56	288.75	417.69	210.09	449.74	178.80	342.20	229.46	295.74	285.60	559.98	171.35	202.64	227.97	282.48	350.28	151.98	299.13	165.39	450.00	385.20	362.88	345.56	337.75	352.82	253.30	220.52	334.48	333.27	436.48	253.30	189.23	500.41	446.16	242.87	559.29	177.31	383.04	216.05	268.80	396.68	394.68	364.78	336.70	165.39	228.79	280.78	457.50	280.12	243.08	172.84	211.00	273.00	491.40	257.58	180.29	225.94	453.73	466.46	391.50	263.12	518.88	427.12	236.25	336.00	149.00	260.75	150.49	508.64	199.66	505.40	435.60	295.02	235.44	153.47	163.90	259.26	287.57	287.92	288.55	287.57	486.55

Spare parts types of different demand points: 
(where columns denote demand points: 1 to 100.)
6	9	11	1	6	11	5	3	7	7	10	2	12	10	11	7	3	5	15	7	7	14	7	6	13	10	13	10	11	7	8	15	12	9	3	4	15	1	13	7	4	6	15	4	2	4	3	4	15	6	12	2	12	12	3	2	12	15	11	10	1	5	3	15	13	11	4	12	13	5	10	6	5	11	13	2	13	8	15	11	13	2	3	2	7	4	4	8	9	13	4	12	9	1	9	13	6	2	10	9

inventory management cost per unit time of different types of orders: 
(where columns denote types of orders: 1 to 15.)
1.9	2.4	2.4	2.5	2.4	2.8	1.1	1.9	1.4	2.1	1.7	1.9	1.3	1.7	2.3

Maintenance cost per unit time of different worker: 
(Where rows denote strategy: 1 to 4,and columns denote available worker of each strategy: 1 to 4.)
3.3	4.9	4.3	3.6
4.2	4.4	3.3	3.6
4.2	4	3.6	4.1
3.5	4.8	3.2	4.1

The weight of tardiness cost of different demand points: 
(where columns denote demand points: 1 to 100.)
4	5.9	3.5	5	5.2	5.9	4.9	5.9	3.2	4	3.9	5.6	4.7	3.4	5	5.8	4	5.1	6	5.8	5.3	4.4	5.8	5.3	3.5	5.4	5.1	5.1	4.3	4	4.2	5.2	4.6	4.7	4.5	5.9	4.5	5.3	4.8	3.9	4.4	5.9	3	5	5.6	3.4	4.3	3.4	5.7	3.1	5.6	3.6	4	5.9	5.8	3.9	4.6	4.2	4.8	4.3	3.5	5.8	5.1	4	4	4.2	3.1	5.9	3	3.7	3.3	4	5.7	5.1	3.5	4.3	3.2	5.8	3.4	4.2	4.6	3.8	5.2	4.3	4.6	5	4.9	5.8	5.3	3.8	5.7	4.7	3.7	3.3	4.8	4.1	6	4.2	4.7	4.5

The waste of old spare part per unit time of each distributed equipment: 
(where columns denote demand points: 1 to 100.)
5.5	5.2	5.9	6.7	5.6	6.9	5.2	7.1	6.8	5.6	7.3	7.9	7.9	6.8	7.1	5.1	5.8	7.9	7.6	6.4	5.7	5.3	6.3	5.6	5.5	5.8	7.8	5.5	6.5	6.8	5.5	5.2	5.5	6.7	7.2	5.7	5.8	6.9	6.2	7.6	7.1	5.9	7	6.2	7.6	5.8	5.3	7	7.2	6.5	5.5	7	7.8	5.3	5.5	6.3	7.1	5.7	6.1	6.7	6.4	6.2	6.3	6.9	8	5.4	5.4	7.3	5.7	7.5	5.7	5.5	7.1	5	6.4	7.2	5.1	7.2	7.6	7.7	7.9	6.8	5.8	7.6	7.2	6.9	7.4	6.4	6	6.3	7.1	6.1	5.2	7.9	7.6	6.1	6.2	6.5	5.7	5.7

shutdown cost per unit time of each distributed equipment: 
(where columns denote demand points: 1 to 100.)
23.7	22.4	24.9	24.8	24.1	20.6	21.4	24.4	20.7	23.7	20.1	20.4	21.9	24.1	20	22.6	20.7	20.4	24.8	20.4	20.2	24.7	25	22.2	22.2	21.8	23.1	24.8	23.8	21.3	23.5	22.7	24.8	21	21.1	23	22.9	23.8	23.6	20.9	20	20.5	21.6	20.6	20.7	24.2	23.6	25	21.8	24.2	23.2	24.6	20.8	22.3	21.7	20.3	20	20	22.8	22.6	22	21.6	24.8	21.5	22.2	23.9	21.8	22.5	24.8	24	25	24.4	25	24.9	20.1	24.5	22.3	23	24	22.7	23	22.7	24.5	24.6	23.5	24.2	21.2	24.2	22.6	22.7	24.2	24	22.9	22	22.4	22	23.1	21.9	24.6	22.9

Deterioration rate of each piece of equipment:
(Where columns denote distributed equipment: 1 to 100.)
1.85	1.85	1.98	1.97	1.12	1.12	1.52	1.49	1.74	1.03	1.97	1.81	1.05	1.96	1.64	1.95	1.67	1.26	1.74	1.65	1.53	1.41	1.99	1.2	1.18	1.54	1.86	1.68	1.83	1.15	1.36	1.53	1.07	1.39	1.02	1.69	1.11	2	1.8	1.92	1.63	1.93	1.18	1.7	1.48	1.48	1.61	1.76	1.7	1.27	1.63	1.56	1.49	1.81	1.19	1.71	1.45	1.4	1.88	1.56	1.22	1.82	1.11	1.37	1.01	1.83	1.88	1.18	1.16	1	1.5	1.82	1.06	1.21	1.43	1.57	1.66	1.5	1.43	1.88	1.52	1.05	1.4	1	1.75	1.01	1.76	1.34	1.9	1.98	1.98	1.09	1.03	1.1	1.74	1.93	1.22	1.45	1.93	1.85

The processing time of different types of spare parts: 
(Where rows denote machines: 1 to 8,and columns denote types: 1 to 15.)
27	26	12	13	19	15	28	24	17	20	14	12	10	28	15
21	16	21	19	13	26	20	11	23	13	12	20	15	16	27
11	12	28	18	12	12	17	14	19	15	18	25	18	17	23
14	19	19	29	28	22	20	20	10	29	11	17	15	28	25
10	21	22	21	10	12	25	27	13	15	17	13	27	19	21
25	27	14	29	16	24	24	11	13	24	12	21	29	10	17
20	18	14	15	23	28	11	16	25	16	12	18	16	15	27
13	24	10	26	20	25	17	24	21	16	20	20	12	21	18

The maintenance time of different workers: 
(Where rows denote strategy: 1 to 4,and columns denote available worker of each strategy: 1 to 4.)
47	34	35	39
36	49	42	35
34	49	39	34
45	37	47	34

Repair degree of different strategies: 
(Where rows denote strategy: 1 to 44.)
0.68	0.69	0.51	0.6

Quantity of spare parts of each type reserved in each warehouse: 
(where rows denote warehouses£º1 to 10,and columns denote types£º1 to 15.)
4	5	9	14
1	2	1	1
5	6	7	8	14
1	1	1	1	1
8	14
2	1
9	13	15
2	1	1
1	7	8	10
2	1	1	1

Initial due date of each order: 
(Where columns denote order: 1 to 100.)
149	305	302	149	149	149	209	191	264	226	158	149	284	203	205	235	149	149	294	175	273	149	226	149	290	149	159	170	306	149	149	149	264	252	149	177	149	225	214	189	212	175	299	149	149	226	207	248	149	149	307	286	163	309	149	224	149	192	211	253	299	185	149	167	278	250	149	206	149	211	182	270	243	149	158	289	281	261	184	276	281	225	240	149	149	149	289	149	266	220	149	216	149	149	149	149	236	199	149	263

Maintenance starting time window of each piece of equipment: 
(Where rows denote Lower and Upper bounds of Maintenance starting time window: 1 to 2,and columns denote distributed equipment: 1 to 100.)
104.3	213.5	211.4	104.3	104.3	104.3	146.3	133.7	184.8	158.2	110.6	104.3	198.8	142.1	143.5	164.5	104.3	104.3	205.8	122.5	191.1	104.3	158.2	104.3	203	104.3	111.3	119	214.2	104.3	104.3	104.3	184.8	176.4	104.3	123.9	104.3	157.5	149.8	132.3	148.4	122.5	209.3	104.3	104.3	158.2	144.9	173.6	104.3	104.3	214.9	200.2	114.1	216.3	104.3	156.8	104.3	134.4	147.7	177.1	209.3	129.5	104.3	116.9	194.6	175	104.3	144.2	104.3	147.7	127.4	189	170.1	104.3	110.6	202.3	196.7	182.7	128.8	193.2	196.7	157.5	168	104.3	104.3	104.3	202.3	104.3	186.2	154	104.3	151.2	104.3	104.3	104.3	104.3	165.2	139.3	104.3	184.1
134.1	274.5	271.8	134.1	134.1	134.1	188.1	171.9	237.6	203.4	142.2	134.1	255.6	182.7	184.5	211.5	134.1	134.1	264.6	157.5	245.7	134.1	203.4	134.1	261	134.1	143.1	153	275.4	134.1	134.1	134.1	237.6	226.8	134.1	159.3	134.1	202.5	192.6	170.1	190.8	157.5	269.1	134.1	134.1	203.4	186.3	223.2	134.1	134.1	276.3	257.4	146.7	278.1	134.1	201.6	134.1	172.8	189.9	227.7	269.1	166.5	134.1	150.3	250.2	225	134.1	185.4	134.1	189.9	163.8	243	218.7	134.1	142.2	260.1	252.9	234.9	165.6	248.4	252.9	202.5	216	134.1	134.1	134.1	260.1	134.1	239.4	198	134.1	194.4	134.1	134.1	134.1	134.1	212.4	179.1	134.1	236.7

