Number of orders: 
100

Number of factories\warehouses: 
5

Number of machines per factory: 
5

Number of types of spare parts: 
15

Number of maintenance strategies: 
4

Number of available workers per strategy: 
4

Transportation cost per unit time: 
3

Transprotation time between factories/warehouses and demand points: 
(Where rows denote factories: 1 to 5 ,and columns denote demand points: 1 to 100.)
110	38	76	104	104	133	71	57	40	65	86	112	121	49	127	68	84	101	47	31	93	128	34	53	91	81	109	34	58	147	55	125	139	112	91	106	130	32	89	69	60	108	75	92	75	98	64	46	114	64	98	112	71	37	43	127	32	37	138	62	92	96	51	147	39	146	99	74	69	46	106	77	67	140	80	107	72	40	47	40	104	122	50	67	55	54	53	85	114	73	149	56	116	132	50	103	61	61	62	59
99	91	55	101	141	55	128	101	40	91	131	90	50	73	113	120	42	123	139	59	90	118	50	146	121	40	58	85	71	116	106	141	45	115	36	139	148	66	81	108	51	126	31	98	149	46	59	121	62	56	132	60	83	64	45	50	93	129	60	131	46	61	108	124	77	53	141	55	71	147	39	79	50	139	43	135	53	74	54	78	115	145	126	130	74	130	85	117	85	58	36	89	31	135	118	107	111	52	114	134
90	102	83	31	139	134	65	80	107	42	74	132	97	147	117	125	107	147	127	59	49	104	48	36	124	65	85	30	75	94	96	108	84	99	96	139	116	74	127	63	33	35	58	70	62	115	32	96	122	30	37	131	57	97	80	107	131	66	117	47	133	71	98	38	111	132	68	88	121	128	146	61	108	75	101	68	48	66	33	70	74	112	141	55	31	110	114	68	128	48	51	127	121	72	133	74	43	108	32	93
118	147	79	115	95	92	30	132	76	117	98	101	137	38	123	138	122	39	45	43	95	71	90	115	97	71	99	101	60	111	78	114	57	34	140	91	141	53	72	120	132	109	138	149	112	148	64	56	112	48	139	89	135	78	98	35	111	32	33	84	126	77	33	60	89	92	109	34	141	114	32	71	61	146	81	114	61	133	121	65	141	136	51	81	67	149	71	50	80	148	68	114	136	60	84	112	76	81	34	144
139	76	101	132	53	65	31	126	45	140	99	52	51	130	148	70	100	84	72	105	92	124	95	115	79	144	121	87	53	49	133	101	67	135	74	67	59	124	125	71	65	103	57	60	117	77	109	75	34	68	144	32	71	86	91	44	81	126	85	129	109	71	95	66	53	39	81	92	102	38	55	89	54	51	38	30	145	83	107	46	126	104	103	86	133	90	92	114	73	112	89	61	73	136	125	35	35	45	31	93

Tranfer time of each worker between two different demand points: 
(Where rows and columns both denote demands points: 1 to 100.)
0	50	31	57	64	42	46	44	36	54	74	50	61	59	49	64	64	65	31	55	52	43	38	41	77	73	40	40	70	55	39	61	42	57	52	42	68	58	79	52	72	41	53	67	35	65	64	45	80	62	59	75	45	68	33	47	58	77	58	59	76	62	71	51	45	40	41	78	76	65	75	50	54	71	30	68	78	43	32	67	64	44	73	73	49	70	58	41	34	61	52	59	54	72	76	50	50	80	76	39
50	0	49	60	79	55	46	48	65	30	36	38	36	38	51	30	54	68	51	55	31	71	57	43	33	52	45	75	66	56	77	68	33	52	42	43	47	32	52	50	58	74	65	59	49	76	72	79	62	64	32	56	60	68	66	71	60	38	44	78	51	62	76	69	32	32	36	74	61	79	59	32	64	57	32	61	42	80	42	39	77	52	54	38	75	48	76	71	64	49	60	80	67	38	51	60	40	35	43	77
31	49	0	30	46	67	50	58	36	67	42	62	56	67	55	42	38	74	41	77	76	69	35	65	78	51	75	64	79	63	80	55	66	57	49	41	63	69	51	32	59	38	38	68	76	38	64	80	60	51	43	40	60	42	57	51	65	63	74	44	64	55	41	51	74	50	51	53	76	43	65	76	59	40	30	35	62	70	57	60	57	50	60	49	46	43	50	46	60	44	45	36	76	33	66	40	64	36	44	74
57	60	30	0	66	62	72	38	34	44	58	70	70	30	38	78	76	39	50	52	63	45	41	60	34	65	38	60	79	41	80	70	40	67	67	40	58	65	32	36	30	54	79	68	46	46	48	68	47	53	48	68	33	56	34	63	62	42	32	33	73	51	58	37	60	44	79	55	38	31	44	77	67	39	49	33	37	60	34	76	53	34	68	40	54	35	51	79	36	66	52	36	70	49	49	44	30	46	78	68
64	79	46	66	0	37	62	51	58	53	50	68	70	77	74	33	57	79	31	72	54	77	71	65	73	69	30	35	80	57	53	44	46	61	77	35	40	52	56	74	41	52	68	48	67	57	80	61	40	37	57	63	53	67	41	66	39	54	49	68	64	40	67	38	54	41	30	51	31	48	76	37	47	72	40	78	59	39	46	50	57	59	52	76	64	73	70	41	71	52	56	34	48	33	58	44	51	48	75	37
42	55	67	62	37	0	43	75	57	45	30	68	63	43	68	54	49	80	69	66	38	58	76	56	55	79	68	66	53	39	44	66	74	73	45	78	60	41	44	30	76	76	58	62	70	80	59	79	50	51	67	78	45	63	47	40	45	72	33	35	39	50	64	55	80	75	33	73	54	43	70	78	74	65	65	42	46	43	74	54	37	47	71	76	52	67	62	36	73	40	58	37	62	30	53	35	79	39	38	37
46	46	50	72	62	43	0	37	58	63	80	63	73	42	78	44	50	36	74	61	76	41	36	76	33	43	79	49	31	46	31	41	46	74	40	71	61	36	35	58	76	62	51	60	36	37	33	79	79	33	73	60	61	32	60	73	40	80	34	38	78	37	64	49	75	59	67	45	79	45	65	43	70	48	69	34	40	31	41	68	80	55	36	59	79	61	75	34	63	42	44	74	35	75	41	57	54	67	66	33
44	48	58	38	51	75	37	0	76	70	75	59	30	45	40	37	59	34	45	66	40	33	31	76	43	49	43	77	54	77	33	30	61	62	58	49	43	52	57	55	31	70	60	30	42	30	61	68	45	51	46	40	59	32	39	79	30	68	34	52	43	40	67	43	64	65	40	30	75	63	74	42	37	67	37	62	78	76	53	58	56	54	77	75	34	41	72	47	44	33	38	46	52	44	69	76	78	62	75	68
36	65	36	34	58	57	58	76	0	65	43	64	64	59	69	75	54	37	54	44	64	41	56	36	74	44	51	40	59	68	36	71	36	51	63	36	77	43	38	39	45	57	31	73	76	72	38	42	32	48	77	41	49	62	31	48	40	35	37	34	38	74	77	47	43	36	51	48	58	52	47	67	57	58	76	58	59	75	79	53	51	37	57	51	65	70	33	74	70	34	58	40	39	77	60	35	72	36	73	67
54	30	67	44	53	45	63	70	65	0	56	55	48	54	67	30	40	32	67	37	66	73	36	49	57	46	69	70	69	62	58	49	38	37	31	59	36	72	75	72	30	70	42	79	37	62	40	79	56	35	31	54	45	77	39	80	47	41	79	64	35	49	39	70	42	75	35	37	32	36	40	61	45	40	63	56	39	75	80	57	66	68	42	45	54	71	70	44	49	53	45	51	68	61	71	73	61	45	63	60
74	36	42	58	50	30	80	75	43	56	0	60	47	64	35	38	53	46	68	42	49	67	76	60	72	58	50	80	36	42	77	39	67	73	73	74	39	61	77	79	44	32	54	73	38	38	52	73	43	44	32	50	31	58	47	78	36	57	41	45	68	75	60	30	31	35	47	75	41	74	39	31	77	50	36	64	65	74	43	55	80	67	34	71	68	37	73	63	35	42	52	43	53	38	79	52	66	50	31	57
50	38	62	70	68	68	63	59	64	55	60	0	39	68	76	76	49	74	45	61	51	76	34	35	76	62	54	78	37	59	68	67	37	54	49	66	38	64	38	41	46	60	78	53	72	63	50	32	60	76	80	31	70	53	40	73	45	74	80	73	43	73	32	74	48	77	37	69	78	43	30	38	79	40	78	43	79	63	37	68	50	38	42	47	59	35	70	55	71	37	39	30	62	37	56	42	53	57	30	80
61	36	56	70	70	63	73	30	64	48	47	39	0	75	30	63	72	37	56	43	63	61	77	37	61	39	42	42	32	30	71	60	53	69	33	34	43	33	67	42	34	54	44	47	70	78	74	78	69	48	53	56	38	47	72	47	79	35	39	53	35	42	65	52	36	50	48	68	39	61	55	68	50	70	48	46	55	71	77	51	37	80	54	40	38	36	63	78	33	59	77	66	45	80	48	38	58	73	78	64
59	38	67	30	77	43	42	45	59	54	64	68	75	0	66	73	71	74	33	40	73	67	68	33	32	45	35	30	61	31	52	49	62	76	38	77	41	73	43	30	31	51	69	62	75	76	70	76	61	60	69	74	39	77	62	40	62	65	67	64	37	58	59	62	34	35	69	51	39	30	44	71	64	34	35	63	71	53	74	66	54	52	64	76	43	80	70	50	35	64	33	65	35	61	41	42	63	52	79	34
49	51	55	38	74	68	78	40	69	67	35	76	30	66	0	43	78	76	77	40	46	75	52	61	40	48	45	55	38	34	36	31	30	74	44	36	72	59	56	34	38	60	61	40	71	40	30	30	78	79	76	51	36	37	51	30	63	37	58	31	53	76	42	47	32	32	36	57	37	39	75	70	50	34	33	79	55	56	75	73	47	78	38	76	76	75	80	51	55	44	44	76	80	49	65	42	33	31	71	59
64	30	42	78	33	54	44	37	75	30	38	76	63	73	43	0	56	31	37	53	78	30	52	34	74	33	61	53	35	45	33	38	42	58	56	42	55	52	33	47	42	74	54	53	36	54	38	62	65	75	49	43	42	64	66	52	76	70	34	50	54	74	67	50	68	35	41	57	50	78	42	56	71	69	78	58	45	60	66	42	49	68	74	76	72	70	47	75	41	34	32	38	47	42	30	72	50	63	77	68
64	54	38	76	57	49	50	59	54	40	53	49	72	71	78	56	0	74	74	51	54	41	35	42	32	68	76	64	60	59	63	76	76	54	75	42	38	68	44	61	76	55	59	45	56	55	77	33	67	75	63	69	58	32	33	65	60	79	48	74	47	50	75	52	62	55	66	79	34	39	69	62	67	60	47	47	65	50	62	58	45	69	61	62	66	38	46	76	57	54	36	33	44	62	64	37	43	73	78	39
65	68	74	39	79	80	36	34	37	32	46	74	37	74	76	31	74	0	60	55	50	35	40	51	72	69	45	53	62	66	80	80	38	35	80	57	42	79	40	70	72	67	63	47	73	34	67	66	79	68	79	62	69	32	71	42	66	42	43	60	73	35	49	80	45	34	68	38	60	51	43	55	47	68	35	55	73	30	57	73	56	65	68	64	64	31	80	66	80	68	56	77	68	53	69	76	57	41	39	48
31	51	41	50	31	69	74	45	54	67	68	45	56	33	77	37	74	60	0	45	72	42	54	35	55	58	77	48	43	60	39	80	65	31	51	60	45	45	73	72	48	49	36	72	80	52	43	58	43	53	47	51	34	50	61	71	61	30	37	44	53	34	51	46	65	48	68	59	73	70	47	53	70	50	44	78	62	40	59	59	52	60	72	33	59	30	70	31	53	42	60	72	61	80	54	57	64	48	43	42
55	55	77	52	72	66	61	66	44	37	42	61	43	40	40	53	51	55	45	0	72	33	47	40	51	56	44	70	66	51	33	46	31	34	67	58	36	51	60	40	51	48	45	33	55	50	45	35	44	38	77	76	71	69	44	54	35	41	37	43	71	58	57	80	44	41	67	39	62	56	67	77	75	74	31	37	38	58	30	48	78	35	37	64	76	48	32	64	51	55	78	33	39	68	47	50	79	43	68	39
52	31	76	63	54	38	76	40	64	66	49	51	63	73	46	78	54	50	72	72	0	31	46	32	62	35	71	48	40	61	32	56	52	58	78	32	77	60	66	78	65	41	40	45	71	30	75	80	51	60	74	59	41	45	75	50	31	56	32	62	37	52	80	38	44	69	35	30	74	68	57	42	40	37	70	53	78	57	61	53	52	60	32	77	75	53	63	55	33	68	48	49	48	73	80	69	37	43	80	61
43	71	69	45	77	58	41	33	41	73	67	76	61	67	75	30	41	35	42	33	31	0	36	39	60	53	60	44	49	50	49	46	44	57	71	78	31	57	57	54	40	75	56	40	49	34	60	44	68	65	59	40	66	71	75	37	69	71	30	52	34	37	71	42	38	79	67	59	61	50	35	56	75	79	70	78	78	63	53	71	49	44	76	66	61	61	46	53	63	80	46	31	36	63	70	44	58	58	32	70
38	57	35	41	71	76	36	31	56	36	76	34	77	68	52	52	35	40	54	47	46	36	0	58	30	72	33	60	31	69	53	41	42	31	65	48	43	40	35	75	35	66	66	79	31	40	77	71	52	62	32	31	38	70	70	75	70	64	66	56	37	73	30	77	34	74	31	35	31	76	58	80	71	31	53	68	52	56	73	47	70	52	40	78	47	59	35	73	61	44	52	62	47	60	30	62	54	53	76	48
41	43	65	60	65	56	76	76	36	49	60	35	37	33	61	34	42	51	35	40	32	39	58	0	46	77	45	41	69	35	32	34	63	55	72	39	38	35	61	64	40	33	35	75	74	39	50	65	41	31	60	71	48	78	40	73	32	47	37	74	33	63	79	79	32	50	64	31	49	80	73	39	46	40	31	71	50	69	67	61	56	60	30	46	71	56	32	51	34	77	43	49	74	42	35	50	51	68	75	61
77	33	78	34	73	55	33	43	74	57	72	76	61	32	40	74	32	72	55	51	62	60	30	46	0	51	46	49	65	54	68	52	50	33	80	31	78	59	79	41	32	34	78	71	40	56	35	55	31	61	47	62	55	64	44	60	39	54	79	51	77	73	37	49	34	42	72	45	30	78	47	38	54	49	52	46	80	78	80	74	56	72	44	45	30	64	59	32	37	37	36	39	57	77	62	58	56	53	30	31
73	52	51	65	69	79	43	49	44	46	58	62	39	45	48	33	68	69	58	56	35	53	72	77	51	0	32	76	67	71	49	48	44	50	47	78	44	55	50	63	51	45	30	33	40	53	35	43	65	62	52	58	34	76	61	55	54	32	63	55	37	72	41	52	31	61	31	49	48	70	80	77	63	74	47	58	80	66	53	33	67	38	58	79	63	51	69	58	75	79	52	36	74	66	78	58	30	69	35	68
40	45	75	38	30	68	79	43	51	69	50	54	42	35	45	61	76	45	77	44	71	60	33	45	46	32	0	65	37	64	61	63	35	51	47	40	37	64	68	60	31	51	47	78	72	53	80	49	60	79	77	33	45	67	56	37	50	57	69	63	35	78	36	74	73	53	77	78	67	34	69	55	80	33	79	49	62	47	34	80	41	67	42	58	69	60	64	44	40	31	31	35	49	54	48	60	46	50	37	50
40	75	64	60	35	66	49	77	40	70	80	78	42	30	55	53	64	53	48	70	48	44	60	41	49	76	65	0	39	78	53	55	34	71	50	56	58	65	38	58	50	72	49	41	68	61	77	35	65	52	71	45	57	49	60	72	57	32	76	72	42	80	60	44	66	66	57	48	47	37	63	39	59	62	30	40	62	42	80	55	57	37	57	30	54	78	63	43	47	76	46	77	65	50	73	45	75	45	65	63
70	66	79	79	80	53	31	54	59	69	36	37	32	61	38	35	60	62	43	66	40	49	31	69	65	67	37	39	0	72	57	57	31	65	46	31	54	59	39	60	45	53	48	38	58	39	60	69	53	48	78	33	41	58	39	30	69	33	42	67	74	33	70	51	76	49	74	55	66	55	68	34	80	46	60	72	38	70	70	57	42	53	49	78	46	38	77	38	58	37	70	35	39	37	59	51	77	59	70	36
55	56	63	41	57	39	46	77	68	62	42	59	30	31	34	45	59	66	60	51	61	50	69	35	54	71	64	78	72	0	37	65	76	49	70	51	30	30	72	44	46	76	80	75	48	55	77	67	72	68	58	49	42	41	79	74	72	73	77	80	70	34	59	46	37	34	40	59	34	30	31	35	41	39	75	56	38	42	66	50	38	72	33	43	68	54	57	43	42	59	54	41	68	41	34	51	36	54	43	62
39	77	80	80	53	44	31	33	36	58	77	68	71	52	36	33	63	80	39	33	32	49	53	32	68	49	61	53	57	37	0	71	41	38	45	40	49	61	62	50	43	34	67	49	62	62	59	47	64	53	47	58	73	67	76	73	43	37	70	57	42	42	40	56	42	36	30	37	70	30	59	36	73	56	76	69	65	48	78	79	62	76	48	69	47	31	80	54	30	78	67	75	60	38	69	58	33	69	46	62
61	68	55	70	44	66	41	30	71	49	39	67	60	49	31	38	76	80	80	46	56	46	41	34	52	48	63	55	57	65	71	0	36	59	44	51	38	75	45	67	65	50	59	74	42	73	32	32	42	38	67	73	32	77	71	72	30	78	70	61	66	47	41	76	39	33	53	71	39	45	78	44	70	46	40	80	75	74	54	69	50	63	78	76	34	49	68	73	45	77	35	69	78	47	54	56	50	50	66	35
42	33	66	40	46	74	46	61	36	38	67	37	53	62	30	42	76	38	65	31	52	44	42	63	50	44	35	34	31	76	41	36	0	46	52	43	48	48	65	64	37	75	60	63	34	55	51	35	61	55	75	54	75	59	52	37	67	37	71	76	45	30	66	52	74	64	71	40	56	50	47	80	33	66	66	59	31	54	60	59	45	38	63	52	36	64	44	35	64	63	70	42	76	66	34	68	67	50	69	51
57	52	57	67	61	73	74	62	51	37	73	54	69	76	74	58	54	35	31	34	58	57	31	55	33	50	51	71	65	49	38	59	46	0	80	38	76	64	62	74	76	43	51	40	59	65	42	50	62	36	73	78	77	40	44	60	59	64	47	41	33	59	49	67	60	55	58	59	52	51	40	51	59	39	68	44	34	30	32	38	35	31	69	74	56	62	76	72	31	78	50	38	51	35	75	77	43	31	48	47
52	42	49	67	77	45	40	58	63	31	73	49	33	38	44	56	75	80	51	67	78	71	65	72	80	47	47	50	46	70	45	44	52	80	0	63	58	38	32	73	30	61	35	33	69	54	63	39	55	48	49	40	49	37	63	60	61	47	62	58	62	33	74	43	68	71	64	70	40	80	71	40	72	56	32	30	42	64	41	67	46	44	40	77	53	57	74	61	54	71	31	45	48	77	58	72	48	39	71	67
42	43	41	40	35	78	71	49	36	59	74	66	34	77	36	42	42	57	60	58	32	78	48	39	31	78	40	56	31	51	40	51	43	38	63	0	74	72	50	37	56	44	76	34	72	70	64	48	79	30	52	61	31	41	43	43	42	57	56	60	78	60	40	72	50	66	71	35	41	38	54	58	53	38	44	40	46	47	57	43	41	69	78	61	51	72	61	36	45	52	31	57	73	62	41	39	69	74	67	44
68	47	63	58	40	60	61	43	77	36	39	38	43	41	72	55	38	42	45	36	77	31	43	38	78	44	37	58	54	30	49	38	48	76	58	74	0	37	51	41	35	80	60	78	66	55	73	45	49	55	65	77	32	60	79	32	40	73	40	68	57	59	69	55	35	50	51	35	72	56	43	57	42	43	60	77	54	34	42	44	32	61	58	54	42	34	33	46	72	40	54	61	40	56	38	54	78	38	51	65
58	32	69	65	52	41	36	52	43	72	61	64	33	73	59	52	68	79	45	51	60	57	40	35	59	55	64	65	59	30	61	75	48	64	38	72	37	0	62	34	70	36	72	46	33	74	44	36	77	64	78	46	45	39	48	39	75	44	35	72	68	49	59	65	49	32	38	48	74	66	66	52	57	52	43	43	39	60	64	32	31	35	67	65	32	37	48	62	32	39	45	37	43	56	76	67	56	39	44	78
79	52	51	32	56	44	35	57	38	75	77	38	67	43	56	33	44	40	73	60	66	57	35	61	79	50	68	38	39	72	62	45	65	62	32	50	51	62	0	36	50	57	67	46	48	73	38	47	68	67	66	44	66	43	40	80	76	39	48	63	75	30	74	66	36	40	32	66	63	63	65	77	51	65	46	31	49	56	36	58	65	31	31	32	80	33	69	70	50	68	49	49	70	76	69	44	76	56	38	66
52	50	32	36	74	30	58	55	39	72	79	41	42	30	34	47	61	70	72	40	78	54	75	64	41	63	60	58	60	44	50	67	64	74	73	37	41	34	36	0	41	46	34	65	70	40	51	42	71	77	62	49	65	37	35	77	80	61	40	56	43	75	63	77	38	65	49	64	67	79	46	77	47	34	66	59	79	35	33	35	73	43	47	59	44	69	34	37	31	40	73	50	74	42	34	33	32	70	67	61
72	58	59	30	41	76	76	31	45	30	44	46	34	31	38	42	76	72	48	51	65	40	35	40	32	51	31	50	45	46	43	65	37	76	30	56	35	70	50	41	0	72	75	65	50	60	75	60	34	52	48	79	66	62	32	39	49	62	39	31	73	80	43	69	63	38	31	70	78	40	71	35	35	30	48	49	57	69	64	52	73	69	39	60	41	60	45	43	65	44	58	36	69	36	53	36	32	56	42	80
41	74	38	54	52	76	62	70	57	70	32	60	54	51	60	74	55	67	49	48	41	75	66	33	34	45	51	72	53	76	34	50	75	43	61	44	80	36	57	46	72	0	36	50	34	75	61	72	53	70	37	35	63	78	76	53	61	68	71	72	73	49	38	61	47	37	57	75	57	46	42	38	68	37	56	63	63	39	46	31	77	53	68	68	39	38	68	35	44	59	78	78	60	52	39	44	59	48	70	58
53	65	38	79	68	58	51	60	31	42	54	78	44	69	61	54	59	63	36	45	40	56	66	35	78	30	47	49	48	80	67	59	60	51	35	76	60	72	67	34	75	36	0	61	67	78	53	60	36	36	51	47	41	65	80	79	77	47	58	34	48	30	32	74	49	41	30	59	33	67	32	57	77	54	58	59	53	53	74	75	43	31	49	55	72	69	52	78	67	39	69	54	49	44	52	32	52	50	51	79
67	59	68	68	48	62	60	30	73	79	73	53	47	62	40	53	45	47	72	33	45	40	79	75	71	33	78	41	38	75	49	74	63	40	33	34	78	46	46	65	65	50	61	0	49	79	52	70	75	71	40	71	76	56	60	75	62	42	44	50	73	65	47	38	70	73	54	48	78	33	33	49	54	45	39	35	54	80	63	43	63	61	41	54	30	74	70	66	60	47	30	45	65	76	48	70	31	58	49	54
35	49	76	46	67	70	36	42	76	37	38	72	70	75	71	36	56	73	80	55	71	49	31	74	40	40	72	68	58	48	62	42	34	59	69	72	66	33	48	70	50	34	67	49	0	54	57	61	75	56	66	39	43	51	67	74	70	53	66	35	63	65	62	33	69	53	39	65	58	37	72	59	71	36	58	50	36	36	78	36	78	54	77	34	67	62	42	62	55	68	47	74	31	30	67	33	64	41	53	77
65	76	38	46	57	80	37	30	72	62	38	63	78	76	40	54	55	34	52	50	30	34	40	39	56	53	53	61	39	55	62	73	55	65	54	70	55	74	73	40	60	75	78	79	54	0	76	62	51	63	56	46	49	52	53	32	46	30	35	66	75	61	50	31	41	80	33	35	53	67	35	35	44	39	52	77	74	74	55	80	69	79	79	62	46	50	57	44	63	58	76	59	35	51	31	70	49	63	35	59
64	72	64	48	80	59	33	61	38	40	52	50	74	70	30	38	77	67	43	45	75	60	77	50	35	35	80	77	60	77	59	32	51	42	63	64	73	44	38	51	75	61	53	52	57	76	0	47	73	75	68	36	44	38	33	70	37	62	74	41	41	66	53	50	77	47	67	66	70	68	47	41	59	75	45	76	56	40	57	64	32	63	62	44	59	34	54	41	33	78	33	78	53	47	72	80	74	32	35	48
45	79	80	68	61	79	79	68	42	79	73	32	78	76	30	62	33	66	58	35	80	44	71	65	55	43	49	35	69	67	47	32	35	50	39	48	45	36	47	42	60	72	60	70	61	62	47	0	37	79	65	62	70	78	79	52	53	75	30	34	49	32	65	39	59	68	31	33	35	30	33	53	61	68	44	47	74	48	38	43	40	77	70	37	38	68	41	73	77	42	35	80	73	62	54	33	50	45	64	74
80	62	60	47	40	50	79	45	32	56	43	60	69	61	78	65	67	79	43	44	51	68	52	41	31	65	60	65	53	72	64	42	61	62	55	79	49	77	68	71	34	53	36	75	75	51	73	37	0	58	47	59	34	35	75	39	71	80	52	73	51	51	40	46	47	37	73	50	53	66	75	54	63	78	79	41	41	76	54	50	54	32	47	74	64	58	38	41	65	58	40	48	37	53	61	44	35	31	66	56
62	64	51	53	37	51	33	51	48	35	44	76	48	60	79	75	75	68	53	38	60	65	62	31	61	62	79	52	48	68	53	38	55	36	48	30	55	64	67	77	52	70	36	71	56	63	75	79	58	0	53	77	39	56	65	77	34	63	79	69	77	62	72	44	64	79	54	73	78	66	37	60	43	56	34	36	31	34	32	48	31	77	56	55	35	34	71	77	35	76	72	39	69	36	48	74	32	39	58	49
59	32	43	48	57	67	73	46	77	31	32	80	53	69	76	49	63	79	47	77	74	59	32	60	47	52	77	71	78	58	47	67	75	73	49	52	65	78	66	62	48	37	51	40	66	56	68	65	47	53	0	42	72	61	63	42	51	67	74	49	50	51	48	74	80	44	55	37	79	52	41	62	38	37	54	46	59	77	59	78	58	68	48	46	48	42	48	80	76	72	74	34	56	71	46	66	53	68	42	44
75	56	40	68	63	78	60	40	41	54	50	31	56	74	51	43	69	62	51	76	59	40	31	71	62	58	33	45	33	49	58	73	54	78	40	61	77	46	44	49	79	35	47	71	39	46	36	62	59	77	42	0	70	50	46	59	66	31	34	45	36	80	68	41	69	78	66	55	46	51	80	43	53	68	31	46	66	54	60	49	41	59	80	80	58	73	46	66	59	64	69	50	42	67	51	72	71	58	54	50
45	60	60	33	53	45	61	59	49	45	31	70	38	39	36	42	58	69	34	71	41	66	38	48	55	34	45	57	41	42	73	32	75	77	49	31	32	45	66	65	66	63	41	76	43	49	44	70	34	39	72	70	0	74	61	56	59	68	74	49	58	59	47	52	50	60	65	64	51	55	66	47	69	48	42	43	71	46	37	64	52	47	57	59	44	78	37	64	57	46	32	74	72	33	53	71	33	65	74	73
68	68	42	56	67	63	32	32	62	77	58	53	47	77	37	64	32	32	50	69	45	71	70	78	64	76	67	49	58	41	67	77	59	40	37	41	60	39	43	37	62	78	65	56	51	52	38	78	35	56	61	50	74	0	69	49	66	36	47	48	36	80	80	80	43	78	63	73	72	57	36	56	46	66	77	46	38	77	33	60	69	51	67	56	67	33	70	61	52	44	56	78	76	80	71	53	50	71	32	45
33	66	57	34	41	47	60	39	31	39	47	40	72	62	51	66	33	71	61	44	75	75	70	40	44	61	56	60	39	79	76	71	52	44	63	43	79	48	40	35	32	76	80	60	67	53	33	79	75	65	63	46	61	69	0	54	34	48	30	46	74	71	30	42	40	54	76	66	62	64	57	49	68	63	53	72	58	80	76	51	66	66	72	51	58	34	36	37	68	66	63	68	38	60	62	52	43	77	40	58
47	71	51	63	66	40	73	79	48	80	78	73	47	40	30	52	65	42	71	54	50	37	75	73	60	55	37	72	30	74	73	72	37	60	60	43	32	39	80	77	39	53	79	75	74	32	70	52	39	77	42	59	56	49	54	0	33	38	48	68	63	71	31	76	36	32	39	59	62	74	50	42	59	49	70	30	30	58	39	49	77	31	49	60	43	36	40	71	35	76	46	52	78	43	65	80	51	69	46	35
58	60	65	62	39	45	40	30	40	47	36	45	79	62	63	76	60	66	61	35	31	69	70	32	39	54	50	57	69	72	43	30	67	59	61	42	40	75	76	80	49	61	77	62	70	46	37	53	71	34	51	66	59	66	34	33	0	76	58	79	37	60	60	44	50	52	64	63	47	41	69	59	51	61	39	40	72	64	59	69	80	50	60	62	46	80	52	78	52	45	71	70	61	48	56	39	62	67	73	58
77	38	63	42	54	72	80	68	35	41	57	74	35	65	37	70	79	42	30	41	56	71	64	47	54	32	57	32	33	73	37	78	37	64	47	57	73	44	39	61	62	68	47	42	53	30	62	75	80	63	67	31	68	36	48	38	76	0	78	74	46	46	30	35	63	58	70	74	39	58	70	34	51	54	47	37	74	58	39	49	75	47	33	80	76	63	65	40	56	60	55	75	78	32	47	56	38	37	47	71
58	44	74	32	49	33	34	34	37	79	41	80	39	67	58	34	48	43	37	37	32	30	66	37	79	63	69	76	42	77	70	70	71	47	62	56	40	35	48	40	39	71	58	44	66	35	74	30	52	79	74	34	74	47	30	48	58	78	0	40	66	43	74	69	72	38	51	51	38	63	37	50	72	65	44	41	32	56	62	45	57	67	71	63	62	50	75	70	69	46	68	77	61	60	70	65	60	45	43	37
59	78	44	33	68	35	38	52	34	64	45	73	53	64	31	50	74	60	44	43	62	52	56	74	51	55	63	72	67	80	57	61	76	41	58	60	68	72	63	56	31	72	34	50	35	66	41	34	73	69	49	45	49	48	46	68	79	74	40	0	62	56	31	32	61	54	48	65	44	32	44	52	78	78	68	64	74	56	37	51	77	53	60	34	74	51	61	62	48	60	31	61	34	55	76	49	76	66	53	71
76	51	64	73	64	39	78	43	38	35	68	43	35	37	53	54	47	73	53	71	37	34	37	33	77	37	35	42	74	70	42	66	45	33	62	78	57	68	75	43	73	73	48	73	63	75	41	49	51	77	50	36	58	36	74	63	37	46	66	62	0	48	76	65	67	47	50	48	68	77	35	79	32	72	72	36	67	55	63	38	55	51	73	35	72	51	48	59	41	42	48	45	49	38	61	62	58	68	38	53
62	62	55	51	40	50	37	40	74	49	75	73	42	58	76	74	50	35	34	58	52	37	73	63	73	72	78	80	33	34	42	47	30	59	33	60	59	49	30	75	80	49	30	65	65	61	66	32	51	62	51	80	59	80	71	71	60	46	43	56	48	0	35	66	69	77	32	74	35	58	70	55	51	62	49	63	37	68	62	48	42	31	55	75	43	35	79	79	79	76	72	52	48	35	32	63	47	80	50	78
71	76	41	58	67	64	64	67	77	39	60	32	65	59	42	67	75	49	51	57	80	71	30	79	37	41	36	60	70	59	40	41	66	49	74	40	69	59	74	63	43	38	32	47	62	50	53	65	40	72	48	68	47	80	30	31	60	30	74	31	76	35	0	37	78	59	52	31	54	65	44	47	64	56	69	60	35	77	72	64	73	72	62	32	51	70	56	70	30	68	36	30	40	42	30	49	38	61	70	38
51	69	51	37	38	55	49	43	47	70	30	74	52	62	47	50	52	80	46	80	38	42	77	79	49	52	74	44	51	46	56	76	52	67	43	72	55	65	66	77	69	61	74	38	33	31	50	39	46	44	74	41	52	80	42	76	44	35	69	32	65	66	37	0	76	59	39	54	72	50	74	50	70	71	66	33	70	39	45	55	49	50	61	41	59	75	44	79	67	63	55	53	76	39	37	55	55	80	59	39
45	32	74	60	54	80	75	64	43	42	31	48	36	34	32	68	62	45	65	44	44	38	34	32	34	31	73	66	76	37	42	39	74	60	68	50	35	49	36	38	63	47	49	70	69	41	77	59	47	64	80	69	50	43	40	36	50	63	72	61	67	69	78	76	0	46	56	73	78	32	30	55	49	60	48	59	53	32	37	49	65	79	52	34	74	51	44	46	75	31	79	36	46	58	31	52	59	42	62	44
40	32	50	44	41	75	59	65	36	75	35	77	50	35	32	35	55	34	48	41	69	79	74	50	42	61	53	66	49	34	36	33	64	55	71	66	50	32	40	65	38	37	41	73	53	80	47	68	37	79	44	78	60	78	54	32	52	58	38	54	47	77	59	59	46	0	49	63	58	50	71	51	56	33	75	61	69	68	75	74	59	52	62	66	45	75	63	76	70	48	39	70	73	55	74	39	46	62	75	45
41	36	51	79	30	33	67	40	51	35	47	37	48	69	36	41	66	68	68	67	35	67	31	64	72	31	77	57	74	40	30	53	71	58	64	71	51	38	32	49	31	57	30	54	39	33	67	31	73	54	55	66	65	63	76	39	64	70	51	48	50	32	52	39	56	49	0	72	65	73	48	31	61	36	35	69	47	55	38	58	57	69	71	35	39	56	74	71	30	68	32	32	78	76	65	65	44	48	55	59
78	74	53	55	51	73	45	30	48	37	75	69	68	51	57	57	79	38	59	39	30	59	35	31	45	49	78	48	55	59	37	71	40	59	70	35	35	48	66	64	70	75	59	48	65	35	66	33	50	73	37	55	64	73	66	59	63	74	51	65	48	74	31	54	73	63	72	0	43	54	65	79	33	50	62	77	73	35	55	32	75	35	33	40	51	38	72	35	53	75	53	73	59	80	39	47	54	38	38	67
76	61	76	38	31	54	79	75	58	32	41	78	39	39	37	50	34	60	73	62	74	61	31	49	30	48	67	47	66	34	70	39	56	52	40	41	72	74	63	67	78	57	33	78	58	53	70	35	53	78	79	46	51	72	62	62	47	39	38	44	68	35	54	72	78	58	65	43	0	59	61	67	41	64	78	59	64	75	79	46	61	74	59	74	57	51	77	77	32	68	49	38	57	52	46	59	74	80	52	71
65	79	43	31	48	43	45	63	52	36	74	43	61	30	39	78	39	51	70	56	68	50	76	80	78	70	34	37	55	30	30	45	50	51	80	38	56	66	63	79	40	46	67	33	37	67	68	30	66	66	52	51	55	57	64	74	41	58	63	32	77	58	65	50	32	50	73	54	59	0	35	55	77	50	70	72	41	69	63	46	30	56	44	71	67	54	31	64	30	50	77	78	44	71	51	68	69	72	74	41
75	59	65	44	76	70	65	74	47	40	39	30	55	44	75	42	69	43	47	67	57	35	58	73	47	80	69	63	68	31	59	78	47	40	71	54	43	66	65	46	71	42	32	33	72	35	47	33	75	37	41	80	66	36	57	50	69	70	37	44	35	70	44	74	30	71	48	65	61	35	0	73	56	30	37	58	46	74	42	76	69	45	69	48	54	47	68	55	57	55	71	43	36	41	64	73	61	70	62	66
50	32	76	77	37	78	43	42	67	61	31	38	68	71	70	56	62	55	53	77	42	56	80	39	38	77	55	39	34	35	36	44	80	51	40	58	57	52	77	77	35	38	57	49	59	35	41	53	54	60	62	43	47	56	49	42	59	34	50	52	79	55	47	50	55	51	31	79	67	55	73	0	43	42	75	62	73	70	39	57	48	59	55	77	70	54	55	70	62	44	45	73	77	52	64	74	50	38	71	60
54	64	59	67	47	74	70	37	57	45	77	79	50	64	50	71	67	47	70	75	40	75	71	46	54	63	80	59	80	41	73	70	33	59	72	53	42	57	51	47	35	68	77	54	71	44	59	61	63	43	38	53	69	46	68	59	51	51	72	78	32	51	64	70	49	56	61	33	41	77	56	43	0	53	64	65	39	80	80	61	30	48	56	77	43	42	51	32	57	63	43	36	32	71	40	38	50	40	44	30
71	57	40	39	72	65	48	67	58	40	50	40	70	34	34	69	60	68	50	74	37	79	31	40	49	74	33	62	46	39	56	46	66	39	56	38	43	52	65	34	30	37	54	45	36	39	75	68	78	56	37	68	48	66	63	49	61	54	65	78	72	62	56	71	60	33	36	50	64	50	30	42	53	0	80	39	34	74	67	62	74	63	45	59	78	38	48	73	45	68	73	80	72	47	34	46	76	31	50	73
30	32	30	49	40	65	69	37	76	63	36	78	48	35	33	78	47	35	44	31	70	70	53	31	52	47	79	30	60	75	76	40	66	68	32	44	60	43	46	66	48	56	58	39	58	52	45	44	79	34	54	31	42	77	53	70	39	47	44	68	72	49	69	66	48	75	35	62	78	70	37	75	64	80	0	30	70	63	74	59	55	68	36	72	73	44	70	59	79	30	79	56	66	46	58	61	42	43	53	44
68	61	35	33	78	42	34	62	58	56	64	43	46	63	79	58	47	55	78	37	53	78	68	71	46	58	49	40	72	56	69	80	59	44	30	40	77	43	31	59	49	63	59	35	50	77	76	47	41	36	46	46	43	46	72	30	40	37	41	64	36	63	60	33	59	61	69	77	59	72	58	62	65	39	30	0	65	63	59	58	62	43	73	44	61	72	64	40	35	71	72	47	40	67	62	38	36	42	32	69
78	42	62	37	59	46	40	78	59	39	65	79	55	71	55	45	65	73	62	38	78	78	52	50	80	80	62	62	38	38	65	75	31	34	42	46	54	39	49	79	57	63	53	54	36	74	56	74	41	31	59	66	71	38	58	30	72	74	32	74	67	37	35	70	53	69	47	73	64	41	46	73	39	34	70	65	0	30	65	60	54	63	70	77	49	73	45	53	66	65	57	79	72	71	63	47	48	74	80	43
43	80	70	60	39	43	31	76	75	75	74	63	71	53	56	60	50	30	40	58	57	63	56	69	78	66	47	42	70	42	48	74	54	30	64	47	34	60	56	35	69	39	53	80	36	74	40	48	76	34	77	54	46	77	80	58	64	58	56	56	55	68	77	39	32	68	55	35	75	69	74	70	80	74	63	63	30	0	74	37	76	49	55	38	60	47	36	53	54	74	64	39	58	40	46	66	76	75	47	49
32	42	57	34	46	74	41	53	79	80	43	37	77	74	75	66	62	57	59	30	61	53	73	67	80	53	34	80	70	66	78	54	60	32	41	57	42	64	36	33	64	46	74	63	78	55	57	38	54	32	59	60	37	33	76	39	59	39	62	37	63	62	72	45	37	75	38	55	79	63	42	39	80	67	74	59	65	74	0	53	34	63	63	42	45	65	57	71	41	35	63	32	65	74	37	77	79	65	52	30
67	39	60	76	50	54	68	58	53	57	55	68	51	66	73	42	58	73	59	48	53	71	47	61	74	33	80	55	57	50	79	69	59	38	67	43	44	32	58	35	52	31	75	43	36	80	64	43	50	48	78	49	64	60	51	49	69	49	45	51	38	48	64	55	49	74	58	32	46	46	76	57	61	62	59	58	60	37	53	0	53	32	47	54	57	45	75	38	45	63	37	66	78	40	52	38	53	47	72	39
64	77	57	53	57	37	80	56	51	66	80	50	37	54	47	49	45	56	52	78	52	49	70	56	56	67	41	57	42	38	62	50	45	35	46	41	32	31	65	73	73	77	43	63	78	69	32	40	54	31	58	41	52	69	66	77	80	75	57	77	55	42	73	49	65	59	57	75	61	30	69	48	30	74	55	62	54	76	34	53	0	55	62	52	53	67	53	58	76	47	77	67	56	52	76	33	47	32	63	33
44	52	50	34	59	47	55	54	37	68	67	38	80	52	78	68	69	65	60	35	60	44	52	60	72	38	67	37	53	72	76	63	38	31	44	69	61	35	31	43	69	53	31	61	54	79	63	77	32	77	68	59	47	51	66	31	50	47	67	53	51	31	72	50	79	52	69	35	74	56	45	59	48	63	68	43	63	49	63	32	55	0	63	62	40	35	65	40	76	56	36	69	69	43	32	63	70	57	55	34
73	54	60	68	52	71	36	77	57	42	34	42	54	64	38	74	61	68	72	37	32	76	40	30	44	58	42	57	49	33	48	78	63	69	40	78	58	67	31	47	39	68	49	41	77	79	62	70	47	56	48	80	57	67	72	49	60	33	71	60	73	55	62	61	52	62	71	33	59	44	69	55	56	45	36	73	70	55	63	47	62	63	0	80	41	52	44	63	64	35	49	37	58	74	76	67	36	70	50	34
73	38	49	40	76	76	59	75	51	45	71	47	40	76	76	76	62	64	33	64	77	66	78	46	45	79	58	30	78	43	69	76	52	74	77	61	54	65	32	59	60	68	55	54	34	62	44	37	74	55	46	80	59	56	51	60	62	80	63	34	35	75	32	41	34	66	35	40	74	71	48	77	77	59	72	44	77	38	42	54	52	62	80	0	39	63	75	32	47	62	38	41	65	30	55	48	75	64	57	61
49	75	46	54	64	52	79	34	65	54	68	59	38	43	76	72	66	64	59	76	75	61	47	71	30	63	69	54	46	68	47	34	36	56	53	51	42	32	80	44	41	39	72	30	67	46	59	38	64	35	48	58	44	67	58	43	46	76	62	74	72	43	51	59	74	45	39	51	57	67	54	70	43	78	73	61	49	60	45	57	53	40	41	39	0	43	58	75	43	71	41	77	32	57	35	30	43	60	69	36
70	48	43	35	73	67	61	41	70	71	37	35	36	80	75	70	38	31	30	48	53	61	59	56	64	51	60	78	38	54	31	49	64	62	57	72	34	37	33	69	60	38	69	74	62	50	34	68	58	34	42	73	78	33	34	36	80	63	50	51	51	35	70	75	51	75	56	38	51	54	47	54	42	38	44	72	73	47	65	45	67	35	52	63	43	0	60	31	38	62	54	63	65	70	72	54	69	62	30	59
58	76	50	51	70	62	75	72	33	70	73	70	63	70	80	47	46	80	70	32	63	46	35	32	59	69	64	63	77	57	80	68	44	76	74	61	33	48	69	34	45	68	52	70	42	57	54	41	38	71	48	46	37	70	36	40	52	65	75	61	48	79	56	44	44	63	74	72	77	31	68	55	51	48	70	64	45	36	57	75	53	65	44	75	58	60	0	53	39	43	72	59	79	30	51	44	45	49	67	67
41	71	46	79	41	36	34	47	74	44	63	55	78	50	51	75	76	66	31	64	55	53	73	51	32	58	44	43	38	43	54	73	35	72	61	36	46	62	70	37	43	35	78	66	62	44	41	73	41	77	80	66	64	61	37	71	78	40	70	62	59	79	70	79	46	76	71	35	77	64	55	70	32	73	59	40	53	53	71	38	58	40	63	32	75	31	53	0	75	32	80	48	65	74	45	42	48	35	80	32
34	64	60	36	71	73	63	44	70	49	35	71	33	35	55	41	57	80	53	51	33	63	61	34	37	75	40	47	58	42	30	45	64	31	54	45	72	32	50	31	65	44	67	60	55	63	33	77	65	35	76	59	57	52	68	35	52	56	69	48	41	79	30	67	75	70	30	53	32	30	57	62	57	45	79	35	66	54	41	45	76	76	64	47	43	38	39	75	0	74	68	51	74	49	54	48	55	80	48	62
61	49	44	66	52	40	42	33	34	53	42	37	59	64	44	34	54	68	42	55	68	80	44	77	37	79	31	76	37	59	78	77	63	78	71	52	40	39	68	40	44	59	39	47	68	58	78	42	58	76	72	64	46	44	66	76	45	60	46	60	42	76	68	63	31	48	68	75	68	50	55	44	63	68	30	71	65	74	35	63	47	56	35	62	71	62	43	32	74	0	45	54	71	54	74	50	54	76	62	72
52	60	45	52	56	58	44	38	58	45	52	39	77	33	44	32	36	56	60	78	48	46	52	43	36	52	31	46	70	54	67	35	70	50	31	31	54	45	49	73	58	78	69	30	47	76	33	35	40	72	74	69	32	56	63	46	71	55	68	31	48	72	36	55	79	39	32	53	49	77	71	45	43	73	79	72	57	64	63	37	77	36	49	38	41	54	72	80	68	45	0	72	30	69	44	54	75	30	46	64
59	80	36	36	34	37	74	46	40	51	43	30	66	65	76	38	33	77	72	33	49	31	62	49	39	36	35	77	35	41	75	69	42	38	45	57	61	37	49	50	36	78	54	45	74	59	78	80	48	39	34	50	74	78	68	52	70	75	77	61	45	52	30	53	36	70	32	73	38	78	43	73	36	80	56	47	79	39	32	66	67	69	37	41	77	63	59	48	51	54	72	0	39	30	31	78	76	49	54	80
54	67	76	70	48	62	35	52	39	68	53	62	45	35	80	47	44	68	61	39	48	36	47	74	57	74	49	65	39	68	60	78	76	51	48	73	40	43	70	74	69	60	49	65	31	35	53	73	37	69	56	42	72	76	38	78	61	78	61	34	49	48	40	76	46	73	78	59	57	44	36	77	32	72	66	40	72	58	65	78	56	69	58	65	32	65	79	65	74	71	30	39	0	40	75	54	40	56	43	35
72	38	33	49	33	30	75	44	77	61	38	37	80	61	49	42	62	53	80	68	73	63	60	42	77	66	54	50	37	41	38	47	66	35	77	62	56	56	76	42	36	52	44	76	30	51	47	62	53	36	71	67	33	80	60	43	48	32	60	55	38	35	42	39	58	55	76	80	52	71	41	52	71	47	46	67	71	40	74	40	52	43	74	30	57	70	30	74	49	54	69	30	40	0	79	76	30	77	54	75
76	51	66	49	58	53	41	69	60	71	79	56	48	41	65	30	64	69	54	47	80	70	30	35	62	78	48	73	59	34	69	54	34	75	58	41	38	76	69	34	53	39	52	48	67	31	72	54	61	48	46	51	53	71	62	65	56	47	70	76	61	32	30	37	31	74	65	39	46	51	64	64	40	34	58	62	63	46	37	52	76	32	76	55	35	72	51	45	54	74	44	31	75	79	0	57	33	72	70	35
50	60	40	44	44	35	57	76	35	73	52	42	38	42	42	72	37	76	57	50	69	44	62	50	58	58	60	45	51	51	58	56	68	77	72	39	54	67	44	33	36	44	32	70	33	70	80	33	44	74	66	72	71	53	52	80	39	56	65	49	62	63	49	55	52	39	65	47	59	68	73	74	38	46	61	38	47	66	77	38	33	63	67	48	30	54	44	42	48	50	54	78	54	76	57	0	51	78	69	77
50	40	64	30	51	79	54	78	72	61	66	53	58	63	33	50	43	57	64	79	37	58	54	51	56	30	46	75	77	36	33	50	67	43	48	69	78	56	76	32	32	59	52	31	64	49	74	50	35	32	53	71	33	50	43	51	62	38	60	76	58	47	38	55	59	46	44	54	74	69	61	50	50	76	42	36	48	76	79	53	47	70	36	75	43	69	45	48	55	54	75	76	40	30	33	51	0	46	67	47
80	35	36	46	48	39	67	62	36	45	50	57	73	52	31	63	73	41	48	43	43	58	53	68	53	69	50	45	59	54	69	50	50	31	39	74	38	39	56	70	56	48	50	58	41	63	32	45	31	39	68	58	65	71	77	69	67	37	45	66	68	80	61	80	42	62	48	38	80	72	70	38	40	31	43	42	74	75	65	47	32	57	70	64	60	62	49	35	80	76	30	49	56	77	72	78	46	0	78	58
76	43	44	78	75	38	66	75	73	63	31	30	78	79	71	77	78	39	43	68	80	32	76	75	30	35	37	65	70	43	46	66	69	48	71	67	51	44	38	67	42	70	51	49	53	35	35	64	66	58	42	54	74	32	40	46	73	47	43	53	38	50	70	59	62	75	55	38	52	74	62	71	44	50	53	32	80	47	52	72	63	55	50	57	69	30	67	80	48	62	46	54	43	54	70	69	67	78	0	61
39	77	74	68	37	37	33	68	67	60	57	80	64	34	59	68	39	48	42	39	61	70	48	61	31	68	50	63	36	62	62	35	51	47	67	44	65	78	66	61	80	58	79	54	77	59	48	74	56	49	44	50	73	45	58	35	58	71	37	71	53	78	38	39	44	45	59	67	71	41	66	60	30	73	44	69	43	49	30	39	33	34	34	61	36	59	67	32	62	72	64	80	35	75	35	77	47	58	61	0

Initial health value of each distributed equipment: 
(Where columns denote demand points: 1 to 100.)
154.96	253.70	294.63	193.70	258.96	224.99	216.59	156.45	241.38	204.13	379.89	375.36	271.41	227.97	264.99	204.13	186.25	255.06	156.45	192.21	250.92	149.00	263.73	328.60	254.79	266.40	410.70	213.07	528.45	223.50	271.18	283.10	511.45	298.50	272.80	292.04	204.13	448.07	377.00	237.35	261.00	425.85	220.52	217.50	410.70	168.37	336.31	241.38	364.17	205.80	448.00	244.36	196.68	482.16	338.55	205.62	400.92	241.38	376.30	230.95	257.77	326.56	192.21	510.84	257.77	367.20	399.17	368.15	197.64	315.59	283.92	344.08	350.00	375.44	178.80	382.80	189.28	268.20	283.92	193.70	177.31	212.00	286.50	186.25	233.26	322.40	262.24	379.50	178.80	180.29	478.72	213.58	184.76	268.20	445.89	358.38	258.75	269.50	285.60	192.21

Spare parts types of different demand points: 
(where columns denote demand points: 1 to 100.)
10	1	9	5	12	4	3	8	6	1	10	5	4	1	11	2	5	11	9	4	4	8	10	3	7	7	12	15	13	1	7	1	12	10	15	3	11	14	7	12	15	15	14	4	9	7	3	8	9	10	14	1	2	14	2	14	10	14	3	5	4	3	7	9	4	7	9	13	4	1	2	3	11	15	4	6	8	4	8	6	9	9	7	7	6	3	8	5	4	8	8	5	11	8	1	8	2	3	14	13

inventory management cost per unit time of different types of orders: 
(where columns denote types of orders: 1 to 15.)
1	1.7	2	2.6	2.8	2.7	1.1	1.9	2.4	2.4	1.5	1.4	1.2	1.7	2.6

Maintenance cost per unit time of different worker: 
(Where rows denote strategy: 1 to 4,and columns denote available worker of each strategy: 1 to 4.)
4.8	4.7	3.5	4.2
4.9	3.1	4.2	3.8
4.9	3.7	3.9	4.8
3.5	3.7	4.4	4.8

The weight of tardiness cost of different demand points: 
(where columns denote demand points: 1 to 100.)
4.8	5.5	4.7	5	4.1	4.5	5.8	3.3	5.5	3.7	4.4	5.9	5.3	5	5	3.1	4.4	5.1	3.6	3.9	3.1	4.5	5.5	3.8	3.9	4.6	4.5	3.5	5.3	5.3	4.4	4	5.8	4.3	5.1	4.8	5.8	5.4	3.1	3.1	3	4.1	5.1	3.5	5.9	3.2	4.9	4.7	5.3	5.3	4.3	5.2	4.3	5.8	3.1	4.1	5.1	3.7	3.6	5.2	4.3	3.4	5.2	4.2	4.9	3.4	3.5	4.4	5.1	4.3	5.7	4.4	4.2	5.1	3.5	5	5.4	5.7	4	4.4	4.7	3.2	4	3.7	3.9	3.3	5.6	4.7	4.7	4.6	3.6	3.9	3.3	5.8	4.8	4.2	3.4	3.3	3.9	5.6

The waste of old spare part per unit time of each distributed equipment: 
(where columns denote demand points: 1 to 100.)
5.6	5.1	7.6	7.7	7.6	5.5	7.3	6.7	7.7	6.7	6.7	7.7	6.3	7.7	7.3	6.1	5.4	5.9	6.1	7.6	7.9	6.2	7.6	6.3	6	7	6.9	6.2	5.1	7.2	6.7	5.1	7.1	7.4	5.9	5.5	7.2	5.1	6	6.1	6.3	6.9	5.7	5.1	5.7	7.6	5.1	5.5	7.4	6	5.6	7.7	6.1	8	7.2	5.2	5.7	7.3	5.3	7.6	7.3	5.9	5.1	7	5.7	6.7	7.5	6.4	6	7.9	7.9	6.8	6.7	7.9	5.9	6.6	7.2	7.2	8	6.2	7	7.2	5.9	7.7	6.2	7.7	7.9	5.9	5.4	6.3	7.1	7.1	5.5	5.2	6.9	6.5	7.5	5.9	7.5	6.3

shutdown cost per unit time of each distributed equipment: 
(where columns denote demand points: 1 to 100.)
20	20.9	20.7	24.2	22.1	24.6	23.9	23.1	24.1	21.2	20.4	20.7	21.8	24.6	22	20.9	23.9	20.8	21.3	24.2	24.3	24.4	20.7	22.6	23.1	24.9	21.6	23.2	21.4	22.1	22.6	22.9	24.5	23.1	21.8	23.2	23.1	24.5	24.5	22.6	24.5	21.3	24.6	24.3	20.3	23.3	21.1	24.1	22	22.4	21.8	21.7	20.6	21.4	22	21.5	21.5	24.7	20.3	21.3	22.1	23.3	24.9	23	22.7	22.9	24.7	20.2	23.8	22.2	22.7	24.9	22.4	22.5	24.4	23.6	20.9	21.1	20.5	24	22.5	21.9	20.3	22.3	21.4	22.8	22.8	21.5	23.4	20	24.9	21.8	22.7	20.5	23.1	20.3	21	22.2	24.7	22.7

Deterioration rate of each piece of equipment:
(Where columns denote distributed equipment: 1 to 100.)
1.04	1.18	1.61	1.3	1.04	1.51	1.21	1.05	1.62	1.37	1.89	1.84	1.09	1.53	1.21	1.37	1.25	1.17	1.05	1.29	1.02	1	1.77	1.55	1.71	1.11	1.85	1.43	1.95	1.5	1.82	1.9	1.93	1.99	1.1	1.96	1.37	1.73	1.45	1.01	1.74	1.67	1.48	1.45	1.85	1.13	1.69	1.62	1.99	1.05	1.75	1.64	1.32	1.96	1.85	1.38	1.56	1.62	1.42	1.55	1.73	1.57	1.29	1.98	1.73	1.7	1.79	1.99	1.22	1.51	1.04	1.87	1.75	1.52	1.2	1.45	1.12	1.8	1.69	1.3	1.19	1.06	1.5	1.25	1.09	1.24	1.76	1.5	1.2	1.21	1.87	1.18	1.24	1.8	1.67	1.81	1.25	1.1	1.2	1.29

The processing time of different types of spare parts: 
(Where rows denote machines: 1 to 5,and columns denote types: 1 to 15.)
11	11	26	14	14	27	13	24	29	20	24	19	17	23	13
20	24	28	29	13	19	11	23	15	27	15	17	25	12	15
24	16	13	25	23	24	15	16	24	27	24	23	13	29	18
19	29	20	21	18	26	19	12	21	28	29	15	20	27	20
14	16	10	22	17	25	25	18	13	15	12	29	14	25	16

The maintenance time of different workers: 
(Where rows denote strategy: 1 to 4,and columns denote available worker of each strategy: 1 to 4.)
39	33	44	35
32	46	40	45
30	36	43	31
42	41	32	34

Repair degree of different strategies: 
(Where rows denote strategy: 1 to 44.)
0.65	0.57	0.66	0.55

Quantity of spare parts of each type reserved in each warehouse: 
(where rows denote warehouses£º1 to 10,and columns denote types£º1 to 15.)
1	3	7	9	12
1	1	1	2	1
1	10	11
1	1	1
4
1
3	5	6	8	9	10
1	2	1	1	1	2
6	9	11	14
2	1	1	1

Initial due date of each order: 
(Where columns denote order: 1 to 100.)
149	215	183	149	249	149	179	149	149	149	201	204	249	149	219	149	149	218	149	149	246	149	149	212	149	240	222	149	271	149	149	149	265	150	248	149	149	259	260	235	150	255	149	150	222	149	199	149	183	196	256	149	149	246	183	149	257	149	265	149	149	208	149	258	149	216	223	185	162	209	273	184	200	247	149	264	169	149	168	149	149	200	191	149	214	260	149	253	149	149	256	181	149	149	267	198	207	245	238	149

Maintenance starting time window of each piece of equipment: 
(Where rows denote Lower and Upper bounds of Maintenance starting time window: 1 to 2,and columns denote distributed equipment: 1 to 100.)
104.3	150.5	128.1	104.3	174.3	104.3	125.3	104.3	104.3	104.3	140.7	142.8	174.3	104.3	153.3	104.3	104.3	152.6	104.3	104.3	172.2	104.3	104.3	148.4	104.3	168	155.4	104.3	189.7	104.3	104.3	104.3	185.5	105	173.6	104.3	104.3	181.3	182	164.5	105	178.5	104.3	105	155.4	104.3	139.3	104.3	128.1	137.2	179.2	104.3	104.3	172.2	128.1	104.3	179.9	104.3	185.5	104.3	104.3	145.6	104.3	180.6	104.3	151.2	156.1	129.5	113.4	146.3	191.1	128.8	140	172.9	104.3	184.8	118.3	104.3	117.6	104.3	104.3	140	133.7	104.3	149.8	182	104.3	177.1	104.3	104.3	179.2	126.7	104.3	104.3	186.9	138.6	144.9	171.5	166.6	104.3
134.1	193.5	164.7	134.1	224.1	134.1	161.1	134.1	134.1	134.1	180.9	183.6	224.1	134.1	197.1	134.1	134.1	196.2	134.1	134.1	221.4	134.1	134.1	190.8	134.1	216	199.8	134.1	243.9	134.1	134.1	134.1	238.5	135	223.2	134.1	134.1	233.1	234	211.5	135	229.5	134.1	135	199.8	134.1	179.1	134.1	164.7	176.4	230.4	134.1	134.1	221.4	164.7	134.1	231.3	134.1	238.5	134.1	134.1	187.2	134.1	232.2	134.1	194.4	200.7	166.5	145.8	188.1	245.7	165.6	180	222.3	134.1	237.6	152.1	134.1	151.2	134.1	134.1	180	171.9	134.1	192.6	234	134.1	227.7	134.1	134.1	230.4	162.9	134.1	134.1	240.3	178.2	186.3	220.5	214.2	134.1

