Number of orders: 
100

Number of factories\warehouses: 
3

Number of machines per factory: 
8

Number of types of spare parts: 
5

Number of maintenance strategies: 
3

Number of available workers per strategy: 
3

Transportation cost per unit time: 
3

Transprotation time between factories/warehouses and demand points: 
(Where rows denote factories: 1 to 3 ,and columns denote demand points: 1 to 100.)
93	130	127	116	123	109	148	31	137	52	130	51	88	50	60	73	71	52	94	137	122	122	44	131	146	123	109	86	115	123	46	145	61	64	137	140	39	126	56	32	41	137	57	130	127	65	51	99	95	67	95	134	58	69	101	36	134	107	142	62	65	33	147	118	47	131	58	146	75	137	90	69	96	72	112	58	96	148	145	56	118	111	78	101	105	142	41	132	127	50	72	91	88	82	111	91	56	104	74	146
94	95	35	85	125	129	89	47	75	69	32	87	105	63	52	122	135	83	68	30	108	137	116	144	50	128	131	108	119	147	100	118	110	117	86	129	83	102	122	68	124	115	30	105	68	91	107	48	138	148	141	108	132	100	99	43	72	48	47	30	66	148	71	124	32	88	142	100	99	140	100	127	147	61	37	71	83	148	141	41	70	68	78	62	132	38	137	111	146	68	87	72	95	72	130	106	111	30	143	119
37	95	68	115	133	96	80	99	148	141	89	83	140	36	116	44	59	145	65	67	54	109	149	113	122	51	35	43	36	105	114	143	78	33	92	67	109	115	113	33	104	129	47	141	139	67	84	120	89	41	32	78	126	92	111	80	142	139	145	122	54	116	39	62	52	127	87	118	91	123	76	55	103	37	49	85	120	34	75	32	121	58	119	90	37	149	42	97	51	84	56	76	42	75	140	138	35	67	54	43

Tranfer time of each worker between two different demand points: 
(Where rows and columns both denote demands points: 1 to 100.)
0	44	60	55	45	38	62	31	59	76	61	57	36	58	66	70	42	41	60	55	63	54	70	36	79	34	79	46	75	77	72	32	49	69	65	59	64	69	66	37	52	52	39	70	35	65	65	49	35	32	37	55	48	53	45	46	42	33	49	60	72	56	56	48	36	45	77	55	76	75	70	63	31	30	37	76	75	51	35	79	60	80	40	58	51	56	47	32	46	49	42	50	48	44	34	51	31	37	55	54
44	0	44	43	55	57	78	52	51	46	62	38	55	48	51	47	71	54	77	50	44	69	62	74	56	68	68	49	66	38	67	64	68	74	38	67	32	47	48	69	76	61	46	40	55	75	38	67	75	58	52	72	74	68	39	52	75	58	60	32	36	52	67	66	64	69	42	51	30	68	31	68	59	55	49	42	56	51	66	52	35	48	80	74	58	70	40	77	49	43	74	67	66	40	80	49	36	49	57	32
60	44	0	46	48	55	52	72	49	41	49	79	74	62	41	31	41	72	64	40	53	35	43	37	57	35	79	71	37	32	61	74	60	39	33	42	71	55	75	43	38	36	62	74	30	35	76	41	46	58	64	52	39	46	61	35	76	55	48	32	59	61	36	34	67	60	65	58	75	31	34	51	46	70	30	46	45	64	77	46	37	61	67	44	52	40	30	75	54	57	77	54	46	43	62	36	74	40	53	63
55	43	46	0	53	44	35	63	43	54	44	45	57	32	56	62	62	36	33	65	50	54	36	42	58	34	34	40	43	47	48	65	35	53	73	63	64	41	41	61	76	55	52	62	36	37	78	77	61	62	80	62	72	71	62	68	55	39	63	42	54	63	78	48	73	56	31	58	43	76	53	34	67	61	46	61	68	36	80	65	36	37	30	40	58	63	44	70	71	39	30	47	63	37	71	69	31	57	50	39
45	55	48	53	0	56	69	48	60	46	75	79	73	50	35	76	65	32	31	72	56	58	76	31	36	65	61	49	67	78	41	70	52	72	37	65	75	45	46	67	79	72	42	66	59	33	68	32	41	67	48	31	68	40	30	54	60	60	50	41	72	39	44	54	31	39	64	50	78	67	48	48	43	32	47	38	38	57	66	80	69	59	71	79	76	67	33	69	35	36	56	51	39	30	37	76	42	54	69	56
38	57	55	44	56	0	38	73	54	34	43	34	38	37	71	45	48	37	38	69	58	58	44	57	50	61	37	69	44	51	71	56	39	39	58	43	50	74	42	41	64	39	51	38	70	38	79	55	55	68	30	54	59	60	38	45	60	41	56	58	77	49	53	67	30	49	65	55	46	56	37	47	51	76	73	78	40	52	64	78	67	73	69	70	72	53	54	37	64	68	50	36	60	42	71	35	48	54	55	48
62	78	52	35	69	38	0	37	79	44	50	65	71	68	80	69	53	74	57	37	64	79	63	71	74	52	70	63	57	75	56	75	79	77	38	59	49	39	62	44	45	79	77	56	54	35	42	55	39	57	75	75	66	54	30	78	45	47	44	42	68	30	60	38	75	66	70	46	56	60	31	42	65	69	45	35	46	80	73	59	63	60	71	75	35	71	77	43	72	64	36	47	64	47	37	31	33	49	65	37
31	52	72	63	48	73	37	0	46	40	72	47	59	52	52	32	56	48	49	55	62	43	36	51	50	61	46	56	69	78	60	50	48	65	30	39	58	45	69	38	75	56	71	55	55	50	62	64	80	64	41	75	76	58	49	69	67	72	59	40	54	40	53	73	67	80	57	79	42	57	38	72	64	50	38	37	52	39	72	32	54	72	51	60	68	65	76	54	34	50	31	43	80	31	34	48	72	32	53	78
59	51	49	43	60	54	79	46	0	68	35	33	30	63	69	68	69	44	53	50	48	47	36	42	59	55	68	58	72	68	75	68	58	37	51	36	73	62	33	55	48	59	54	36	77	51	59	71	65	78	32	52	71	64	46	50	62	51	36	60	79	54	44	56	46	33	34	74	76	58	62	76	68	80	47	44	70	40	56	70	38	50	53	53	38	71	68	58	74	30	68	39	40	50	77	32	49	38	47	32
76	46	41	54	46	34	44	40	68	0	63	32	53	50	39	37	41	61	68	39	74	72	33	71	59	37	62	38	56	59	65	50	43	66	78	61	40	35	62	39	51	68	64	36	31	32	62	62	48	59	48	51	63	53	70	38	60	51	62	42	55	50	48	34	73	80	73	49	77	67	72	36	76	43	32	72	68	55	31	40	69	64	48	59	52	69	48	77	40	80	54	45	56	37	78	40	65	67	59	31
61	62	49	44	75	43	50	72	35	63	0	56	61	52	58	31	74	72	34	64	43	61	80	32	76	62	30	78	68	79	48	41	53	35	49	56	34	32	71	55	76	49	78	65	31	76	57	77	73	35	55	42	60	54	31	35	51	54	58	42	56	58	51	39	54	72	72	51	34	34	72	66	65	53	53	42	34	32	57	63	79	70	38	79	40	64	50	61	61	58	79	32	62	75	76	68	64	41	67	53
57	38	79	45	79	34	65	47	33	32	56	0	35	67	50	48	38	74	31	59	43	34	53	48	58	76	46	64	60	66	51	44	76	52	72	62	55	52	66	53	72	50	74	38	65	35	33	65	68	44	46	65	36	30	69	41	63	59	39	59	54	38	48	46	45	75	58	69	78	79	80	71	60	78	54	63	41	71	65	79	58	76	76	32	58	55	65	70	72	57	80	46	56	37	44	47	37	56	73	72
36	55	74	57	73	38	71	59	30	53	61	35	0	37	75	63	44	74	41	59	44	49	62	60	80	32	31	79	61	71	38	45	75	57	67	54	79	64	40	58	38	69	77	72	62	70	37	72	79	74	69	44	50	42	54	72	59	59	76	53	64	42	74	46	54	36	70	77	37	47	37	67	59	65	67	79	75	69	78	33	44	44	37	69	34	77	43	36	38	60	31	33	37	78	72	76	42	58	79	75
58	48	62	32	50	37	68	52	63	50	52	67	37	0	56	60	37	65	72	67	62	57	36	41	35	77	64	77	49	32	34	47	39	71	63	49	70	70	42	50	41	51	65	36	39	61	59	31	57	60	42	55	31	41	41	42	73	80	78	56	32	47	43	38	57	40	63	39	61	55	41	69	68	47	71	79	39	64	33	73	62	65	72	70	38	37	40	47	51	62	80	79	76	64	80	74	67	52	71	47
66	51	41	56	35	71	80	52	69	39	58	50	75	56	0	39	38	44	59	58	34	70	51	59	73	39	55	76	38	73	79	33	64	60	77	50	71	78	44	61	74	48	79	46	74	32	62	62	36	77	57	59	32	48	39	74	40	49	39	43	65	73	38	66	72	70	72	78	44	67	37	37	77	57	41	73	59	30	39	74	40	79	59	56	31	48	45	71	32	60	70	30	57	37	60	32	79	45	36	43
70	47	31	62	76	45	69	32	68	37	31	48	63	60	39	0	66	67	71	45	55	51	60	35	60	46	73	63	61	61	53	67	39	58	38	58	58	49	75	39	44	56	55	50	56	41	59	77	76	79	53	60	58	47	75	44	74	59	75	74	40	53	67	69	59	46	56	37	58	44	65	63	32	34	35	70	71	73	36	71	67	41	36	62	47	60	47	39	65	41	61	37	65	32	33	32	80	45	68	74
42	71	41	62	65	48	53	56	69	41	74	38	44	37	38	66	0	60	79	56	55	58	77	35	43	57	76	63	46	80	43	65	76	54	48	75	40	56	43	57	45	53	70	72	78	64	45	40	58	48	44	73	31	32	31	53	33	57	36	68	78	56	65	32	68	45	51	71	72	77	40	53	33	72	45	73	40	74	65	54	49	63	79	53	79	30	31	51	35	70	66	50	42	32	76	66	45	71	77	62
41	54	72	36	32	37	74	48	44	61	72	74	74	65	44	67	60	0	38	40	55	36	79	39	43	65	61	49	42	62	32	50	56	48	79	57	67	34	38	66	35	61	43	40	32	65	50	32	61	51	67	58	48	76	45	39	32	63	68	71	63	80	69	57	50	30	54	57	43	43	80	68	80	55	50	68	36	72	40	78	64	57	79	64	68	56	51	47	68	35	72	74	74	70	78	77	51	64	62	48
60	77	64	33	31	38	57	49	53	68	34	31	41	72	59	71	79	38	0	53	41	73	60	80	77	47	69	59	50	64	37	33	55	80	53	73	51	73	79	48	35	79	60	61	31	56	32	74	65	39	38	60	78	61	42	63	37	58	34	51	76	65	70	63	63	71	80	45	72	30	59	66	39	79	50	73	64	33	46	51	31	30	62	45	63	41	69	43	57	53	58	61	42	47	68	54	30	32	72	52
55	50	40	65	72	69	37	55	50	39	64	59	59	67	58	45	56	40	53	0	62	62	68	69	39	72	36	36	43	32	41	33	48	63	72	43	67	49	43	73	61	69	52	40	78	75	45	78	67	70	54	39	52	64	69	78	75	43	44	46	59	56	36	74	77	73	60	72	45	58	59	69	77	32	47	34	31	47	76	58	33	54	76	31	38	36	59	33	80	66	69	78	45	48	52	76	33	73	49	36
63	44	53	50	56	58	64	62	48	74	43	43	44	62	34	55	55	55	41	62	0	70	67	77	63	38	33	54	50	44	36	32	55	55	42	41	51	36	34	76	54	72	61	70	55	59	51	49	64	65	59	62	66	30	78	77	58	54	40	55	55	55	31	53	41	62	32	75	61	59	70	33	49	38	43	53	79	38	56	47	69	80	54	44	68	70	48	49	35	39	79	75	41	75	58	75	42	71	58	56
54	69	35	54	58	58	79	43	47	72	61	34	49	57	70	51	58	36	73	62	70	0	55	43	79	48	61	67	65	55	63	77	31	37	60	30	67	41	65	38	44	47	55	42	59	36	73	70	69	46	77	76	39	33	77	43	63	53	45	33	57	76	71	62	76	63	38	39	57	69	58	53	69	39	60	37	69	46	45	31	62	78	70	38	48	32	39	70	72	61	67	58	68	70	80	54	41	43	71	39
70	62	43	36	76	44	63	36	36	33	80	53	62	36	51	60	77	79	60	68	67	55	0	52	50	53	78	35	49	35	53	40	64	77	68	53	33	50	44	47	67	63	72	69	47	30	70	79	61	75	44	44	33	77	46	34	33	77	62	65	66	38	67	51	74	76	53	36	80	55	73	30	70	66	51	32	47	77	45	79	49	58	73	73	30	74	38	63	72	43	30	41	71	34	68	39	31	43	79	32
36	74	37	42	31	57	71	51	42	71	32	48	60	41	59	35	35	39	80	69	77	43	52	0	62	74	38	69	42	45	77	69	54	44	37	36	30	44	30	74	34	30	63	58	49	60	48	36	74	49	39	39	60	46	71	43	75	39	67	58	67	72	34	50	70	80	74	79	33	71	68	40	71	35	52	39	47	74	45	69	40	71	45	54	50	36	56	32	80	45	42	34	77	72	75	73	56	47	47	36
79	56	57	58	36	50	74	50	59	59	76	58	80	35	73	60	43	43	77	39	63	79	50	62	0	77	50	75	55	80	57	67	72	64	47	49	69	79	72	67	76	54	57	70	77	38	52	72	40	30	74	41	75	69	50	53	70	50	46	39	62	80	71	52	31	46	70	72	30	45	32	59	45	74	55	49	35	52	41	65	56	66	72	40	79	33	50	40	64	76	66	41	46	45	43	67	42	50	41	57
34	68	35	34	65	61	52	61	55	37	62	76	32	77	39	46	57	65	47	72	38	48	53	74	77	0	61	45	36	78	34	50	32	37	41	44	73	60	47	40	65	31	39	37	62	61	77	40	48	63	58	46	66	44	48	55	43	53	48	41	67	48	39	32	49	56	33	41	33	50	39	58	72	60	50	52	55	38	65	33	30	36	59	51	58	40	45	34	80	71	73	44	67	64	61	73	69	39	49	74
79	68	79	34	61	37	70	46	68	62	30	46	31	64	55	73	76	61	69	36	33	61	78	38	50	61	0	46	50	79	71	35	72	62	47	62	69	32	49	41	42	69	78	58	54	56	54	61	64	42	62	41	54	34	55	34	75	78	35	30	48	50	36	77	74	66	34	43	74	31	36	34	40	42	41	64	61	64	63	51	32	60	30	62	65	74	62	32	54	41	40	50	42	53	32	61	74	48	67	67
46	49	71	40	49	69	63	56	58	38	78	64	79	77	76	63	63	49	59	36	54	67	35	69	75	45	46	0	57	51	65	57	44	45	30	72	50	58	63	57	69	38	37	66	58	79	72	53	56	64	75	42	52	42	49	33	66	71	52	33	30	40	56	55	66	64	74	76	79	37	51	64	63	78	68	41	67	41	59	57	37	61	42	72	72	57	63	35	49	80	61	46	80	63	40	36	59	69	38	52
75	66	37	43	67	44	57	69	72	56	68	60	61	49	38	61	46	42	50	43	50	65	49	42	55	36	50	57	0	35	31	80	76	48	38	66	65	53	68	79	69	32	60	46	60	58	71	63	57	54	55	57	56	69	38	57	31	31	67	61	32	37	39	58	60	68	54	58	45	52	57	74	49	77	48	74	33	55	64	32	67	41	67	44	31	69	53	61	76	80	68	35	40	58	46	80	75	34	53	61
77	38	32	47	78	51	75	78	68	59	79	66	71	32	73	61	80	62	64	32	44	55	35	45	80	78	79	51	35	0	73	50	55	66	67	69	43	33	67	70	61	47	68	45	51	37	30	50	80	69	76	67	31	54	49	50	52	77	74	44	74	71	33	31	65	67	60	58	58	80	64	69	77	61	44	48	71	70	64	70	70	74	38	57	49	33	31	46	61	62	45	78	33	39	55	63	31	64	62	52
72	67	61	48	41	71	56	60	75	65	48	51	38	34	79	53	43	32	37	41	36	63	53	77	57	34	71	65	31	73	0	77	47	42	46	41	60	56	38	69	36	53	50	32	67	60	75	71	38	57	41	60	44	60	75	35	77	63	67	72	80	37	62	39	41	65	80	44	49	55	80	65	37	43	52	35	32	47	50	41	64	30	48	38	64	72	41	51	39	51	45	38	45	66	30	67	34	46	43	41
32	64	74	65	70	56	75	50	68	50	41	44	45	47	33	67	65	50	33	33	32	77	40	69	67	50	35	57	80	50	77	0	67	32	74	77	69	64	57	62	48	77	43	56	63	59	69	57	76	53	79	32	49	80	38	37	73	43	73	51	70	34	46	40	69	36	68	33	72	33	79	55	38	58	80	50	80	71	65	36	65	53	46	78	76	30	52	46	47	52	79	65	49	78	35	36	46	30	45	65
49	68	60	35	52	39	79	48	58	43	53	76	75	39	64	39	76	56	55	48	55	31	64	54	72	32	72	44	76	55	47	67	0	71	68	37	51	30	70	36	48	64	68	40	59	61	32	34	77	63	43	30	31	46	48	63	59	39	44	33	32	77	63	41	80	60	33	80	41	57	73	39	76	43	30	32	64	77	33	42	45	60	72	76	46	43	72	30	67	55	34	63	58	71	68	41	33	67	53	34
69	74	39	53	72	39	77	65	37	66	35	52	57	71	60	58	54	48	80	63	55	37	77	44	64	37	62	45	48	66	42	32	71	0	77	55	69	77	75	50	65	80	31	48	45	49	70	64	50	53	69	63	79	76	71	66	59	73	53	58	43	51	38	72	40	61	50	48	61	52	64	80	69	34	31	61	74	53	55	55	72	32	79	31	61	55	31	64	54	33	65	65	56	76	41	47	50	77	54	60
65	38	33	73	37	58	38	30	51	78	49	72	67	63	77	38	48	79	53	72	42	60	68	37	47	41	47	30	38	67	46	74	68	77	0	45	69	44	74	44	69	79	79	73	60	58	36	77	45	78	34	33	33	59	76	37	75	49	67	67	50	56	76	62	57	38	37	69	70	45	79	30	42	45	30	58	37	47	69	75	80	78	75	49	40	78	64	62	77	64	73	80	42	55	44	67	44	62	66	74
59	67	42	63	65	43	59	39	36	61	56	62	54	49	50	58	75	57	73	43	41	30	53	36	49	44	62	72	66	69	41	77	37	55	45	0	72	45	53	41	37	77	36	34	34	54	47	80	69	30	45	73	58	67	60	37	79	75	80	55	47	80	73	75	37	64	63	68	48	71	79	36	34	30	69	59	38	59	47	64	61	78	72	41	32	31	69	69	38	79	79	54	80	62	58	71	75	33	39	63
64	32	71	64	75	50	49	58	73	40	34	55	79	70	71	58	40	67	51	67	51	67	33	30	69	73	69	50	65	43	60	69	51	69	69	72	0	56	52	69	69	58	70	45	42	43	56	53	62	66	39	35	61	31	42	64	36	67	66	38	35	80	74	36	77	38	72	38	70	53	57	36	43	49	80	80	76	61	53	60	52	56	36	46	68	35	58	73	44	57	30	71	68	58	43	69	78	67	71	41
69	47	55	41	45	74	39	45	62	35	32	52	64	70	78	49	56	34	73	49	36	41	50	44	79	60	32	58	53	33	56	64	30	77	44	45	56	0	38	30	61	42	80	36	54	44	35	56	53	46	57	78	42	55	66	68	75	57	70	38	39	74	38	30	80	61	49	66	41	44	80	79	60	46	30	57	48	68	60	38	39	52	42	35	58	44	54	70	61	66	42	56	60	80	44	47	64	31	52	80
66	48	75	41	46	42	62	69	33	62	71	66	40	42	44	75	43	38	79	43	34	65	44	30	72	47	49	63	68	67	38	57	70	75	74	53	52	38	0	47	32	71	31	44	77	31	32	78	77	45	78	57	64	71	40	79	52	67	40	37	50	50	33	66	71	38	52	72	79	42	74	31	37	59	73	51	58	52	61	54	41	30	58	42	79	44	79	53	72	56	54	40	62	70	51	56	44	34	49	53
37	69	43	61	67	41	44	38	55	39	55	53	58	50	61	39	57	66	48	73	76	38	47	74	67	40	41	57	79	70	69	62	36	50	44	41	69	30	47	0	30	52	34	61	61	67	56	62	66	33	38	77	76	32	44	79	66	76	68	42	61	61	61	52	50	39	80	62	61	74	43	45	46	65	47	45	52	59	61	52	44	48	62	44	69	59	46	60	50	79	52	30	57	58	80	74	66	80	78	46
52	76	38	76	79	64	45	75	48	51	76	72	38	41	74	44	45	35	35	61	54	44	67	34	76	65	42	69	69	61	36	48	48	65	69	37	69	61	32	30	0	40	35	52	52	72	65	49	48	78	67	69	51	67	37	64	39	45	42	73	56	33	36	50	57	33	53	36	50	64	38	59	57	54	37	78	37	72	38	51	60	42	50	68	73	30	52	38	77	50	30	32	68	48	64	55	77	80	39	62
52	61	36	55	72	39	79	56	59	68	49	50	69	51	48	56	53	61	79	69	72	47	63	30	54	31	69	38	32	47	53	77	64	80	79	77	58	42	71	52	40	0	62	51	71	35	33	30	35	51	56	73	38	55	63	50	62	66	80	45	33	32	60	47	39	48	76	40	77	66	42	34	80	77	77	75	53	50	49	77	46	68	55	54	56	41	31	61	79	45	73	46	54	78	79	42	45	66	42	64
39	46	62	52	42	51	77	71	54	64	78	74	77	65	79	55	70	43	60	52	61	55	72	63	57	39	78	37	60	68	50	43	68	31	79	36	70	80	31	34	35	62	0	77	30	77	42	54	51	71	40	78	54	37	38	46	69	66	45	34	78	58	62	32	72	46	73	70	38	45	35	79	57	57	66	51	69	44	52	62	79	62	66	49	36	40	33	71	38	71	35	34	56	43	67	71	31	66	40	80
70	40	74	62	66	38	56	55	36	36	65	38	72	36	46	50	72	40	61	40	70	42	69	58	70	37	58	66	46	45	32	56	40	48	73	34	45	36	44	61	52	51	77	0	76	38	64	78	35	57	35	46	75	70	62	53	32	48	40	31	80	69	66	51	58	72	58	75	74	42	32	74	44	31	54	78	31	49	77	54	68	31	74	75	47	52	80	73	41	62	40	80	77	49	34	42	54	54	47	62
35	55	30	36	59	70	54	55	77	31	31	65	62	39	74	56	78	32	31	78	55	59	47	49	77	62	54	58	60	51	67	63	59	45	60	34	42	54	77	61	52	71	30	76	0	30	70	33	78	49	60	35	79	71	65	45	35	35	76	37	52	67	53	71	46	60	52	50	78	40	42	68	71	39	71	46	30	43	51	33	62	69	58	67	57	68	80	59	51	79	78	38	64	68	75	42	41	33	55	37
65	75	35	37	33	38	35	50	51	32	76	35	70	61	32	41	64	65	56	75	59	36	30	60	38	61	56	79	58	37	60	59	61	49	58	54	43	44	31	67	72	35	77	38	30	0	69	50	67	48	73	46	41	31	44	65	38	39	39	40	73	50	45	62	50	65	61	41	48	69	62	55	33	49	36	36	69	30	51	69	68	58	50	68	68	69	54	60	34	31	64	42	34	73	49	47	53	37	43	75
65	38	76	78	68	79	42	62	59	62	57	33	37	59	62	59	45	50	32	45	51	73	70	48	52	77	54	72	71	30	75	69	32	70	36	47	56	35	32	56	65	33	42	64	70	69	0	40	58	79	68	45	50	58	59	56	76	53	34	69	69	62	77	79	69	74	47	79	45	41	73	31	55	78	72	74	47	35	32	34	41	67	60	51	34	52	39	54	65	33	61	39	39	55	70	58	43	79	61	40
49	67	41	77	32	55	55	64	71	62	77	65	72	31	62	77	40	32	74	78	49	70	79	36	72	40	61	53	63	50	71	57	34	64	77	80	53	56	78	62	49	30	54	78	33	50	40	0	69	55	79	59	35	57	35	44	62	42	56	79	45	54	63	30	44	37	42	32	61	50	70	50	49	66	48	68	53	71	31	39	45	73	52	33	65	67	32	60	70	38	34	35	72	42	40	31	60	75	48	58
35	75	46	61	41	55	39	80	65	48	73	68	79	57	36	76	58	61	65	67	64	69	61	74	40	48	64	56	57	80	38	76	77	50	45	69	62	53	77	66	48	35	51	35	78	67	58	69	0	37	50	43	34	31	67	66	45	62	63	58	77	38	66	46	40	34	80	66	33	54	40	67	78	71	75	42	42	46	78	68	55	72	39	55	47	52	39	41	30	30	49	73	34	70	46	76	55	57	55	36
32	58	58	62	67	68	57	64	78	59	35	44	74	60	77	79	48	51	39	70	65	46	75	49	30	63	42	64	54	69	57	53	63	53	78	30	66	46	45	33	78	51	71	57	49	48	79	55	37	0	41	30	43	40	48	64	39	41	71	76	79	49	72	42	74	78	63	41	63	33	60	72	54	78	34	56	39	56	36	60	78	38	40	50	32	48	59	69	80	77	52	66	48	41	71	50	50	64	77	61
37	52	64	80	48	30	75	41	32	48	55	46	69	42	57	53	44	67	38	54	59	77	44	39	74	58	62	75	55	76	41	79	43	69	34	45	39	57	78	38	67	56	40	35	60	73	68	79	50	41	0	69	40	69	47	53	72	40	53	42	42	66	65	43	45	70	69	64	75	32	38	73	40	79	38	45	67	77	37	35	65	46	54	61	79	40	43	35	75	79	63	71	42	66	73	60	73	47	39	34
55	72	52	62	31	54	75	75	52	51	42	65	44	55	59	60	73	58	60	39	62	76	44	39	41	46	41	42	57	67	60	32	30	63	33	73	35	78	57	77	69	73	78	46	35	46	45	59	43	30	69	0	56	53	77	52	43	59	52	62	75	30	37	37	38	32	68	80	49	66	40	39	31	43	46	31	58	44	30	49	68	75	72	77	79	56	75	34	72	62	41	33	77	59	54	68	31	51	37	79
48	74	39	72	68	59	66	76	71	63	60	36	50	31	32	58	31	48	78	52	66	39	33	60	75	66	54	52	56	31	44	49	31	79	33	58	61	42	64	76	51	38	54	75	79	41	50	35	34	43	40	56	0	39	52	70	64	37	54	56	31	57	55	44	52	80	51	57	63	70	41	73	55	61	30	31	76	35	50	36	51	42	53	66	40	80	70	50	59	53	50	53	50	30	30	50	48	32	68	63
53	68	46	71	40	60	54	58	64	53	54	30	42	41	48	47	32	76	61	64	30	33	77	46	69	44	34	42	69	54	60	80	46	76	59	67	31	55	71	32	67	55	37	70	71	31	58	57	31	40	69	53	39	0	36	33	72	33	67	57	59	76	33	33	38	57	66	79	44	63	57	62	43	36	64	59	34	74	75	30	56	67	48	45	62	78	34	76	73	33	44	77	74	66	66	62	53	64	63	58
45	39	61	62	30	38	30	49	46	70	31	69	54	41	39	75	31	45	42	69	78	77	46	71	50	48	55	49	38	49	75	38	48	71	76	60	42	66	40	44	37	63	38	62	65	44	59	35	67	48	47	77	52	36	0	55	78	63	65	33	53	80	80	68	51	80	31	35	65	74	44	75	79	31	68	71	57	78	69	65	52	64	52	56	80	80	73	54	49	65	56	42	34	45	59	72	34	41	51	32
46	52	35	68	54	45	78	69	50	38	35	41	72	42	74	44	53	39	63	78	77	43	34	43	53	55	34	33	57	50	35	37	63	66	37	37	64	68	79	79	64	50	46	53	45	65	56	44	66	64	53	52	70	33	55	0	69	66	48	49	67	77	69	63	50	45	34	38	63	39	48	39	39	58	32	62	60	51	45	71	71	76	38	56	69	69	63	68	31	44	58	42	68	46	43	31	76	51	34	37
42	75	76	55	60	60	45	67	62	60	51	63	59	73	40	74	33	32	37	75	58	63	33	75	70	43	75	66	31	52	77	73	59	59	75	79	36	75	52	66	39	62	69	32	35	38	76	62	45	39	72	43	64	72	78	69	0	71	78	46	42	60	44	34	35	37	33	76	33	70	52	61	39	42	66	38	72	56	39	75	33	70	33	42	41	34	69	71	61	80	67	47	68	64	76	38	35	74	37	53
33	58	55	39	60	41	47	72	51	51	54	59	59	80	49	59	57	63	58	43	54	53	77	39	50	53	78	71	31	77	63	43	39	73	49	75	67	57	67	76	45	66	66	48	35	39	53	42	62	41	40	59	37	33	63	66	71	0	36	49	55	54	70	54	33	47	33	76	60	39	77	52	47	38	68	71	36	59	43	36	43	60	73	49	65	51	76	74	35	62	32	40	41	43	56	80	75	62	80	70
49	60	48	63	50	56	44	59	36	62	58	39	76	78	39	75	36	68	34	44	40	45	62	67	46	48	35	52	67	74	67	73	44	53	67	80	66	70	40	68	42	80	45	40	76	39	34	56	63	71	53	52	54	67	65	48	78	36	0	35	52	52	53	56	46	41	64	37	68	59	73	67	55	56	55	37	43	80	33	47	43	35	61	79	40	72	63	59	78	49	53	61	64	59	44	42	74	54	44	76
60	32	32	42	41	58	42	40	60	42	42	59	53	56	43	74	68	71	51	46	55	33	65	58	39	41	30	33	61	44	72	51	33	58	67	55	38	38	37	42	73	45	34	31	37	40	69	79	58	76	42	62	56	57	33	49	46	49	35	0	47	45	46	62	32	60	72	77	37	68	51	70	50	79	40	60	64	67	60	45	47	40	40	75	33	76	30	42	43	67	57	62	35	63	68	37	61	69	74	40
72	36	59	54	72	77	68	54	79	55	56	54	64	32	65	40	78	63	76	59	55	57	66	67	62	67	48	30	32	74	80	70	32	43	50	47	35	39	50	61	56	33	78	80	52	73	69	45	77	79	42	75	31	59	53	67	42	55	52	47	0	78	62	71	41	77	30	55	31	31	66	63	36	49	72	66	66	72	42	31	77	70	43	44	61	42	41	76	54	71	44	57	67	78	30	40	60	79	35	64
56	52	61	63	39	49	30	40	54	50	58	38	42	47	73	53	56	80	65	56	55	76	38	72	80	48	50	40	37	71	37	34	77	51	56	80	80	74	50	61	33	32	58	69	67	50	62	54	38	49	66	30	57	76	80	77	60	54	52	45	78	0	72	67	42	79	61	58	45	77	60	32	32	44	47	50	78	62	48	57	36	70	50	37	51	42	64	80	38	73	49	34	66	43	57	76	80	60	47	62
56	67	36	78	44	53	60	53	44	48	51	48	74	43	38	67	65	69	70	36	31	71	67	34	71	39	36	56	39	33	62	46	63	38	76	73	74	38	33	61	36	60	62	66	53	45	77	63	66	72	65	37	55	33	80	69	44	70	53	46	62	72	0	75	47	48	47	42	32	72	33	66	34	72	64	77	42	45	48	54	61	40	41	47	68	79	80	34	69	40	39	55	78	49	78	73	65	54	53	66
48	66	34	48	54	67	38	73	56	34	39	46	46	38	66	69	32	57	63	74	53	62	51	50	52	32	77	55	58	31	39	40	41	72	62	75	36	30	66	52	50	47	32	51	71	62	79	30	46	42	43	37	44	33	68	63	34	54	56	62	71	67	75	0	68	80	41	45	46	69	35	78	30	61	55	78	67	49	39	73	46	56	53	39	64	62	33	67	54	72	57	62	34	38	74	46	79	33	39	43
36	64	67	73	31	30	75	67	46	73	54	45	54	57	72	59	68	50	63	77	41	76	74	70	31	49	74	66	60	65	41	69	80	40	57	37	77	80	71	50	57	39	72	58	46	50	69	44	40	74	45	38	52	38	51	50	35	33	46	32	41	42	47	68	0	47	72	79	59	42	40	45	68	49	72	76	50	34	63	55	34	72	66	66	49	60	41	58	34	67	61	57	68	32	40	59	57	62	42	43
45	69	60	56	39	49	66	80	33	80	72	75	36	40	70	46	45	30	71	73	62	63	76	80	46	56	66	64	68	67	65	36	60	61	38	64	38	61	38	39	33	48	46	72	60	65	74	37	34	78	70	32	80	57	80	45	37	47	41	60	77	79	48	80	47	0	78	63	54	78	59	71	48	65	38	66	53	37	56	46	47	60	69	59	58	79	59	75	50	31	42	50	36	43	38	34	54	48	41	47
77	42	65	31	64	65	70	57	34	73	72	58	70	63	72	56	51	54	80	60	32	38	53	74	70	33	34	74	54	60	80	68	33	50	37	63	72	49	52	80	53	76	73	58	52	61	47	42	80	63	69	68	51	66	31	34	33	33	64	72	30	61	47	41	72	78	0	76	71	31	77	30	63	54	78	42	71	61	79	45	79	58	57	48	76	31	55	44	63	43	40	39	44	68	60	48	62	73	53	37
55	51	58	58	50	55	46	79	74	49	51	69	77	39	78	37	71	57	45	72	75	39	36	79	72	41	43	76	58	58	44	33	80	48	69	68	38	66	72	62	36	40	70	75	50	41	79	32	66	41	64	80	57	79	35	38	76	76	37	77	55	58	42	45	79	63	76	0	67	52	50	35	66	70	49	67	43	70	52	34	51	66	52	58	42	31	48	51	67	58	30	45	68	80	69	45	42	65	42	52
76	30	75	43	78	46	56	42	76	77	34	78	37	61	44	58	72	43	72	45	61	57	80	33	30	33	74	79	45	58	49	72	41	61	70	48	70	41	79	61	50	77	38	74	78	48	45	61	33	63	75	49	63	44	65	63	33	60	68	37	31	45	32	46	59	54	71	67	0	71	38	59	55	37	76	46	42	51	67	46	41	55	36	65	70	56	45	79	44	54	64	80	68	55	50	68	37	32	45	75
75	68	31	76	67	56	60	57	58	67	34	79	47	55	67	44	77	43	30	58	59	69	55	71	45	50	31	37	52	80	55	33	57	52	45	71	53	44	42	74	64	66	45	42	40	69	41	50	54	33	32	66	70	63	74	39	70	39	59	68	31	77	72	69	42	78	31	52	71	0	64	33	43	66	41	67	70	32	58	76	62	79	52	69	79	68	43	54	49	63	66	55	67	69	46	61	37	54	55	69
70	31	34	53	48	37	31	38	62	72	72	80	37	41	37	65	40	80	59	59	70	58	73	68	32	39	36	51	57	64	80	79	73	64	79	79	57	80	74	43	38	42	35	32	42	62	73	70	40	60	38	40	41	57	44	48	52	77	73	51	66	60	33	35	40	59	77	50	38	64	0	75	71	40	64	53	54	40	75	51	66	57	45	64	67	63	72	30	69	33	64	44	71	63	64	42	73	39	69	45
63	68	51	34	48	47	42	72	76	36	66	71	67	69	37	63	53	68	66	69	33	53	30	40	59	58	34	64	74	69	65	55	39	80	30	36	36	79	31	45	59	34	79	74	68	55	31	50	67	72	73	39	73	62	75	39	61	52	67	70	63	32	66	78	45	71	30	35	59	33	75	0	41	66	32	76	32	39	32	72	74	60	46	61	75	45	52	36	42	67	72	38	35	74	33	36	76	40	80	35
31	59	46	67	43	51	65	64	68	76	65	60	59	68	77	32	33	80	39	77	49	69	70	71	45	72	40	63	49	77	37	38	76	69	42	34	43	60	37	46	57	80	57	44	71	33	55	49	78	54	40	31	55	43	79	39	39	47	55	50	36	32	34	30	68	48	63	66	55	43	71	41	0	66	43	38	43	77	41	74	53	45	73	39	46	50	53	80	44	78	34	45	72	79	69	67	46	51	61	60
30	55	70	61	32	76	69	50	80	43	53	78	65	47	57	34	72	55	79	32	38	39	66	35	74	60	42	78	77	61	43	58	43	34	45	30	49	46	59	65	54	77	57	31	39	49	78	66	71	78	79	43	61	36	31	58	42	38	56	79	49	44	72	61	49	65	54	70	37	66	40	66	66	0	58	60	51	41	66	33	39	42	69	39	38	65	47	54	52	50	55	42	37	70	45	43	45	57	48	31
37	49	30	46	47	73	45	38	47	32	53	54	67	71	41	35	45	50	50	47	43	60	51	52	55	50	41	68	48	44	52	80	30	31	30	69	80	30	73	47	37	77	66	54	71	36	72	48	75	34	38	46	30	64	68	32	66	68	55	40	72	47	64	55	72	38	78	49	76	41	64	32	43	58	0	39	51	76	34	38	72	64	75	49	61	70	77	45	43	50	60	64	38	53	52	73	66	76	45	33
76	42	46	61	38	78	35	37	44	72	42	63	79	79	73	70	73	68	73	34	53	37	32	39	49	52	64	41	74	48	35	50	32	61	58	59	80	57	51	45	78	75	51	78	46	36	74	68	42	56	45	31	31	59	71	62	38	71	37	60	66	50	77	78	76	66	42	67	46	67	53	76	38	60	39	0	38	48	69	66	49	41	73	40	74	40	50	56	34	41	30	61	79	47	60	35	44	80	45	63
75	56	45	68	38	40	46	52	70	68	34	41	75	39	59	71	40	36	64	31	79	69	47	47	35	55	61	67	33	71	32	80	64	74	37	38	76	48	58	52	37	53	69	31	30	69	47	53	42	39	67	58	76	34	57	60	72	36	43	64	66	78	42	67	50	53	71	43	42	70	54	32	43	51	51	38	0	39	42	30	80	43	40	58	36	80	46	51	45	60	30	54	45	61	36	72	67	78	55	76
51	51	64	36	57	52	80	39	40	55	32	71	69	64	30	73	74	72	33	47	38	46	77	74	52	38	64	41	55	70	47	71	77	53	47	59	61	68	52	59	72	50	44	49	43	30	35	71	46	56	77	44	35	74	78	51	56	59	80	67	72	62	45	49	34	37	61	70	51	32	40	39	77	41	76	48	39	0	40	77	45	78	38	57	70	55	57	48	50	43	51	57	64	79	53	64	65	33	63	76
35	66	77	80	66	64	73	72	56	31	57	65	78	33	39	36	65	40	46	76	56	45	45	45	41	65	63	59	64	64	50	65	33	55	69	47	53	60	61	61	38	49	52	77	51	51	32	31	78	36	37	30	50	75	69	45	39	43	33	60	42	48	48	39	63	56	79	52	67	58	75	32	41	66	34	69	42	40	0	70	57	69	56	58	40	36	36	40	64	40	78	30	67	77	53	55	72	59	46	62
79	52	46	65	80	78	59	32	70	40	63	79	33	73	74	71	54	78	51	58	47	31	79	69	65	33	51	57	32	70	41	36	42	55	75	64	60	38	54	52	51	77	62	54	33	69	34	39	68	60	35	49	36	30	65	71	75	36	47	45	31	57	54	73	55	46	45	34	46	76	51	72	74	33	38	66	30	77	70	0	38	74	50	63	80	78	63	57	35	71	75	54	36	62	30	52	70	32	44	61
60	35	37	36	69	67	63	54	38	69	79	58	44	62	40	67	49	64	31	33	69	62	49	40	56	30	32	37	67	70	64	65	45	72	80	61	52	39	41	44	60	46	79	68	62	68	41	45	55	78	65	68	51	56	52	71	33	43	43	47	77	36	61	46	34	47	79	51	41	62	66	74	53	39	72	49	80	45	57	38	0	34	33	75	46	72	66	77	77	41	45	74	37	31	63	30	75	52	51	48
80	48	61	37	59	73	60	72	50	64	70	76	44	65	79	41	63	57	30	54	80	78	58	71	66	36	60	61	41	74	30	53	60	32	78	78	56	52	30	48	42	68	62	31	69	58	67	73	72	38	46	75	42	67	64	76	70	60	35	40	70	70	40	56	72	60	58	66	55	79	57	60	45	42	64	41	43	78	69	74	34	0	41	31	50	59	44	33	62	76	65	35	48	30	51	77	46	70	52	37
40	80	67	30	71	69	71	51	53	48	38	76	37	72	59	36	79	79	62	76	54	70	73	45	72	59	30	42	67	38	48	46	72	79	75	72	36	42	58	62	50	55	66	74	58	50	60	52	39	40	54	72	53	48	52	38	33	73	61	40	43	50	41	53	66	69	57	52	36	52	45	46	73	69	75	73	40	38	56	50	33	41	0	56	30	33	71	56	71	68	38	39	62	57	58	44	40	65	35	73
58	74	44	40	79	70	75	60	53	59	79	32	69	70	56	62	53	64	45	31	44	38	73	54	40	51	62	72	44	57	38	78	76	31	49	41	46	35	42	44	68	54	49	75	67	68	51	33	55	50	61	77	66	45	56	56	42	49	79	75	44	37	47	39	66	59	48	58	65	69	64	61	39	39	49	40	58	57	58	63	75	31	56	0	53	69	80	77	62	35	50	47	57	50	53	60	51	30	48	78
51	58	52	58	76	72	35	68	38	52	40	58	34	38	31	47	79	68	63	38	68	48	30	50	79	58	65	72	31	49	64	76	46	61	40	32	68	58	79	69	73	56	36	47	57	68	34	65	47	32	79	79	40	62	80	69	41	65	40	33	61	51	68	64	49	58	76	42	70	79	67	75	46	38	61	74	36	70	40	80	46	50	30	53	0	51	71	57	46	30	30	48	57	75	59	37	68	51	43	62
56	70	40	63	67	53	71	65	71	69	64	55	77	37	48	60	30	56	41	36	70	32	74	36	33	40	74	57	69	33	72	30	43	55	78	31	35	44	44	59	30	41	40	52	68	69	52	67	52	48	40	56	80	78	80	69	34	51	72	76	42	42	79	62	60	79	31	31	56	68	63	45	50	65	70	40	80	55	36	78	72	59	33	69	51	0	58	52	70	72	79	33	74	52	43	70	75	64	41	69
47	40	30	44	33	54	77	76	68	48	50	65	43	40	45	47	31	51	69	59	48	39	38	56	50	45	62	63	53	31	41	52	72	31	64	69	58	54	79	46	52	31	33	80	80	54	39	32	39	59	43	75	70	34	73	63	69	76	63	30	41	64	80	33	41	59	55	48	45	43	72	52	53	47	77	50	46	57	36	63	66	44	71	80	71	58	0	35	48	53	44	77	40	50	75	70	40	39	46	70
32	77	75	70	69	37	43	54	58	77	61	70	36	47	71	39	51	47	43	33	49	70	63	32	40	34	32	35	61	46	51	46	30	64	62	69	73	70	53	60	38	61	71	73	59	60	54	60	41	69	35	34	50	76	54	68	71	74	59	42	76	80	34	67	58	75	44	51	79	54	30	36	80	54	45	56	51	48	40	57	77	33	56	77	57	52	35	0	43	72	77	41	46	64	59	48	57	72	79	49
46	49	54	71	35	64	72	34	74	40	61	72	38	51	32	65	35	68	57	80	35	72	72	80	64	80	54	49	76	61	39	47	67	54	77	38	44	61	72	50	77	79	38	41	51	34	65	70	30	80	75	72	59	73	49	31	61	35	78	43	54	38	69	54	34	50	63	67	44	49	69	42	44	52	43	34	45	50	64	35	77	62	71	62	46	70	48	43	0	63	41	49	64	79	30	78	57	59	66	71
49	43	57	39	36	68	64	50	30	80	58	57	60	62	60	41	70	35	53	66	39	61	43	45	76	71	41	80	80	62	51	52	55	33	64	79	57	66	56	79	50	45	71	62	79	31	33	38	30	77	79	62	53	33	65	44	80	62	49	67	71	73	40	72	67	31	43	58	54	63	33	67	78	50	50	41	60	43	40	71	41	76	68	35	30	72	53	72	63	0	67	36	48	30	45	41	70	62	32	42
42	74	77	30	56	50	36	31	68	54	79	80	31	80	70	61	66	72	58	69	79	67	30	42	66	73	40	61	68	45	45	79	34	65	73	79	30	42	54	52	30	73	35	40	78	64	61	34	49	52	63	41	50	44	56	58	67	32	53	57	44	49	39	57	61	42	40	30	64	66	64	72	34	55	60	30	30	51	78	75	45	65	38	50	30	79	44	77	41	67	0	60	76	30	48	59	49	67	60	67
50	67	54	47	51	36	47	43	39	45	32	46	33	79	30	37	50	74	61	78	75	58	41	34	41	44	50	46	35	78	38	65	63	65	80	54	71	56	40	30	32	46	34	80	38	42	39	35	73	66	71	33	53	77	42	42	47	40	61	62	57	34	55	62	57	50	39	45	80	55	44	38	45	42	64	61	54	57	30	54	74	35	39	47	48	33	77	41	49	36	60	0	68	78	67	73	48	41	47	51
48	66	46	63	39	60	64	80	40	56	62	56	37	76	57	65	42	74	42	45	41	68	71	77	46	67	42	80	40	33	45	49	58	56	42	80	68	60	62	57	68	54	56	77	64	34	39	72	34	48	42	77	50	74	34	68	68	41	64	35	67	66	78	34	68	36	44	68	68	67	71	35	72	37	38	79	45	64	67	36	37	48	62	57	57	74	40	46	64	48	76	68	0	36	53	68	46	51	37	53
44	40	43	37	30	42	47	31	50	37	75	37	78	64	37	32	32	70	47	48	75	70	34	72	45	64	53	63	58	39	66	78	71	76	55	62	58	80	70	58	48	78	43	49	68	73	55	42	70	41	66	59	30	66	45	46	64	43	59	63	78	43	49	38	32	43	68	80	55	69	63	74	79	70	53	47	61	79	77	62	31	30	57	50	75	52	50	64	79	30	30	78	36	0	38	49	64	55	71	61
34	80	62	71	37	71	37	34	77	78	76	44	72	80	60	33	76	78	68	52	58	80	68	75	43	61	32	40	46	55	30	35	68	41	44	58	43	44	51	80	64	79	67	34	75	49	70	40	46	71	73	54	30	66	59	43	76	56	44	68	30	57	78	74	40	38	60	69	50	46	64	33	69	45	52	60	36	53	53	30	63	51	58	53	59	43	75	59	30	45	48	67	53	38	0	41	54	61	54	74
51	49	36	69	76	35	31	48	32	40	68	47	76	74	32	32	66	77	54	76	75	54	39	73	67	73	61	36	80	63	67	36	41	47	67	71	69	47	56	74	55	42	71	42	42	47	58	31	76	50	60	68	50	62	72	31	38	80	42	37	40	76	73	46	59	34	48	45	68	61	42	36	67	43	73	35	72	64	55	52	30	77	44	60	37	70	70	48	78	41	59	73	68	49	41	0	51	64	35	79
31	36	74	31	42	48	33	72	49	65	64	37	42	67	79	80	45	51	30	33	42	41	31	56	42	69	74	59	75	31	34	46	33	50	44	75	78	64	44	66	77	45	31	54	41	53	43	60	55	50	73	31	48	53	34	76	35	75	74	61	60	80	65	79	57	54	62	42	37	37	73	76	46	45	66	44	67	65	72	70	75	46	40	51	68	75	40	57	57	70	49	48	46	64	54	51	0	54	43	69
37	49	40	57	54	54	49	32	38	67	41	56	58	52	45	45	71	64	32	73	71	43	43	47	50	39	48	69	34	64	46	30	67	77	62	33	67	31	34	80	80	66	66	54	33	37	79	75	57	64	47	51	32	64	41	51	74	62	54	69	79	60	54	33	62	48	73	65	32	54	39	40	51	57	76	80	78	33	59	32	52	70	65	30	51	64	39	72	59	62	67	41	51	55	61	64	54	0	71	62
55	57	53	50	69	55	65	53	47	59	67	73	79	71	36	68	77	62	72	49	58	71	79	47	41	49	67	38	53	62	43	45	53	54	66	39	71	52	49	78	39	42	40	47	55	43	61	48	55	77	39	37	68	63	51	34	37	80	44	74	35	47	53	39	42	41	53	42	45	55	69	80	61	48	45	45	55	63	46	44	51	52	35	48	43	41	46	79	66	32	60	47	37	71	54	35	43	71	0	44
54	32	63	39	56	48	37	78	32	31	53	72	75	47	43	74	62	48	52	36	56	39	32	36	57	74	67	52	61	52	41	65	34	60	74	63	41	80	53	46	62	64	80	62	37	75	40	58	36	61	34	79	63	58	32	37	53	70	76	40	64	62	66	43	43	47	37	52	75	69	45	35	60	31	33	63	76	76	62	61	48	37	73	78	62	69	70	49	71	42	67	51	53	61	74	79	69	62	44	0

Initial health value of each distributed equipment: 
(Where columns denote demand points: 1 to 100.)
218.50	205.70	409.16	459.62	581.75	263.16	680.05	244.36	204.13	531.96	474.12	406.70	247.34	544.05	222.01	904.80	875.90	454.51	269.24	265.60	713.44	328.51	858.33	526.05	898.92	393.96	242.87	748.44	834.02	271.44	491.28	397.46	431.76	556.80	195.19	633.25	169.86	309.96	691.92	491.28	265.32	284.16	755.79	242.87	567.15	269.69	224.91	432.96	223.50	284.49	601.60	441.32	613.47	824.40	383.60	350.88	591.60	281.41	210.09	303.60	216.05	520.52	275.65	262.24	330.48	334.32	232.44	685.10	293.75	269.69	407.48	220.16	764.00	441.32	460.52	466.10	542.44	295.02	288.00	536.55	383.04	609.76	831.60	262.24	639.79	739.19	537.04	370.56	619.24	491.40	189.23	211.95	223.31	558.00	466.65	318.00	361.12	534.49	764.24	188.16

Spare parts types of different demand points: 
(where columns denote demand points: 1 to 100.)
4	4	2	5	1	2	4	1	4	2	1	4	1	3	5	4	4	3	3	4	5	5	1	5	3	2	1	2	5	4	3	5	5	2	2	2	5	2	2	2	4	1	1	4	5	1	5	3	2	2	5	5	2	3	2	5	4	2	5	2	3	5	1	4	2	1	4	5	3	3	2	3	5	4	5	2	3	5	5	1	1	4	2	2	5	2	2	1	2	4	3	4	3	2	3	4	3	2	5	3

inventory management cost per unit time of different types of orders: 
(where columns denote types of orders: 1 to 5.)
1.1	2.7	1.7	1.8	2.5

Maintenance cost per unit time of different worker: 
(Where rows denote strategy: 1 to 3,and columns denote available worker of each strategy: 1 to 3.)
4.9	3.6	4.7
4.6	4.4	4.2
4.8	4.1	3

The weight of tardiness cost of different demand points: 
(where columns denote demand points: 1 to 100.)
3.3	3.6	3.6	3.8	4.5	3.9	5.8	3.7	5.1	3.2	4.8	3.2	4.3	3.4	3.1	4.2	3.9	3.4	5.3	5.7	5.2	3.6	5.7	4.2	3.1	3.6	3	5.5	3.3	4.5	5.4	3.1	3.4	3.8	4.1	3.7	5.1	5.9	3.5	4.2	5.7	3.9	3.7	3.1	3.8	3.2	3	4.3	3.1	4.8	4.8	3.2	3.7	4.2	4	5.9	4	4.4	4.7	5.1	5.6	5.6	4	3.2	5.2	3.7	5.3	5.7	3.8	5.5	3.1	5.8	5.6	3.5	3.6	5.1	4.8	5.7	4.1	5.6	6	5.7	5.1	4.4	3.6	5.7	5.5	4.1	5.1	3.3	4	5.4	4.8	5.5	5.9	5.6	4	3.8	5.8	5.6

The waste of old spare part per unit time of each distributed equipment: 
(where columns denote demand points: 1 to 100.)
5.6	7.7	5.4	7.7	6.5	7.1	6.7	7.4	7.8	7.8	6.8	5.7	7.9	5.1	5.3	6.3	6	5.4	6.8	5.4	7.5	6.3	7.1	8	6.4	7.3	6.6	6.4	5.4	6.9	5.4	5.3	5.7	7.9	5.1	7.5	5.3	6.5	7.5	7.3	5.9	5.7	7.6	6.1	7.2	5.6	7	6.5	7.8	7.6	7.9	7.8	7.5	6.9	5.8	5.1	6.1	6	6.7	7.6	6.6	7.7	6.2	6.6	6.9	6.3	6.1	5.4	7.1	5.5	5.6	6.8	7.4	7.4	5	7.5	7.7	6.8	7.9	6	5	7.8	7	6.3	5.6	5.5	6.6	6.8	5.3	5.3	6.9	6.9	6.4	6.3	5.8	6.9	6.1	5.8	5.8	6.7

shutdown cost per unit time of each distributed equipment: 
(where columns denote demand points: 1 to 100.)
22.2	20.6	24.6	22.8	24.1	24.2	23	22.1	22.9	21.7	21.6	24.4	24	22.4	24.8	21.4	21.6	23.7	24.5	22	22	24.3	23.8	24.1	24.7	21.7	22.1	21.1	22.7	22.1	24	21.5	23.2	23.9	21	24.7	24.1	24.5	21.7	23	20.3	20.5	20.6	22	21.1	24.6	23	24.8	22.3	22.8	23.6	22.5	22.1	22.4	22.8	23.9	20.3	24.4	21.4	21.5	22.8	21	21.5	24.1	22.2	22.4	23	21.6	22	22.2	23.2	23.3	20.6	24.7	22.2	20.2	22.4	23	21.2	21.4	21	21.9	24.7	21.5	20.7	23.2	21.2	22.2	21.2	20.1	20.7	21.1	22	22	21.8	21.8	24.6	20.1	21.8	24.1

Deterioration rate of each piece of equipment:
(Where columns denote distributed equipment: 1 to 100.)
1.15	1.21	1.93	1.34	1.79	1.53	1.45	1.64	1.37	1.56	1.08	1.66	1.66	1.55	1.49	1.95	1.9	1.51	1.06	1.6	1.96	1.33	1.87	1.67	1.98	1.47	1.63	1.89	1.87	1.17	1.78	1.19	1.68	1.45	1.31	1.49	1.14	1.23	1.86	1.38	1.32	1.48	1.77	1.63	1.99	1.81	1.19	1.64	1.5	1.09	1.6	1.18	1.69	1.8	1.4	1.36	1.74	1.07	1.41	1.2	1.45	1.69	1.85	1.76	1.08	1.99	1.56	1.55	1.25	1.81	1.22	1.28	1.91	1.18	1.16	1.18	1.91	1.98	1.5	1.47	1.33	1.48	1.98	1.76	1.37	1.93	1.96	1.93	1.37	1.17	1.27	1.35	1.37	1.5	1.53	2	1.22	1.13	1.64	1.12

The processing time of different types of spare parts: 
(Where rows denote machines: 1 to 8,and columns denote types: 1 to 5.)
20	24	21	26	12
25	15	23	22	26
17	17	25	12	10
24	26	22	11	25
14	20	20	17	10
12	27	24	16	25
28	14	17	13	28
21	18	13	14	16

The maintenance time of different workers: 
(Where rows denote strategy: 1 to 3,and columns denote available worker of each strategy: 1 to 3.)
37	45	32
39	30	38
37	40	49

Repair degree of different strategies: 
(Where rows denote strategy: 1 to 33.)
0.55	0.52	0.69

Quantity of spare parts of each type reserved in each warehouse: 
(where rows denote warehouses£º1 to 6,and columns denote types£º1 to 5.)
2	3	4	5
1	2	1	2
1	2	3	4
1	1	4	2
1	2	5
1	4	2

Initial due date of each order: 
(Where columns denote order: 1 to 100.)
190	170	212	343	325	172	469	149	149	341	439	245	149	351	149	464	461	301	254	166	364	247	459	315	454	268	149	396	446	232	276	334	257	384	149	425	149	252	372	356	201	192	427	149	285	149	189	264	149	261	376	374	363	458	274	258	340	263	149	253	149	308	149	149	306	168	149	442	235	149	334	172	400	374	397	395	284	149	192	365	288	412	420	149	467	383	274	192	452	420	149	157	163	372	305	159	296	473	466	168

Maintenance starting time window of each piece of equipment: 
(Where rows denote Lower and Upper bounds of Maintenance starting time window: 1 to 2,and columns denote distributed equipment: 1 to 100.)
133	119	148.4	240.1	227.5	120.4	328.3	104.3	104.3	238.7	307.3	171.5	104.3	245.7	104.3	324.8	322.7	210.7	177.8	116.2	254.8	172.9	321.3	220.5	317.8	187.6	104.3	277.2	312.2	162.4	193.2	233.8	179.9	268.8	104.3	297.5	104.3	176.4	260.4	249.2	140.7	134.4	298.9	104.3	199.5	104.3	132.3	184.8	104.3	182.7	263.2	261.8	254.1	320.6	191.8	180.6	238	184.1	104.3	177.1	104.3	215.6	104.3	104.3	214.2	117.6	104.3	309.4	164.5	104.3	233.8	120.4	280	261.8	277.9	276.5	198.8	104.3	134.4	255.5	201.6	288.4	294	104.3	326.9	268.1	191.8	134.4	316.4	294	104.3	109.9	114.1	260.4	213.5	111.3	207.2	331.1	326.2	117.6
171	153	190.8	308.7	292.5	154.8	422.1	134.1	134.1	306.9	395.1	220.5	134.1	315.9	134.1	417.6	414.9	270.9	228.6	149.4	327.6	222.3	413.1	283.5	408.6	241.2	134.1	356.4	401.4	208.8	248.4	300.6	231.3	345.6	134.1	382.5	134.1	226.8	334.8	320.4	180.9	172.8	384.3	134.1	256.5	134.1	170.1	237.6	134.1	234.9	338.4	336.6	326.7	412.2	246.6	232.2	306	236.7	134.1	227.7	134.1	277.2	134.1	134.1	275.4	151.2	134.1	397.8	211.5	134.1	300.6	154.8	360	336.6	357.3	355.5	255.6	134.1	172.8	328.5	259.2	370.8	378	134.1	420.3	344.7	246.6	172.8	406.8	378	134.1	141.3	146.7	334.8	274.5	143.1	266.4	425.7	419.4	151.2

