Number of orders: 
100

Number of factories\warehouses: 
3

Number of machines per factory: 
5

Number of types of spare parts: 
5

Number of maintenance strategies: 
4

Number of available workers per strategy: 
3

Transportation cost per unit time: 
3

Transprotation time between factories/warehouses and demand points: 
(Where rows denote factories: 1 to 3 ,and columns denote demand points: 1 to 100.)
57	123	80	46	69	113	109	81	85	112	35	113	115	130	133	101	133	108	97	37	77	76	62	137	119	117	114	144	104	140	63	74	67	112	97	112	91	101	36	48	71	121	51	37	74	82	131	34	65	82	112	67	142	54	137	132	48	62	147	56	142	62	47	125	51	43	50	142	49	131	143	30	75	95	102	60	84	31	61	39	142	112	53	46	52	61	56	69	132	58	87	93	70	69	64	102	135	134	127	79
42	71	46	83	50	42	121	119	94	64	119	109	33	147	97	140	116	128	67	146	119	96	132	102	43	69	92	140	134	44	69	52	99	86	62	81	43	99	47	85	32	107	136	140	49	113	139	66	149	52	61	117	116	41	119	69	62	34	101	127	122	92	38	51	101	55	110	87	83	54	32	76	96	101	61	45	144	120	108	146	52	49	117	81	71	108	45	81	92	132	129	57	141	64	43	84	46	102	66	86
122	121	107	53	113	68	114	107	138	104	77	44	101	117	47	84	123	44	148	46	101	92	125	120	116	146	116	128	97	126	67	132	42	140	101	144	85	84	119	103	48	43	110	44	85	56	62	38	109	129	83	45	34	35	130	56	47	32	99	88	93	61	38	76	65	127	136	38	112	102	77	127	69	110	86	115	109	129	78	131	108	83	70	97	120	81	101	46	138	43	122	138	105	48	33	141	105	59	65	31

Tranfer time of each worker between two different demand points: 
(Where rows and columns both denote demands points: 1 to 100.)
0	48	45	41	78	51	48	61	49	63	68	37	50	37	32	60	47	37	37	40	45	78	44	66	79	76	73	75	51	49	72	39	76	68	79	47	31	66	68	67	70	70	39	54	53	61	80	49	44	37	78	57	44	79	44	36	78	43	60	41	48	38	50	51	41	41	32	76	58	45	30	77	43	32	42	42	70	62	32	54	50	45	46	74	36	52	47	52	48	55	68	73	79	64	37	59	36	65	70	66
48	0	54	69	58	30	51	58	43	51	33	60	55	37	44	73	42	42	30	46	36	41	36	73	43	45	76	42	63	72	66	57	78	69	60	71	50	48	50	46	80	68	51	35	51	63	64	72	65	70	32	62	49	68	56	51	67	61	40	74	42	35	59	59	72	71	48	53	74	30	34	78	56	63	49	49	44	45	61	39	51	72	69	37	33	80	32	54	37	73	51	37	36	45	36	63	34	31	61	70
45	54	0	47	79	36	39	74	34	61	62	41	30	72	71	45	48	69	43	41	34	49	34	40	38	60	48	65	52	67	65	38	66	44	33	42	32	50	78	39	58	80	64	48	45	74	45	77	40	56	51	58	44	76	72	62	59	53	70	31	51	56	57	33	58	74	45	41	73	51	68	70	52	67	43	68	68	35	73	47	42	63	45	48	32	43	32	48	63	71	51	79	68	76	76	54	34	37	77	36
41	69	47	0	38	74	46	64	30	33	35	38	64	49	48	76	62	44	32	55	61	44	45	34	70	47	77	78	66	79	75	66	31	41	78	50	40	40	49	74	56	56	52	72	39	77	50	50	65	36	36	72	78	78	71	60	32	50	45	79	39	43	76	53	49	80	55	78	51	38	65	69	73	64	52	58	63	75	64	51	54	48	47	62	48	79	52	64	72	77	41	70	42	38	40	74	60	36	65	72
78	58	79	38	0	68	46	55	72	34	59	46	73	76	33	51	51	70	65	54	76	33	59	56	64	44	63	77	36	63	67	39	33	38	35	56	60	62	38	48	40	62	53	39	42	59	68	75	38	74	50	60	78	67	39	73	69	66	40	76	60	75	52	49	35	67	54	44	42	38	41	47	36	32	67	80	72	32	38	80	75	51	49	37	75	43	40	72	62	74	74	72	46	69	43	39	68	48	38	50
51	30	36	74	68	0	30	32	43	61	47	71	45	39	70	34	33	43	71	65	46	74	48	41	34	33	64	48	79	70	50	35	43	60	78	32	54	57	46	50	58	72	78	44	68	64	36	74	62	67	61	53	53	59	32	48	66	44	77	53	73	63	77	80	36	60	64	44	56	57	68	74	71	80	58	60	60	77	53	64	54	68	69	69	68	66	31	38	69	74	58	46	31	74	60	52	59	48	53	67
48	51	39	46	46	30	0	39	40	58	57	53	51	32	80	37	30	76	77	60	62	54	45	75	77	51	79	38	62	34	49	52	33	78	53	32	36	47	45	42	68	74	73	78	80	74	73	48	35	76	62	35	45	70	32	70	64	45	54	38	40	45	46	67	68	72	50	44	77	31	70	67	77	30	31	71	48	30	33	79	39	68	59	44	64	51	65	76	33	61	47	75	80	44	51	67	59	52	63	47
61	58	74	64	55	32	39	0	60	41	54	69	75	80	67	73	52	62	76	47	74	71	47	62	38	44	75	38	30	59	32	73	42	40	49	46	63	50	53	47	38	48	53	61	79	64	62	36	49	78	60	60	43	66	58	78	59	50	47	54	48	31	48	61	53	38	44	47	38	76	41	49	45	57	71	78	34	51	62	80	49	75	76	32	45	66	67	75	42	79	70	59	36	52	77	58	44	55	43	57
49	43	34	30	72	43	40	60	0	50	77	43	51	33	38	37	62	76	45	53	35	33	30	77	36	32	74	38	61	30	68	63	59	58	68	33	72	68	65	66	33	51	79	52	68	47	78	59	52	66	70	67	56	30	77	51	61	46	51	78	32	75	40	59	73	38	55	57	55	36	65	61	45	68	55	76	52	37	60	52	54	71	64	32	62	39	30	35	57	73	62	42	32	80	71	51	77	61	56	75
63	51	61	33	34	61	58	41	50	0	70	80	46	77	77	73	71	70	38	50	77	71	78	32	40	49	41	48	66	40	30	73	61	30	74	80	55	67	34	80	63	49	71	54	30	78	41	34	39	70	69	48	53	68	47	48	67	77	77	39	33	44	39	33	73	80	36	64	64	51	34	66	51	70	50	43	31	79	47	41	76	43	39	47	78	43	46	77	36	31	61	72	44	45	80	77	76	79	61	65
68	33	62	35	59	47	57	54	77	70	0	78	78	69	50	33	45	65	79	46	35	38	37	48	43	73	45	75	70	58	75	40	44	32	80	40	34	35	42	51	62	50	42	40	39	80	40	58	53	32	64	59	73	53	70	61	62	30	61	37	45	38	45	67	60	42	38	62	49	79	43	73	59	38	60	35	51	45	79	41	60	78	65	37	70	70	33	41	36	40	76	44	35	32	62	36	71	38	50	52
37	60	41	38	46	71	53	69	43	80	78	0	37	42	55	53	46	72	32	34	63	51	77	39	35	41	61	48	36	68	48	37	58	33	31	43	54	54	41	35	45	77	64	68	63	60	48	57	41	71	49	45	34	37	53	78	50	48	78	60	48	56	68	77	58	66	56	60	35	76	65	67	74	53	42	63	73	31	35	34	56	31	72	76	34	59	40	58	56	72	38	64	61	65	53	41	69	39	49	39
50	55	30	64	73	45	51	75	51	46	78	37	0	70	33	44	40	51	74	30	36	41	67	45	66	71	65	36	39	42	61	32	47	67	52	55	55	66	43	67	32	79	45	58	79	53	63	30	58	30	72	76	48	62	47	44	63	59	41	65	65	45	72	51	34	45	42	64	54	73	43	68	76	42	64	68	57	30	78	65	39	52	48	69	69	54	77	52	76	30	52	69	35	44	49	76	60	53	53	59
37	37	72	49	76	39	32	80	33	77	69	42	70	0	76	66	41	57	57	42	43	33	60	34	74	73	37	32	36	73	40	65	54	61	80	74	31	76	63	37	31	76	73	74	66	55	71	63	74	44	54	47	47	44	39	37	74	70	59	70	80	62	43	78	52	60	72	66	78	79	78	63	60	60	39	57	77	33	61	56	42	49	71	38	70	54	46	47	50	47	37	56	47	34	36	65	46	76	75	34
32	44	71	48	33	70	80	67	38	77	50	55	33	76	0	46	66	42	49	44	71	57	76	45	50	38	41	61	44	56	69	75	44	65	67	69	79	46	65	34	41	32	76	45	36	41	51	34	73	32	52	41	37	57	31	37	30	46	37	73	63	67	38	78	58	47	32	40	47	56	50	78	30	48	66	65	49	80	30	47	73	53	70	37	54	64	73	57	77	53	63	74	77	75	31	78	79	63	63	68
60	73	45	76	51	34	37	73	37	73	33	53	44	66	46	0	52	77	56	65	70	76	78	34	64	74	61	73	31	31	71	59	79	64	58	63	33	67	63	52	48	60	68	49	60	31	68	48	76	64	42	64	37	31	55	33	59	65	45	77	56	38	65	63	30	43	61	51	43	70	49	50	31	80	41	70	79	45	31	49	63	70	77	39	71	35	47	74	76	34	50	56	35	65	30	40	42	40	59	41
47	42	48	62	51	33	30	52	62	71	45	46	40	41	66	52	0	74	77	77	48	47	35	67	62	79	45	40	43	64	52	47	52	47	77	63	61	55	63	65	73	40	43	52	71	61	44	74	43	62	74	48	61	70	78	32	36	62	60	38	65	58	45	49	38	37	63	39	51	69	59	76	61	80	77	62	30	56	47	51	38	34	50	48	64	50	71	48	34	73	58	73	44	71	79	58	80	61	42	78
37	42	69	44	70	43	76	62	76	70	65	72	51	57	42	77	74	0	63	48	63	54	35	52	64	74	32	57	66	45	74	73	45	39	36	80	39	31	58	71	57	61	64	37	43	63	67	67	46	64	63	67	74	37	74	79	40	41	33	69	52	77	78	61	55	46	70	54	58	42	46	32	68	59	36	51	60	40	75	33	39	67	52	57	34	74	40	30	58	69	37	64	33	79	32	52	38	58	33	40
37	30	43	32	65	71	77	76	45	38	79	32	74	57	49	56	77	63	0	51	49	48	57	78	37	79	73	47	48	32	49	33	59	80	79	47	36	41	54	80	55	47	61	35	77	51	66	70	64	63	59	33	59	49	67	63	34	78	76	60	52	77	76	49	38	62	38	57	37	35	30	42	32	48	67	41	30	41	40	53	43	36	75	51	33	61	35	80	48	41	31	36	35	60	38	45	56	45	56	36
40	46	41	55	54	65	60	47	53	50	46	34	30	42	44	65	77	48	51	0	38	32	55	67	58	49	63	56	65	68	59	58	46	40	53	78	68	70	34	39	43	65	61	63	48	53	74	77	58	33	63	32	49	38	44	74	44	42	56	63	48	73	47	41	43	79	30	51	44	36	58	76	67	62	33	51	55	72	58	55	65	63	34	47	51	69	48	63	37	71	47	57	61	74	51	57	77	70	34	36
45	36	34	61	76	46	62	74	35	77	35	63	36	43	71	70	48	63	49	38	0	37	35	54	67	48	57	73	78	32	49	34	54	62	54	52	71	69	77	66	55	73	40	76	70	41	45	65	45	62	44	70	46	38	66	79	67	58	43	54	75	32	57	64	71	33	75	54	76	65	33	35	36	59	79	72	40	37	74	61	79	45	47	33	47	69	67	47	78	44	58	34	38	61	53	60	55	54	75	39
78	41	49	44	33	74	54	71	33	71	38	51	41	33	57	76	47	54	48	32	37	0	51	30	65	57	52	36	79	68	63	53	38	75	73	51	67	80	60	30	37	70	39	53	47	57	30	42	74	31	74	41	59	72	73	40	56	72	48	74	61	73	70	36	59	69	67	70	73	69	40	46	31	54	71	40	48	68	51	45	31	51	69	76	49	36	30	43	69	61	57	69	76	69	31	64	57	73	57	67
44	36	34	45	59	48	45	47	30	78	37	77	67	60	76	78	35	35	57	55	35	51	0	46	57	34	75	56	59	56	60	72	71	53	77	80	55	47	31	77	46	69	31	51	37	70	36	31	36	62	45	42	58	45	77	57	33	74	64	71	79	69	32	34	70	35	37	48	40	54	64	62	58	80	39	78	30	43	71	73	71	79	40	32	68	80	79	37	58	65	34	56	78	37	63	78	44	61	30	38
66	73	40	34	56	41	75	62	77	32	48	39	45	34	45	34	67	52	78	67	54	30	46	0	55	62	74	57	30	45	72	51	48	30	37	35	80	62	78	72	73	57	56	53	30	48	63	73	66	38	55	48	33	30	79	30	73	59	74	78	58	57	33	36	45	54	52	50	37	80	51	30	74	64	66	70	52	44	52	62	38	43	61	48	33	56	68	71	59	67	66	79	62	68	40	80	50	45	39	34
79	43	38	70	64	34	77	38	36	40	43	35	66	74	50	64	62	64	37	58	67	65	57	55	0	38	68	55	71	65	37	63	55	32	76	70	44	51	51	68	72	67	61	40	41	37	74	80	45	42	56	54	59	72	48	48	69	41	39	79	45	35	73	62	59	47	75	63	79	49	38	37	80	71	31	46	41	30	50	37	77	52	41	36	35	56	70	47	62	38	78	57	46	42	34	41	50	41	41	38
76	45	60	47	44	33	51	44	32	49	73	41	71	73	38	74	79	74	79	49	48	57	34	62	38	0	31	32	55	62	40	68	64	31	33	44	74	70	58	37	62	44	80	66	31	50	62	69	41	77	58	72	61	57	78	79	36	40	30	61	36	66	61	63	60	65	78	65	35	36	48	38	51	45	61	57	72	33	60	63	45	48	68	60	78	50	63	40	46	53	64	50	56	71	77	42	68	30	62	75
73	76	48	77	63	64	79	75	74	41	45	61	65	37	41	61	45	32	73	63	57	52	75	74	68	31	0	47	44	30	52	39	80	73	45	43	71	48	49	38	46	56	64	31	57	46	59	49	46	59	51	70	69	73	32	32	49	34	35	39	73	52	49	76	42	39	61	76	40	36	70	39	50	43	76	76	59	49	31	64	30	45	58	41	35	80	77	63	66	43	31	76	45	42	44	42	34	57	73	69
75	42	65	78	77	48	38	38	38	48	75	48	36	32	61	73	40	57	47	56	73	36	56	57	55	32	47	0	68	67	31	68	58	80	77	62	77	57	74	60	75	43	79	63	75	74	62	70	53	67	46	56	55	58	43	65	66	35	60	40	38	75	43	52	43	43	68	46	76	34	58	53	33	41	45	53	33	32	73	39	42	37	76	56	66	47	46	75	45	52	68	40	56	41	64	38	60	35	42	40
51	63	52	66	36	79	62	30	61	66	70	36	39	36	44	31	43	66	48	65	78	79	59	30	71	55	44	68	0	62	43	55	79	45	59	51	37	62	54	71	32	79	61	37	54	44	55	34	50	42	63	54	77	65	70	58	33	68	33	56	66	31	31	67	31	35	71	66	47	58	49	47	70	73	43	59	61	74	80	31	37	45	72	40	53	78	71	64	39	30	64	57	79	52	69	54	78	35	70	79
49	72	67	79	63	70	34	59	30	40	58	68	42	73	56	31	64	45	32	68	32	68	56	45	65	62	30	67	62	0	71	60	72	62	61	47	68	43	51	59	52	58	44	37	57	36	36	56	46	45	36	32	75	52	39	62	57	37	64	52	54	46	79	79	55	66	31	66	30	54	52	44	48	62	78	49	40	32	46	41	40	73	71	46	45	80	80	63	47	31	54	74	77	52	74	38	43	80	30	65
72	66	65	75	67	50	49	32	68	30	75	48	61	40	69	71	52	74	49	59	49	63	60	72	37	40	52	31	43	71	0	54	67	62	75	38	49	49	52	41	38	41	72	37	61	69	53	38	74	69	43	32	72	55	77	38	42	56	79	72	51	44	62	46	48	46	65	40	61	61	63	77	38	39	77	75	74	48	33	78	35	39	44	63	78	67	56	80	54	72	50	47	67	43	45	38	57	39	38	42
39	57	38	66	39	35	52	73	63	73	40	37	32	65	75	59	47	73	33	58	34	53	72	51	63	68	39	68	55	60	54	0	33	43	69	31	65	52	61	49	47	72	47	76	37	46	52	33	38	69	68	71	34	64	68	56	54	80	62	48	37	33	52	68	74	65	37	75	49	37	49	76	50	47	46	74	49	76	42	77	63	52	72	79	77	75	78	39	40	43	30	57	48	77	64	62	47	71	51	36
76	78	66	31	33	43	33	42	59	61	44	58	47	54	44	79	52	45	59	46	54	38	71	48	55	64	80	58	79	72	67	33	0	35	79	57	66	64	55	33	44	58	30	47	80	51	75	74	50	65	66	65	71	31	41	44	58	37	46	59	53	63	42	66	69	43	49	53	75	80	68	41	46	52	70	54	79	49	75	36	67	80	35	51	59	64	65	77	74	48	60	34	72	80	41	76	69	67	73	54
68	69	44	41	38	60	78	40	58	30	32	33	67	61	65	64	47	39	80	40	62	75	53	30	32	31	73	80	45	62	62	43	35	0	37	71	76	76	70	72	52	64	70	51	52	51	69	47	30	50	73	46	37	55	69	76	79	74	54	68	38	56	33	37	70	38	46	65	71	47	45	76	72	68	70	38	44	60	56	40	70	49	80	74	35	65	70	66	49	76	32	56	53	53	68	71	74	47	53	74
79	60	33	78	35	78	53	49	68	74	80	31	52	80	67	58	77	36	79	53	54	73	77	37	76	33	45	77	59	61	75	69	79	37	0	30	45	46	48	40	74	37	77	71	74	40	76	42	72	52	67	43	61	48	68	77	45	48	59	76	75	58	59	46	60	64	80	44	44	44	30	34	73	48	41	42	31	68	52	37	33	42	70	32	57	44	70	61	59	59	50	33	69	38	80	31	73	43	67	71
47	71	42	50	56	32	32	46	33	80	40	43	55	74	69	63	63	80	47	78	52	51	80	35	70	44	43	62	51	47	38	31	57	71	30	0	38	52	38	77	30	52	33	69	34	45	30	60	62	37	33	75	57	30	52	52	50	34	32	62	60	63	42	73	67	42	36	56	42	74	72	79	38	64	59	72	74	35	74	72	36	70	68	63	58	63	50	73	36	78	49	76	52	61	55	64	41	75	32	42
31	50	32	40	60	54	36	63	72	55	34	54	55	31	79	33	61	39	36	68	71	67	55	80	44	74	71	77	37	68	49	65	66	76	45	38	0	66	64	77	50	45	33	49	50	38	31	75	57	31	55	63	64	48	47	48	59	59	64	73	45	71	47	56	37	50	52	54	51	74	41	51	66	57	74	63	53	56	73	42	34	53	78	37	62	40	62	38	37	41	34	30	52	46	50	64	39	32	79	53
66	48	50	40	62	57	47	50	68	67	35	54	66	76	46	67	55	31	41	70	69	80	47	62	51	70	48	57	62	43	49	52	64	76	46	52	66	0	79	58	55	80	37	41	60	51	77	64	65	76	50	44	79	51	57	32	70	30	48	47	34	59	42	76	72	41	77	49	56	60	40	79	52	55	64	77	73	62	34	65	77	73	68	49	51	62	78	75	30	71	53	55	77	39	80	50	76	34	42	49
68	50	78	49	38	46	45	53	65	34	42	41	43	63	65	63	63	58	54	34	77	60	31	78	51	58	49	74	54	51	52	61	55	70	48	38	64	79	0	63	57	76	60	61	43	72	62	49	64	59	34	54	56	51	60	35	43	60	78	37	52	68	58	52	55	47	42	67	54	35	62	66	34	71	58	67	68	42	60	61	72	49	40	75	38	63	73	38	47	66	31	58	49	54	52	64	49	48	56	45
67	46	39	74	48	50	42	47	66	80	51	35	67	37	34	52	65	71	80	39	66	30	77	72	68	37	38	60	71	59	41	49	33	72	40	77	77	58	63	0	78	57	44	71	62	80	37	62	34	76	75	41	71	52	68	34	78	49	43	33	72	60	45	75	30	45	69	37	75	68	66	36	33	37	35	67	65	65	51	73	55	41	30	31	58	34	40	80	44	52	40	72	53	64	44	39	54	46	41	62
70	80	58	56	40	58	68	38	33	63	62	45	32	31	41	48	73	57	55	43	55	37	46	73	72	62	46	75	32	52	38	47	44	52	74	30	50	55	57	78	0	60	70	68	36	44	69	47	43	52	64	64	48	58	30	30	60	35	77	73	77	71	38	73	76	69	75	33	33	79	37	54	34	52	76	42	64	74	45	66	66	40	35	40	37	51	80	77	78	60	49	80	49	55	76	60	60	35	45	37
70	68	80	56	62	72	74	48	51	49	50	77	79	76	32	60	40	61	47	65	73	70	69	57	67	44	56	43	79	58	41	72	58	64	37	52	45	80	76	57	60	0	54	32	44	45	31	36	59	45	56	76	32	69	45	41	43	67	55	69	51	50	61	43	33	48	52	70	64	36	34	65	45	62	60	34	36	39	53	74	34	52	49	72	70	63	75	70	74	41	57	49	47	65	79	75	61	33	69	39
39	51	64	52	53	78	73	53	79	71	42	64	45	73	76	68	43	64	61	61	40	39	31	56	61	80	64	79	61	44	72	47	30	70	77	33	33	37	60	44	70	54	0	64	79	55	59	40	64	41	45	47	79	78	38	75	70	42	32	56	38	65	55	46	58	69	55	79	76	74	67	50	31	41	38	47	50	51	31	79	31	58	75	56	51	64	55	58	80	38	70	59	45	74	47	52	71	60	39	56
54	35	48	72	39	44	78	61	52	54	40	68	58	74	45	49	52	37	35	63	76	53	51	53	40	66	31	63	37	37	37	76	47	51	71	69	49	41	61	71	68	32	64	0	45	65	50	75	42	52	60	63	37	53	73	33	70	48	32	75	67	39	61	43	64	72	79	48	68	79	53	47	53	70	72	56	31	56	68	71	34	32	55	36	62	45	76	74	78	62	58	53	48	40	63	31	36	50	61	51
53	51	45	39	42	68	80	79	68	30	39	63	79	66	36	60	71	43	77	48	70	47	37	30	41	31	57	75	54	57	61	37	80	52	74	34	50	60	43	62	36	44	79	45	0	32	47	41	79	45	53	61	47	76	58	76	69	76	38	37	60	35	78	78	49	69	37	56	55	63	54	61	36	72	76	30	67	74	32	77	64	49	51	76	42	60	62	36	47	59	56	70	72	76	64	64	59	47	80	51
61	63	74	77	59	64	74	64	47	78	80	60	53	55	41	31	61	63	51	53	41	57	70	48	37	50	46	74	44	36	69	46	51	51	40	45	38	51	72	80	44	45	55	65	32	0	35	44	80	68	77	78	41	56	70	57	32	36	57	61	78	42	38	46	44	64	66	76	56	30	39	60	64	37	73	80	68	53	40	59	64	41	50	62	56	53	45	52	76	32	32	55	72	30	54	33	64	35	53	62
80	64	45	50	68	36	73	62	78	41	40	48	63	71	51	68	44	67	66	74	45	30	36	63	74	62	59	62	55	36	53	52	75	69	76	30	31	77	62	37	69	31	59	50	47	35	0	47	72	44	66	40	55	58	61	43	70	54	69	33	45	56	53	38	40	49	54	44	73	75	60	52	62	52	55	75	63	56	38	52	44	49	78	49	76	61	48	34	65	80	41	69	48	34	50	42	65	72	34	70
49	72	77	50	75	74	48	36	59	34	58	57	30	63	34	48	74	67	70	77	65	42	31	73	80	69	49	70	34	56	38	33	74	47	42	60	75	64	49	62	47	36	40	75	41	44	47	0	68	77	63	60	57	42	47	76	62	44	56	38	48	49	69	71	61	52	68	69	50	48	75	76	42	60	35	33	33	56	46	68	75	39	61	78	72	54	77	43	50	79	57	62	36	73	70	76	31	63	30	77
44	65	40	65	38	62	35	49	52	39	53	41	58	74	73	76	43	46	64	58	45	74	36	66	45	41	46	53	50	46	74	38	50	30	72	62	57	65	64	34	43	59	64	42	79	80	72	68	0	68	53	55	79	68	30	31	55	69	68	56	59	70	63	57	80	52	65	70	44	67	34	73	66	35	45	66	67	41	52	46	62	66	37	47	71	54	77	55	58	78	40	32	79	62	79	55	53	73	53	65
37	70	56	36	74	67	76	78	66	70	32	71	30	44	32	64	62	64	63	33	62	31	62	38	42	77	59	67	42	45	69	69	65	50	52	37	31	76	59	76	52	45	41	52	45	68	44	77	68	0	55	60	47	42	66	37	58	36	35	65	36	32	51	51	58	42	43	33	54	32	36	80	66	51	66	70	44	43	45	48	58	59	44	68	31	76	77	34	42	43	62	44	41	40	60	53	69	47	35	56
78	32	51	36	50	61	62	60	70	69	64	49	72	54	52	42	74	63	59	63	44	74	45	55	56	58	51	46	63	36	43	68	66	73	67	33	55	50	34	75	64	56	45	60	53	77	66	63	53	55	0	35	76	34	76	32	67	77	31	43	61	71	43	64	62	38	47	77	75	66	57	63	69	32	55	40	53	49	44	61	67	58	50	66	35	78	66	34	39	41	63	63	57	66	58	55	65	48	59	62
57	62	58	72	60	53	35	60	67	48	59	45	76	47	41	64	48	67	33	32	70	41	42	48	54	72	70	56	54	32	32	71	65	46	43	75	63	44	54	41	64	76	47	63	61	78	40	60	55	60	35	0	66	45	64	48	30	74	59	64	46	77	79	75	31	46	76	79	32	33	31	49	36	31	42	62	39	46	58	69	67	44	70	65	64	48	55	71	77	45	52	32	61	71	50	37	45	70	74	45
44	49	44	78	78	53	45	43	56	53	73	34	48	47	37	37	61	74	59	49	46	59	58	33	59	61	69	55	77	75	72	34	71	37	61	57	64	79	56	71	48	32	79	37	47	41	55	57	79	47	76	66	0	37	56	41	51	75	31	47	68	64	73	51	40	57	75	62	34	78	57	75	56	63	53	51	53	76	64	79	66	77	64	49	56	71	54	47	51	56	34	67	50	56	68	77	78	75	54	51
79	68	76	78	67	59	70	66	30	68	53	37	62	44	57	31	70	37	49	38	38	72	45	30	72	57	73	58	65	52	55	64	31	55	48	30	48	51	51	52	58	69	78	53	76	56	58	42	68	42	34	45	37	0	55	33	66	50	78	79	63	32	48	65	47	69	37	53	30	36	48	34	65	79	60	38	60	79	62	42	46	60	36	60	57	54	73	63	60	31	65	30	59	47	79	54	67	45	75	62
44	56	72	71	39	32	32	58	77	47	70	53	47	39	31	55	78	74	67	44	66	73	77	79	48	78	32	43	70	39	77	68	41	69	68	52	47	57	60	68	30	45	38	73	58	70	61	47	30	66	76	64	56	55	0	53	73	79	77	32	53	34	41	57	65	65	47	79	38	43	47	68	57	36	55	79	79	32	36	63	49	73	32	43	51	57	49	66	43	38	45	56	69	31	40	50	47	54	63	39
36	51	62	60	73	48	70	78	51	48	61	78	44	37	37	33	32	79	63	74	79	40	57	30	48	79	32	65	58	62	38	56	44	76	77	52	48	32	35	34	30	41	75	33	76	57	43	76	31	37	32	48	41	33	53	0	30	40	31	45	55	36	79	75	72	36	69	38	61	60	71	44	73	50	56	51	55	45	77	62	42	54	33	64	44	57	61	34	34	49	46	42	42	66	48	70	54	60	63	35
78	67	59	32	69	66	64	59	61	67	62	50	63	74	30	59	36	40	34	44	67	56	33	73	69	36	49	66	33	57	42	54	58	79	45	50	59	70	43	78	60	43	70	70	69	32	70	62	55	58	67	30	51	66	73	30	0	38	60	57	43	80	79	72	49	30	33	66	63	65	51	69	33	77	40	50	78	77	66	46	44	49	37	30	70	40	57	76	44	72	40	60	58	42	66	67	58	49	65	65
43	61	53	50	66	44	45	50	46	77	30	48	59	70	46	65	62	41	78	42	58	72	74	59	41	40	34	35	68	37	56	80	37	74	48	34	59	30	60	49	35	67	42	48	76	36	54	44	69	36	77	74	75	50	79	40	38	0	45	50	37	34	60	53	68	58	63	34	39	50	64	47	52	79	51	74	68	59	73	47	67	45	59	78	67	36	68	50	32	71	75	54	58	32	43	74	75	31	44	52
60	40	70	45	40	77	54	47	51	77	61	78	41	59	37	45	60	33	76	56	43	48	64	74	39	30	35	60	33	64	79	62	46	54	59	32	64	48	78	43	77	55	32	32	38	57	69	56	68	35	31	59	31	78	77	31	60	45	0	60	68	64	56	47	57	73	30	69	67	44	40	43	54	73	57	77	32	45	64	77	79	79	65	38	33	35	69	39	37	76	48	78	78	80	30	31	32	44	38	64
41	74	31	79	76	53	38	54	78	39	37	60	65	70	73	77	38	69	60	63	54	74	71	78	79	61	39	40	56	52	72	48	59	68	76	62	73	47	37	33	73	69	56	75	37	61	33	38	56	65	43	64	47	79	32	45	57	50	60	0	34	33	76	54	80	73	61	55	65	72	71	52	78	49	40	49	61	32	70	68	71	39	32	58	52	59	54	47	76	80	78	64	39	53	30	64	39	65	70	71
48	42	51	39	60	73	40	48	32	33	45	48	65	80	63	56	65	52	52	48	75	61	79	58	45	36	73	38	66	54	51	37	53	38	75	60	45	34	52	72	77	51	38	67	60	78	45	48	59	36	61	46	68	63	53	55	43	37	68	34	0	57	75	47	78	58	58	46	38	53	57	42	74	39	53	78	51	30	71	48	42	61	71	33	49	72	65	53	66	71	59	76	48	80	43	69	66	45	63	54
38	35	56	43	75	63	45	31	75	44	38	56	45	62	67	38	58	77	77	73	32	73	69	57	35	66	52	75	31	46	44	33	63	56	58	63	71	59	68	60	71	50	65	39	35	42	56	49	70	32	71	77	64	32	34	36	80	34	64	33	57	0	36	67	32	56	30	41	71	77	31	52	78	78	65	60	39	54	76	39	49	40	33	49	57	70	49	76	30	68	32	68	42	65	52	69	66	48	56	59
50	59	57	76	52	77	46	48	40	39	45	68	72	43	38	65	45	78	76	47	57	70	32	33	73	61	49	43	31	79	62	52	42	33	59	42	47	42	58	45	38	61	55	61	78	38	53	69	63	51	43	79	73	48	41	79	79	60	56	76	75	36	0	49	51	34	48	70	62	51	52	79	67	53	41	39	68	52	76	31	68	52	36	38	46	43	58	48	61	75	37	34	63	80	36	61	57	75	69	67
51	59	33	53	49	80	67	61	59	33	67	77	51	78	78	63	49	61	49	41	64	36	34	36	62	63	76	52	67	79	46	68	66	37	46	73	56	76	52	75	73	43	46	43	78	46	38	71	57	51	64	75	51	65	57	75	72	53	47	54	47	67	49	0	34	65	30	33	63	57	54	67	32	43	71	78	60	78	80	61	33	51	53	40	72	67	49	34	51	44	39	46	43	54	50	31	72	39	74	34
41	72	58	49	35	36	68	53	73	73	60	58	34	52	58	30	38	55	38	43	71	59	70	45	59	60	42	43	31	55	48	74	69	70	60	67	37	72	55	30	76	33	58	64	49	44	40	61	80	58	62	31	40	47	65	72	49	68	57	80	78	32	51	34	0	66	37	41	56	69	80	43	43	35	31	53	53	40	51	43	35	43	63	44	47	41	37	46	57	53	36	70	38	75	78	49	51	42	53	56
41	71	74	80	67	60	72	38	38	80	42	66	45	60	47	43	37	46	62	79	33	69	35	54	47	65	39	43	35	66	46	65	43	38	64	42	50	41	47	45	69	48	69	72	69	64	49	52	52	42	38	46	57	69	65	36	30	58	73	73	58	56	34	65	66	0	74	33	58	67	35	73	63	53	51	75	80	46	51	53	61	70	37	56	72	62	65	59	76	59	73	63	57	51	68	42	30	53	76	59
32	48	45	55	54	64	50	44	55	36	38	56	42	72	32	61	63	70	38	30	75	67	37	52	75	78	61	68	71	31	65	37	49	46	80	36	52	77	42	69	75	52	55	79	37	66	54	68	65	43	47	76	75	37	47	69	33	63	30	61	58	30	48	30	37	74	0	39	49	69	42	56	48	65	46	34	66	65	77	58	72	46	66	71	65	34	66	68	57	38	78	66	35	69	46	64	70	69	62	37
76	53	41	78	44	44	44	47	57	64	62	60	64	66	40	51	39	54	57	51	54	70	48	50	63	65	76	46	66	66	40	75	53	65	44	56	54	49	67	37	33	70	79	48	56	76	44	69	70	33	77	79	62	53	79	38	66	34	69	55	46	41	70	33	41	33	39	0	61	39	74	57	55	44	41	73	79	47	38	78	37	40	38	61	30	33	70	76	68	52	58	55	37	61	40	69	70	76	58	54
58	74	73	51	42	56	77	38	55	64	49	35	54	78	47	43	51	58	37	44	76	73	40	37	79	35	40	76	47	30	61	49	75	71	44	42	51	56	54	75	33	64	76	68	55	56	73	50	44	54	75	32	34	30	38	61	63	39	67	65	38	71	62	63	56	58	49	61	0	57	39	54	74	52	70	71	77	56	53	63	74	35	79	49	56	64	75	78	70	72	37	76	33	78	32	59	43	70	51	57
45	30	51	38	38	57	31	76	36	51	79	76	73	79	56	70	69	42	35	36	65	69	54	80	49	36	36	34	58	54	61	37	80	47	44	74	74	60	35	68	79	36	74	79	63	30	75	48	67	32	66	33	78	36	43	60	65	50	44	72	53	77	51	57	69	67	69	39	57	0	73	77	32	79	36	51	50	53	64	41	39	67	63	48	34	74	71	53	45	72	52	64	37	76	30	79	80	71	68	36
30	34	68	65	41	68	70	41	65	34	43	65	43	78	50	49	59	46	30	58	33	40	64	51	38	48	70	58	49	52	63	49	68	45	30	72	41	40	62	66	37	34	67	53	54	39	60	75	34	36	57	31	57	48	47	71	51	64	40	71	57	31	52	54	80	35	42	74	39	73	0	55	37	33	70	72	31	46	33	61	64	32	54	46	65	39	31	75	68	74	55	60	44	46	76	79	40	32	51	75
77	78	70	69	47	74	67	49	61	66	73	67	68	63	78	50	76	32	42	76	35	46	62	30	37	38	39	53	47	44	77	76	41	76	34	79	51	79	66	36	54	65	50	47	61	60	52	76	73	80	63	49	75	34	68	44	69	47	43	52	42	52	79	67	43	73	56	57	54	77	55	0	68	78	74	36	57	74	66	31	49	50	75	65	69	55	51	60	70	38	54	48	40	45	64	72	62	54	70	50
43	56	52	73	36	71	77	45	45	51	59	74	76	60	30	31	61	68	32	67	36	31	58	74	80	51	50	33	70	48	38	50	46	72	73	38	66	52	34	33	34	45	31	53	36	64	62	42	66	66	69	36	56	65	57	73	33	52	54	78	74	78	67	32	43	63	48	55	74	32	37	68	0	70	54	38	79	53	33	62	60	48	36	73	69	74	75	67	68	75	54	35	32	44	80	44	57	68	50	48
32	63	67	64	32	80	30	57	68	70	38	53	42	60	48	80	80	59	48	62	59	54	80	64	71	45	43	41	73	62	39	47	52	68	48	64	57	55	71	37	52	62	41	70	72	37	52	60	35	51	32	31	63	79	36	50	77	79	73	49	39	78	53	43	35	53	65	44	52	79	33	78	70	0	67	55	45	77	80	41	38	46	66	53	44	37	73	75	40	71	37	59	39	36	55	71	50	73	44	69
42	49	43	52	67	58	31	71	55	50	60	42	64	39	66	41	77	36	67	33	79	71	39	66	31	61	76	45	43	78	77	46	70	70	41	59	74	64	58	35	76	60	38	72	76	73	55	35	45	66	55	42	53	60	55	56	40	51	57	40	53	65	41	71	31	51	46	41	70	36	70	74	54	67	0	33	70	37	41	33	66	46	34	73	36	40	66	61	50	33	72	75	42	35	32	44	33	35	32	56
42	49	68	58	80	60	71	78	76	43	35	63	68	57	65	70	62	51	41	51	72	40	78	70	46	57	76	53	59	49	75	74	54	38	42	72	63	77	67	67	42	34	47	56	30	80	75	33	66	70	40	62	51	38	79	51	50	74	77	49	78	60	39	78	53	75	34	73	71	51	72	36	38	55	33	0	56	37	54	44	45	30	37	71	30	74	53	60	39	59	49	30	80	53	68	31	80	69	64	74
70	44	68	63	72	60	48	34	52	31	51	73	57	77	49	79	30	60	30	55	40	48	30	52	41	72	59	33	61	40	74	49	79	44	31	74	53	73	68	65	64	36	50	31	67	68	63	33	67	44	53	39	53	60	79	55	78	68	32	61	51	39	68	60	53	80	66	79	77	50	31	57	79	45	70	56	0	59	44	66	44	79	78	69	69	77	49	35	36	62	49	48	56	52	56	46	55	48	78	33
62	45	35	75	32	77	30	51	37	79	45	31	30	33	80	45	56	40	41	72	37	68	43	44	30	33	49	32	74	32	48	76	49	60	68	35	56	62	42	65	74	39	51	56	74	53	56	56	41	43	49	46	76	79	32	45	77	59	45	32	30	54	52	78	40	46	65	47	56	53	46	74	53	77	37	37	59	0	54	48	51	59	45	60	57	37	36	80	60	66	57	39	39	30	43	80	30	38	38	63
32	61	73	64	38	53	33	62	60	47	79	35	78	61	30	31	47	75	40	58	74	51	71	52	50	60	31	73	80	46	33	42	75	56	52	74	73	34	60	51	45	53	31	68	32	40	38	46	52	45	44	58	64	62	36	77	66	73	64	70	71	76	76	80	51	51	77	38	53	64	33	66	33	80	41	54	44	54	0	55	79	57	62	30	67	30	70	32	61	31	70	74	69	55	58	51	33	53	51	68
54	39	47	51	80	64	79	80	52	41	41	34	65	56	47	49	51	33	53	55	61	45	73	62	37	63	64	39	31	41	78	77	36	40	37	72	42	65	61	73	66	74	79	71	77	59	52	68	46	48	61	69	79	42	63	62	46	47	77	68	48	39	31	61	43	53	58	78	63	41	61	31	62	41	33	44	66	48	55	0	80	76	62	51	41	37	31	30	34	66	35	66	74	65	50	34	65	60	35	45
50	51	42	54	75	54	39	49	54	76	60	56	39	42	73	63	38	39	43	65	79	31	71	38	77	45	30	42	37	40	35	63	67	70	33	36	34	77	72	55	66	34	31	34	64	64	44	75	62	58	67	67	66	46	49	42	44	67	79	71	42	49	68	33	35	61	72	37	74	39	64	49	60	38	66	45	44	51	79	80	0	78	70	44	60	36	58	34	68	64	45	76	37	61	70	54	79	30	42	68
45	72	63	48	51	68	68	75	71	43	78	31	52	49	53	70	34	67	36	63	45	51	79	43	52	48	45	37	45	73	39	52	80	49	42	70	53	73	49	41	40	52	58	32	49	41	49	39	66	59	58	44	77	60	73	54	49	45	79	39	61	40	52	51	43	70	46	40	35	67	32	50	48	46	46	30	79	59	57	76	78	0	62	46	39	77	48	78	80	48	74	39	63	70	41	61	80	48	79	58
46	69	45	47	49	69	59	76	64	39	65	72	48	71	70	77	50	52	75	34	47	69	40	61	41	68	58	76	72	71	44	72	35	80	70	68	78	68	40	30	35	49	75	55	51	50	78	61	37	44	50	70	64	36	32	33	37	59	65	32	71	33	36	53	63	37	66	38	79	63	54	75	36	66	34	37	78	45	62	62	70	62	0	52	71	50	46	77	74	45	51	45	51	74	56	55	65	47	79	44
74	37	48	62	37	69	44	32	32	47	37	76	69	38	37	39	48	57	51	47	33	76	32	48	36	60	41	56	40	46	63	79	51	74	32	63	37	49	75	31	40	72	56	36	76	62	49	78	47	68	66	65	49	60	43	64	30	78	38	58	33	49	38	40	44	56	71	61	49	48	46	65	73	53	73	71	69	60	30	51	44	46	52	0	71	33	58	65	73	73	73	67	78	78	53	46	60	61	66	45
36	33	32	48	75	68	64	45	62	78	70	34	69	70	54	71	64	34	33	51	47	49	68	33	35	78	35	66	53	45	78	77	59	35	57	58	62	51	38	58	37	70	51	62	42	56	76	72	71	31	35	64	56	57	51	44	70	67	33	52	49	57	46	72	47	72	65	30	56	34	65	69	69	44	36	30	69	57	67	41	60	39	71	71	0	53	58	62	53	62	64	80	40	53	45	72	75	32	50	68
52	80	43	79	43	66	51	66	39	43	70	59	54	54	64	35	50	74	61	69	69	36	80	56	56	50	80	47	78	80	67	75	64	65	44	63	40	62	63	34	51	63	64	45	60	53	61	54	54	76	78	48	71	54	57	57	40	36	35	59	72	70	43	67	41	62	34	33	64	74	39	55	74	37	40	74	77	37	30	37	36	77	50	33	53	0	36	57	51	40	78	71	62	62	42	31	42	75	49	33
47	32	32	52	40	31	65	67	30	46	33	40	77	46	73	47	71	40	35	48	67	30	79	68	70	63	77	46	71	80	56	78	65	70	70	50	62	78	73	40	80	75	55	76	62	45	48	77	77	77	66	55	54	73	49	61	57	68	69	54	65	49	58	49	37	65	66	70	75	71	31	51	75	73	66	53	49	36	70	31	58	48	46	58	58	36	0	63	32	41	38	65	74	43	46	64	61	65	35	45
52	54	48	64	72	38	76	75	35	77	41	58	52	47	57	74	48	30	80	63	47	43	37	71	47	40	63	75	64	63	80	39	77	66	61	73	38	75	38	80	77	70	58	74	36	52	34	43	55	34	34	71	47	63	66	34	76	50	39	47	53	76	48	34	46	59	68	76	78	53	75	60	67	75	61	60	35	80	32	30	34	78	77	65	62	57	63	0	36	46	64	66	62	65	65	56	31	79	55	77
48	37	63	72	62	69	33	42	57	36	36	56	76	50	77	76	34	58	48	37	78	69	58	59	62	46	66	45	39	47	54	40	74	49	59	36	37	30	47	44	78	74	80	78	47	76	65	50	58	42	39	77	51	60	43	34	44	32	37	76	66	30	61	51	57	76	57	68	70	45	68	70	68	40	50	39	36	60	61	34	68	80	74	73	53	51	32	36	0	39	49	68	80	50	43	34	79	79	63	55
55	73	71	77	74	74	61	79	73	31	40	72	30	47	53	34	73	69	41	71	44	61	65	67	38	53	43	52	30	31	72	43	48	76	59	78	41	71	66	52	60	41	38	62	59	32	80	79	78	43	41	45	56	31	38	49	72	71	76	80	71	68	75	44	53	59	38	52	72	72	74	38	75	71	33	59	62	66	31	66	64	48	45	73	62	40	41	46	39	0	60	67	80	73	39	80	65	73	40	76
68	51	51	41	74	58	47	70	62	61	76	38	52	37	63	50	58	37	31	47	58	57	34	66	78	64	31	68	64	54	50	30	60	32	50	49	34	53	31	40	49	57	70	58	56	32	41	57	40	62	63	52	34	65	45	46	40	75	48	78	59	32	37	39	36	73	78	58	37	52	55	54	54	37	72	49	49	57	70	35	45	74	51	73	64	78	38	64	49	60	0	64	45	42	41	72	58	78	54	69
73	37	79	70	72	46	75	59	42	72	44	64	69	56	74	56	73	64	36	57	34	69	56	79	57	50	76	40	57	74	47	57	34	56	33	76	30	55	58	72	80	49	59	53	70	55	69	62	32	44	63	32	67	30	56	42	60	54	78	64	76	68	34	46	70	63	66	55	76	64	60	48	35	59	75	30	48	39	74	66	76	39	45	67	80	71	65	66	68	67	64	0	66	80	36	76	38	53	44	58
79	36	68	42	46	31	80	36	32	44	35	61	35	47	77	35	44	33	35	61	38	76	78	62	46	56	45	56	79	77	67	48	72	53	69	52	52	77	49	53	49	47	45	48	72	72	48	36	79	41	57	61	50	59	69	42	58	58	78	39	48	42	63	43	38	57	35	37	33	37	44	40	32	39	42	80	56	39	69	74	37	63	51	78	40	62	74	62	80	80	45	66	0	52	79	47	32	34	48	72
64	45	76	38	69	74	44	52	80	45	32	65	44	34	75	65	71	79	60	74	61	69	37	68	42	71	42	41	52	52	43	77	80	53	38	61	46	39	54	64	55	65	74	40	76	30	34	73	62	40	66	71	56	47	31	66	42	32	80	53	80	65	80	54	75	51	69	61	78	76	46	45	44	36	35	53	52	30	55	65	61	70	74	78	53	62	43	65	50	73	42	80	52	0	33	42	36	72	73	51
37	36	76	40	43	60	51	77	71	80	62	53	49	36	31	30	79	32	38	51	53	31	63	40	34	77	44	64	69	74	45	64	41	68	80	55	50	80	52	44	76	79	47	63	64	54	50	70	79	60	58	50	68	79	40	48	66	43	30	30	43	52	36	50	78	68	46	40	32	30	76	64	80	55	32	68	56	43	58	50	70	41	56	53	45	42	46	65	43	39	41	36	79	33	0	80	78	57	48	72
59	63	54	74	39	52	67	58	51	77	36	41	76	65	78	40	58	52	45	57	60	64	78	80	41	42	42	38	54	38	38	62	76	71	31	64	64	50	64	39	60	75	52	31	64	33	42	76	55	53	55	37	77	54	50	70	67	74	31	64	69	69	61	31	49	42	64	69	59	79	79	72	44	71	44	31	46	80	51	34	54	61	55	46	72	31	64	56	34	80	72	76	47	42	80	0	35	57	52	80
36	34	34	60	68	59	59	44	77	76	71	69	60	46	79	42	80	38	56	77	55	57	44	50	50	68	34	60	78	43	57	47	69	74	73	41	39	76	49	54	60	61	71	36	59	64	65	31	53	69	65	45	78	67	47	54	58	75	32	39	66	66	57	72	51	30	70	70	43	80	40	62	57	50	33	80	55	30	33	65	79	80	65	60	75	42	61	31	79	65	58	38	32	36	78	35	0	54	70	36
65	31	37	36	48	48	52	55	61	79	38	39	53	76	63	40	61	58	45	70	54	73	61	45	41	30	57	35	35	80	39	71	67	47	43	75	32	34	48	46	35	33	60	50	47	35	72	63	73	47	48	70	75	45	54	60	49	31	44	65	45	48	75	39	42	53	69	76	70	71	32	54	68	73	35	69	48	38	53	60	30	48	47	61	32	75	65	79	79	73	78	53	34	72	57	57	54	0	69	55
70	61	77	65	38	53	63	43	56	61	50	49	53	75	63	59	42	33	56	34	75	57	30	39	41	62	73	42	70	30	38	51	73	53	67	32	79	42	56	41	45	69	39	61	80	53	34	30	53	35	59	74	54	75	63	63	65	44	38	70	63	56	69	74	53	76	62	58	51	68	51	70	50	44	32	64	78	38	51	35	42	79	79	66	50	49	35	55	63	40	54	44	48	73	48	52	70	69	0	59
66	70	36	72	50	67	47	57	75	65	52	39	59	34	68	41	78	40	36	36	39	67	38	34	38	75	69	40	79	65	42	36	54	74	71	42	53	49	45	62	37	39	56	51	51	62	70	77	65	56	62	45	51	62	39	35	65	52	64	71	54	59	67	34	56	59	37	54	57	36	75	50	48	69	56	74	33	63	68	45	68	58	44	45	68	33	45	77	55	76	69	58	72	51	72	80	36	55	59	0

Initial health value of each distributed equipment: 
(Where columns denote demand points: 1 to 100.)
405.81	203.40	446.50	308.14	437.76	480.00	689.70	350.11	356.40	180.29	394.40	606.80	728.34	234.33	414.12	160.92	402.60	202.64	299.20	462.48	290.14	534.60	247.34	414.00	774.21	318.56	405.92	384.78	251.02	675.96	343.64	274.70	422.40	201.15	400.18	445.74	277.14	381.98	287.28	517.03	343.68	236.91	351.12	291.90	506.46	332.33	324.36	162.41	371.69	338.52	530.70	569.25	254.79	356.24	462.24	418.37	452.64	429.00	290.55	313.10	262.24	729.54	196.68	260.00	280.12	477.09	221.39	174.33	280.55	594.36	269.23	287.57	653.63	539.56	290.55	214.65	184.76	311.60	433.44	411.95	397.86	293.46	196.68	358.70	227.33	446.88	211.58	259.26	347.48	218.16	289.06	263.32	394.56	283.10	289.06	668.64	721.98	204.13	288.41	263.73

Spare parts types of different demand points: 
(where columns denote demand points: 1 to 100.)
2	5	1	5	2	4	2	2	1	3	1	2	5	1	5	2	2	2	3	4	4	1	4	3	2	2	1	3	2	2	1	2	3	3	5	2	5	3	4	1	2	2	2	5	5	3	4	4	2	3	2	2	2	2	3	4	4	4	5	1	4	1	4	2	2	3	2	1	4	5	3	3	1	2	3	2	2	1	4	4	1	5	5	1	5	4	4	3	5	1	2	2	3	3	4	5	5	3	1	4

inventory management cost per unit time of different types of orders: 
(where columns denote types of orders: 1 to 5.)
1.5	2.5	2.5	2.9	2.2

Maintenance cost per unit time of different worker: 
(Where rows denote strategy: 1 to 4,and columns denote available worker of each strategy: 1 to 3.)
4.8	3.5	4.5	3.3
4.2	4.7	4.4	4.2
4.1	3.9	4.5	4.3

The weight of tardiness cost of different demand points: 
(where columns denote demand points: 1 to 100.)
4.5	4	3.1	4.7	3.2	5.7	4.3	3	5.8	5.8	3.9	3	3.8	5.9	4.2	5.8	4.2	5.6	5	3.5	4.6	5.2	5.2	4.5	3.2	3.2	4.8	5.5	3.8	3.8	5.4	5.3	5.4	4.2	4.5	4.7	3.6	3.6	3.4	3.2	3.2	5.5	4.9	5.1	6	3.6	4	4.9	4.5	4.7	5.4	3.7	4.2	5.8	4.6	3.7	5.6	5.7	3.1	3.4	5.8	3.1	3.4	3.4	4.4	5.7	3.3	3.3	3.6	4.1	4.7	4.9	3.9	4.2	5.8	3.9	5.7	4.9	3.4	4.2	4.6	3.3	4	5.5	4.4	5.5	3.3	5.5	4	4	3.8	4.5	4.6	5.7	5.2	3.5	5.7	5.6	3.2	3.4

The waste of old spare part per unit time of each distributed equipment: 
(where columns denote demand points: 1 to 100.)
6.6	6.2	6.5	7.6	7.2	5.9	7.9	5.6	7.9	6.9	6.1	5.4	7.9	5	5.8	7	7	6.3	5.5	6.3	7.5	6.3	5.8	7.4	6.1	7	6.2	8	7.4	7.9	6.1	5.8	7	5.6	7.2	6.4	5.2	7.6	6.7	5	6.5	8	6.6	5.6	6.8	5.2	5	6.1	5.4	6.4	7.7	6.5	7.3	7.2	7.4	6.5	5.1	7.2	7.8	5.5	7.7	7.1	5.7	5.2	7.5	6.7	5.5	7.8	6.4	7.7	7.8	5	6.5	6.8	7.1	7.3	6.7	6.9	5.5	5.3	6	6.2	7.3	8	5.1	7.1	5.2	6.6	7.1	7.1	6.3	5.3	6.3	5.2	6.6	6.3	7	6.9	7.9	7.9

shutdown cost per unit time of each distributed equipment: 
(where columns denote demand points: 1 to 100.)
24	23.8	20.2	24.4	22	23	20.5	21.6	23	24.1	22.8	22.7	24.4	20.1	24.8	24.2	24.5	23.2	21.8	23.2	21.8	21.8	23	21.8	22.7	21.7	20.7	20.4	22.3	21	21.5	24.5	20	23.4	21.5	22.3	22.8	22.5	22.2	20.5	21.2	21.5	20.7	23.3	22.9	24.4	24.8	20.8	22.8	21.1	20.8	21	23.5	20.1	21.3	20.8	22	20.3	23.1	23.2	21	22.6	23	20.8	22.7	20.7	22.6	24	20.7	20.7	24.5	20.7	22	22.2	23.5	22.7	23.7	20.5	24.8	22.5	22.5	22.2	23.2	22.9	20.7	23.4	23.6	25	22.9	23.3	23.6	22	20.4	24.8	24.7	23.7	22.4	20.9	21.1	22.3

Deterioration rate of each piece of equipment:
(Where columns denote distributed equipment: 1 to 100.)
1.67	1.13	1.9	1.42	1.44	1.92	1.9	1.57	1.08	1.21	1.36	1.85	1.99	1.07	1.16	1.08	1.22	1.36	1.1	1.64	1.63	1.62	1.49	1.38	1.97	1.81	1.18	1.21	1.63	1.72	1.21	1.34	1.76	1.35	1.07	1.14	1.86	1.42	1.26	1.49	1.92	1.59	1.14	1.05	1.38	1.67	1.06	1.09	1.09	1.56	1.45	1.65	1.71	1.46	1.44	1.07	1.64	1.32	1.95	1.55	1.76	1.93	1.32	1	1.88	1.71	1.31	1.17	1.55	1.56	1.09	1.93	1.63	1.64	1.95	1.35	1.24	1.52	1.72	1.07	1.14	1.46	1.32	1.7	1.27	1.33	1.42	1.74	1.19	1.01	1.94	1.16	1.44	1.9	1.94	1.68	1.91	1.37	1.91	1.77

The processing time of different types of spare parts: 
(Where rows denote machines: 1 to 5,and columns denote types: 1 to 5.)
13	10	27	25	17
15	17	14	11	18
29	22	14	16	29
13	27	18	15	26
13	10	16	18	11

The maintenance time of different workers: 
(Where rows denote strategy: 1 to 4,and columns denote available worker of each strategy: 1 to 3.)
30	49	37	48
47	38	46	38
47	46	36	35

Repair degree of different strategies: 
(Where rows denote strategy: 1 to 43.)
0.6	0.52	0.6	0.57

Quantity of spare parts of each type reserved in each warehouse: 
(where rows denote warehouses£º1 to 6,and columns denote types£º1 to 5.)
2	3	4	5
1	3	3	2
1	2	3	4	5
1	1	1	1	1
1	3	4	5
1	1	1	2

Initial due date of each order: 
(Where columns denote order: 1 to 100.)
243	180	235	217	304	250	363	223	330	149	290	328	366	219	357	149	330	149	272	282	178	330	166	300	393	176	344	318	154	393	284	205	240	149	374	391	149	269	228	347	179	149	308	278	367	199	306	149	341	217	366	345	149	244	321	391	276	325	149	202	149	378	149	260	149	279	169	149	181	381	247	149	401	329	149	159	149	205	252	385	349	201	149	211	179	336	149	149	292	216	149	227	274	149	149	398	378	149	151	149

Maintenance starting time window of each piece of equipment: 
(Where rows denote Lower and Upper bounds of Maintenance starting time window: 1 to 2,and columns denote distributed equipment: 1 to 100.)
170.1	126	164.5	151.9	212.8	175	254.1	156.1	231	104.3	203	229.6	256.2	153.3	249.9	104.3	231	104.3	190.4	197.4	124.6	231	116.2	210	275.1	123.2	240.8	222.6	107.8	275.1	198.8	143.5	168	104.3	261.8	273.7	104.3	188.3	159.6	242.9	125.3	104.3	215.6	194.6	256.9	139.3	214.2	104.3	238.7	151.9	256.2	241.5	104.3	170.8	224.7	273.7	193.2	227.5	104.3	141.4	104.3	264.6	104.3	182	104.3	195.3	118.3	104.3	126.7	266.7	172.9	104.3	280.7	230.3	104.3	111.3	104.3	143.5	176.4	269.5	244.3	140.7	104.3	147.7	125.3	235.2	104.3	104.3	204.4	151.2	104.3	158.9	191.8	104.3	104.3	278.6	264.6	104.3	105.7	104.3
218.7	162	211.5	195.3	273.6	225	326.7	200.7	297	134.1	261	295.2	329.4	197.1	321.3	134.1	297	134.1	244.8	253.8	160.2	297	149.4	270	353.7	158.4	309.6	286.2	138.6	353.7	255.6	184.5	216	134.1	336.6	351.9	134.1	242.1	205.2	312.3	161.1	134.1	277.2	250.2	330.3	179.1	275.4	134.1	306.9	195.3	329.4	310.5	134.1	219.6	288.9	351.9	248.4	292.5	134.1	181.8	134.1	340.2	134.1	234	134.1	251.1	152.1	134.1	162.9	342.9	222.3	134.1	360.9	296.1	134.1	143.1	134.1	184.5	226.8	346.5	314.1	180.9	134.1	189.9	161.1	302.4	134.1	134.1	262.8	194.4	134.1	204.3	246.6	134.1	134.1	358.2	340.2	134.1	135.9	134.1

