Number of orders: 
100

Number of factories\warehouses: 
3

Number of machines per factory: 
8

Number of types of spare parts: 
15

Number of maintenance strategies: 
4

Number of available workers per strategy: 
4

Transportation cost per unit time: 
3

Transprotation time between factories/warehouses and demand points: 
(Where rows denote factories: 1 to 3 ,and columns denote demand points: 1 to 100.)
120	64	93	57	80	43	145	125	99	116	108	100	124	40	76	136	97	41	102	42	109	119	128	82	88	57	114	95	89	38	87	98	114	64	128	46	87	144	123	44	92	114	85	60	79	134	77	75	97	118	64	142	111	43	86	66	38	74	74	131	125	39	137	34	80	140	141	133	94	134	109	147	132	93	70	148	76	55	35	46	39	87	98	108	69	89	118	143	96	52	36	111	43	86	145	113	149	96	123	104
146	53	101	43	128	70	67	42	129	82	33	64	99	43	53	81	122	32	42	129	56	38	124	32	87	133	111	81	95	68	96	109	129	145	51	34	36	109	97	142	49	69	66	58	49	137	56	34	96	45	60	67	83	58	89	132	63	127	111	144	140	41	54	38	110	70	68	60	78	64	110	53	114	40	86	35	65	139	120	108	137	73	106	67	101	120	81	68	62	33	87	83	134	56	36	112	77	105	53	123
114	146	113	100	94	105	115	135	73	36	125	64	87	98	38	43	99	61	112	137	61	90	45	49	46	33	77	85	139	108	128	133	59	104	129	121	54	48	102	120	120	75	93	99	131	52	80	88	84	74	115	50	145	38	59	148	95	38	37	132	46	89	49	122	100	146	109	131	144	116	97	118	99	130	76	115	66	123	64	33	77	131	113	71	62	74	62	40	45	90	31	76	96	136	73	144	146	44	127	48

Tranfer time of each worker between two different demand points: 
(Where rows and columns both denote demands points: 1 to 100.)
0	78	47	39	41	51	57	44	34	66	34	50	51	51	74	79	74	38	41	51	42	59	54	43	65	32	58	76	33	78	55	38	44	32	49	49	54	39	44	63	37	57	61	51	34	62	31	56	37	50	80	34	69	41	74	30	48	69	42	43	36	65	64	51	62	72	59	78	51	46	37	49	49	44	68	32	42	65	43	74	53	71	44	77	73	48	36	57	80	59	63	38	55	69	35	60	45	66	42	61
78	0	44	50	76	55	48	65	52	33	49	80	33	73	54	32	75	52	42	70	46	62	65	30	37	80	55	32	62	44	34	51	62	80	73	39	38	68	60	45	58	61	66	57	48	62	39	49	66	55	45	75	67	58	78	79	73	46	59	36	49	31	76	31	30	32	68	78	38	46	38	54	53	57	56	73	42	76	39	66	43	44	77	70	32	51	46	30	65	39	61	78	51	43	33	64	61	78	76	50
47	44	0	33	60	30	78	77	41	55	35	39	45	55	37	59	51	48	30	40	59	47	40	60	31	69	32	63	75	41	45	69	33	44	37	67	69	73	46	71	55	61	42	31	37	59	58	54	77	37	57	56	67	67	41	72	58	41	34	63	42	54	77	56	79	62	60	74	72	45	71	67	64	41	69	79	72	56	60	54	52	69	34	35	70	56	46	76	78	73	73	54	55	32	40	54	55	55	38	70
39	50	33	0	60	57	51	53	74	77	57	41	75	58	48	75	64	58	79	44	37	69	34	68	44	55	67	62	34	37	69	78	52	41	75	72	79	41	36	45	72	74	37	75	80	70	40	53	47	37	39	59	77	61	42	67	31	72	36	38	39	75	40	76	64	37	71	67	30	50	35	44	37	74	79	41	71	40	30	47	74	76	66	30	76	63	76	70	50	34	33	63	35	79	53	45	63	48	66	45
41	76	60	60	0	53	76	62	51	48	38	56	39	58	52	49	72	42	45	69	60	39	79	43	34	74	55	59	73	69	34	58	68	76	33	39	39	74	38	45	63	75	47	79	60	74	65	57	74	49	47	38	43	39	74	52	33	39	69	42	65	47	80	61	65	50	36	77	48	33	38	39	70	45	68	78	38	34	41	53	43	40	56	61	46	40	58	74	66	62	49	39	63	68	41	34	38	55	44	33
51	55	30	57	53	0	47	63	34	64	36	65	32	55	75	71	72	41	41	78	80	62	50	55	40	35	72	80	33	39	55	41	39	39	52	46	65	76	53	30	61	65	76	50	56	45	46	31	34	67	52	71	47	36	39	56	41	65	61	50	72	49	66	34	67	67	44	55	49	59	64	30	38	43	53	62	41	53	32	67	43	62	41	46	32	41	78	30	74	36	78	40	66	69	39	67	76	52	51	32
57	48	78	51	76	47	0	31	69	74	77	31	41	57	49	48	33	69	79	54	70	66	34	70	44	62	67	31	61	66	55	34	56	60	59	31	47	56	63	60	75	79	32	65	66	47	45	32	54	56	74	65	49	41	79	32	42	77	60	74	65	39	64	60	63	42	30	42	72	50	39	73	60	36	63	58	60	63	38	57	68	46	38	54	64	37	59	59	47	47	55	60	56	73	79	32	36	74	31	33
44	65	77	53	62	63	31	0	52	44	63	54	79	33	78	45	74	61	61	65	39	64	80	64	33	38	60	63	77	30	73	70	41	30	62	45	35	55	43	44	34	74	54	59	39	39	75	45	77	40	63	57	49	50	69	33	64	80	41	72	76	52	55	60	77	35	39	33	74	65	44	68	59	66	48	55	35	51	76	30	61	55	30	77	70	64	56	76	66	62	77	38	72	58	72	37	80	38	41	41
34	52	41	74	51	34	69	52	0	32	40	40	59	49	30	52	46	42	36	52	75	79	33	41	45	73	34	71	69	55	55	30	75	70	42	41	64	48	39	71	43	75	32	47	56	74	60	37	79	39	78	46	62	73	51	54	52	65	79	56	63	60	38	32	62	72	63	45	53	72	40	43	36	47	75	53	42	67	41	30	65	69	57	79	64	73	79	44	72	56	34	44	70	59	74	79	69	40	63	39
66	33	55	77	48	64	74	44	32	0	42	70	59	80	77	68	46	30	54	46	80	53	41	51	68	42	34	61	39	58	59	51	53	51	57	63	76	68	49	33	48	59	66	67	66	60	72	59	75	39	71	79	32	40	53	70	32	46	53	36	45	59	49	58	55	74	70	30	44	38	70	35	75	30	52	45	70	64	30	45	32	32	63	60	73	69	73	72	60	43	75	30	55	43	54	43	32	49	76	33
34	49	35	57	38	36	77	63	40	42	0	58	74	78	49	54	71	41	38	49	51	68	71	40	61	70	68	77	76	63	65	31	62	60	60	50	80	51	49	53	62	64	47	35	42	78	53	74	48	38	69	62	59	49	46	51	30	54	57	47	61	58	66	48	54	80	59	78	64	80	39	43	64	31	39	70	59	57	66	30	55	70	52	41	36	51	50	77	46	51	56	55	50	66	34	41	76	73	70	49
50	80	39	41	56	65	31	54	40	70	58	0	55	51	44	30	59	60	31	64	60	46	47	76	64	52	63	80	75	44	67	74	42	38	42	69	48	74	51	38	65	75	61	60	41	38	58	63	41	55	71	65	71	32	41	33	33	40	46	32	38	68	31	57	34	66	42	35	74	80	35	73	53	71	51	80	55	80	40	59	61	30	64	43	53	32	62	65	35	70	59	80	33	68	35	74	37	78	80	57
51	33	45	75	39	32	41	79	59	59	74	55	0	52	44	60	58	50	70	64	67	76	79	78	78	44	80	67	56	38	65	79	33	61	42	71	43	56	48	31	46	50	39	75	53	34	69	40	70	60	53	69	68	70	56	37	52	77	52	53	63	60	66	58	30	65	36	35	30	41	41	53	40	35	36	31	42	49	34	57	46	62	67	61	80	36	41	68	49	36	48	34	36	52	66	80	76	35	65	62
51	73	55	58	58	55	57	33	49	80	78	51	52	0	77	30	80	64	31	30	33	73	35	32	65	62	45	44	54	74	58	80	38	60	80	31	59	60	40	80	67	50	69	47	38	44	53	75	56	36	76	41	76	34	52	61	74	54	56	59	77	62	68	67	46	39	74	75	70	44	46	33	80	53	78	50	48	43	40	44	68	31	60	50	31	59	66	34	52	48	50	48	74	73	62	68	69	80	36	58
74	54	37	48	52	75	49	78	30	77	49	44	44	77	0	35	50	80	54	50	53	67	40	69	72	55	60	44	55	49	55	50	68	65	66	48	57	50	56	66	36	44	38	61	39	33	76	32	42	75	69	62	72	46	69	59	37	39	80	58	46	62	44	39	57	40	36	35	71	59	80	61	72	56	30	79	72	59	70	31	73	71	58	80	48	77	47	50	33	60	41	55	35	52	65	68	32	80	42	57
79	32	59	75	49	71	48	45	52	68	54	30	60	30	35	0	72	31	59	79	52	62	67	53	41	76	57	35	32	43	37	46	54	36	32	64	48	50	59	51	76	35	59	80	58	52	69	63	44	49	46	71	67	67	50	64	38	61	43	42	72	64	46	40	43	42	69	52	56	60	38	49	38	48	34	68	60	49	30	59	38	64	37	35	50	60	39	53	37	54	74	40	76	30	31	36	52	67	71	49
74	75	51	64	72	72	33	74	46	46	71	59	58	80	50	72	0	31	67	49	70	45	75	65	50	43	34	64	64	43	54	51	51	42	32	33	43	65	64	36	62	60	62	67	57	54	75	75	64	70	39	79	35	53	32	32	55	30	34	39	68	55	34	61	73	67	58	59	51	56	56	33	49	41	58	72	67	41	58	37	32	60	68	31	52	39	36	80	75	67	45	34	49	53	34	30	74	42	70	80
38	52	48	58	42	41	69	61	42	30	41	60	50	64	80	31	31	0	34	48	40	60	56	43	39	38	63	51	53	31	70	37	51	47	36	53	80	38	78	75	54	64	58	37	62	63	49	71	57	45	68	32	38	77	61	63	80	52	55	35	43	49	40	43	58	55	62	40	63	65	60	32	30	78	77	32	55	32	46	51	63	55	41	32	79	62	33	36	50	74	54	74	32	40	49	79	76	62	66	35
41	42	30	79	45	41	79	61	36	54	38	31	70	31	54	59	67	34	0	55	44	47	37	68	70	45	41	78	41	43	36	32	75	63	39	38	78	35	49	70	50	63	69	44	32	38	53	56	74	76	65	63	72	77	73	65	74	51	78	79	80	50	61	46	58	50	31	61	52	78	49	58	31	58	41	33	57	46	69	49	36	46	61	31	51	31	75	47	42	45	31	37	54	31	46	75	51	68	71	61
51	70	40	44	69	78	54	65	52	46	49	64	64	30	50	79	49	48	55	0	65	80	49	76	32	80	55	33	59	70	44	50	58	34	80	66	75	49	73	79	44	51	32	39	38	31	52	42	45	45	37	61	31	46	74	40	36	31	57	39	41	68	56	73	37	35	53	34	65	66	77	42	79	55	38	67	50	74	68	39	52	79	42	52	73	47	48	37	39	67	62	50	50	75	65	74	66	41	54	61
42	46	59	37	60	80	70	39	75	80	51	60	67	33	53	52	70	40	44	65	0	72	58	60	39	56	66	58	75	80	52	38	42	54	32	69	41	42	72	77	70	53	40	56	62	54	47	77	61	47	32	64	70	70	45	60	46	80	51	50	70	63	50	42	45	53	44	75	44	36	57	41	67	57	49	35	66	47	67	68	35	61	33	35	32	58	50	43	78	59	45	74	62	42	35	73	71	64	45	80
59	62	47	69	39	62	66	64	79	53	68	46	76	73	67	62	45	60	47	80	72	0	44	62	43	63	62	39	37	49	43	68	75	32	43	56	70	41	67	57	79	44	69	41	54	74	38	43	51	66	67	47	65	60	31	64	76	69	68	52	41	46	41	44	35	44	53	37	47	70	73	69	59	39	64	39	50	59	43	49	54	38	58	51	67	52	36	71	77	33	59	67	42	33	74	49	50	62	74	41
54	65	40	34	79	50	34	80	33	41	71	47	79	35	40	67	75	56	37	49	58	44	0	66	51	33	39	43	44	35	58	40	80	66	67	39	34	30	32	70	59	42	57	76	43	56	54	67	31	44	49	36	51	78	57	76	80	41	70	69	42	65	79	57	45	46	34	57	51	70	36	38	53	44	38	33	77	48	46	80	51	30	39	46	78	52	60	34	51	78	39	41	75	30	61	42	46	66	44	54
43	30	60	68	43	55	70	64	41	51	40	76	78	32	69	53	65	43	68	76	60	62	66	0	65	64	47	51	80	65	62	66	56	52	76	49	54	45	32	58	44	60	37	75	36	46	70	42	73	60	67	62	67	78	33	62	37	73	67	36	56	77	75	36	35	36	63	40	67	67	56	79	57	52	33	38	76	41	30	47	53	52	58	32	63	63	36	35	36	31	35	71	32	40	38	62	30	50	55	32
65	37	31	44	34	40	44	33	45	68	61	64	78	65	72	41	50	39	70	32	39	43	51	65	0	77	34	32	51	76	42	73	58	36	77	33	70	48	71	80	66	30	75	69	40	76	60	42	59	78	51	44	54	42	46	48	53	66	39	49	62	58	48	71	79	76	48	54	66	37	73	60	44	53	72	58	48	60	77	48	79	54	69	42	45	44	61	66	53	70	69	60	30	75	65	37	31	36	41	59
32	80	69	55	74	35	62	38	73	42	70	52	44	62	55	76	43	38	45	80	56	63	33	64	77	0	69	40	60	48	58	51	56	62	71	62	43	51	58	56	50	66	55	64	55	71	41	54	55	47	58	39	31	73	60	66	76	78	41	32	71	67	40	45	40	62	68	39	68	72	75	41	79	66	48	46	48	68	78	63	55	48	42	62	73	66	70	36	41	43	51	59	68	48	68	43	33	33	77	37
58	55	32	67	55	72	67	60	34	34	68	63	80	45	60	57	34	63	41	55	66	62	39	47	34	69	0	40	63	31	30	76	56	76	78	69	47	66	78	47	63	39	45	69	53	39	46	73	75	78	61	41	46	42	55	54	77	69	38	39	34	79	72	36	41	46	43	75	65	64	78	46	75	33	74	37	57	64	54	51	56	54	63	76	47	37	79	66	68	49	33	37	72	55	43	55	36	67	68	74
76	32	63	62	59	80	31	63	71	61	77	80	67	44	44	35	64	51	78	33	58	39	43	51	32	40	40	0	40	49	37	61	41	66	31	63	48	39	30	40	33	52	48	79	48	74	46	76	64	79	56	39	59	75	35	73	37	69	43	64	60	39	33	57	65	70	45	41	54	47	34	66	68	77	63	71	80	78	57	74	46	74	74	45	48	51	73	59	62	40	68	59	43	31	31	71	32	58	47	80
33	62	75	34	73	33	61	77	69	39	76	75	56	54	55	32	64	53	41	59	75	37	44	80	51	60	63	40	0	80	48	30	73	72	39	42	38	51	61	33	33	53	40	49	51	77	32	47	37	40	32	78	47	74	73	69	58	53	57	80	79	80	46	66	62	50	60	67	46	45	54	55	34	41	34	78	61	51	76	34	64	60	41	59	36	77	49	46	73	41	39	70	33	61	46	74	57	65	68	74
78	44	41	37	69	39	66	30	55	58	63	44	38	74	49	43	43	31	43	70	80	49	35	65	76	48	31	49	80	0	50	56	44	37	48	41	37	54	73	60	44	39	73	52	34	72	66	44	40	47	37	67	33	58	69	79	33	44	76	47	76	70	44	42	78	69	54	42	32	47	44	52	75	60	65	77	79	33	55	69	32	57	48	35	64	39	69	39	45	50	79	71	38	44	53	49	67	58	30	50
55	34	45	69	34	55	55	73	55	59	65	67	65	58	55	37	54	70	36	44	52	43	58	62	42	58	30	37	48	50	0	69	65	66	77	68	75	40	30	49	57	50	64	59	51	63	55	72	77	34	42	50	34	76	43	61	59	49	52	37	47	76	60	38	79	33	66	36	55	76	59	66	39	53	70	46	32	59	73	37	35	40	60	46	71	58	41	68	63	30	73	68	44	61	70	72	54	51	34	72
38	51	69	78	58	41	34	70	30	51	31	74	79	80	50	46	51	37	32	50	38	68	40	66	73	51	76	61	30	56	69	0	79	65	73	59	47	67	68	53	40	52	51	63	56	44	37	40	34	43	35	70	62	58	46	54	61	76	77	78	60	48	72	49	52	67	72	63	54	76	47	50	70	45	37	68	59	55	53	39	57	67	80	70	38	70	53	49	68	50	64	52	67	45	50	47	51	33	66	52
44	62	33	52	68	39	56	41	75	53	62	42	33	38	68	54	51	51	75	58	42	75	80	56	58	56	56	41	73	44	65	79	0	63	70	59	43	32	45	49	54	43	68	79	57	71	42	35	59	37	52	61	61	49	73	62	67	57	59	49	33	40	67	74	71	36	58	53	77	42	39	59	49	57	54	54	71	47	60	64	61	46	69	59	72	31	32	69	46	75	44	41	36	61	60	80	60	50	37	60
32	80	44	41	76	39	60	30	70	51	60	38	61	60	65	36	42	47	63	34	54	32	66	52	36	62	76	66	72	37	66	65	63	0	31	63	67	73	55	50	40	76	67	72	49	38	62	64	41	80	48	74	65	69	75	46	52	57	51	31	75	41	53	78	42	40	42	40	79	75	73	80	36	55	31	55	37	63	36	60	60	72	49	42	74	35	36	63	35	64	37	45	72	80	55	32	34	58	55	69
49	73	37	75	33	52	59	62	42	57	60	42	42	80	66	32	32	36	39	80	32	43	67	76	77	71	78	31	39	48	77	73	70	31	0	55	74	72	61	63	40	75	46	67	50	47	53	37	73	52	59	56	76	47	70	58	60	38	57	51	39	48	74	45	55	52	55	43	48	56	58	51	78	74	66	62	54	75	69	76	74	63	53	77	80	62	35	76	62	57	69	37	42	61	77	55	43	33	78	77
49	39	67	72	39	46	31	45	41	63	50	69	71	31	48	64	33	53	38	66	69	56	39	49	33	62	69	63	42	41	68	59	59	63	55	0	60	35	46	50	56	51	30	36	34	32	79	56	53	37	44	48	74	43	56	47	77	31	43	68	54	66	54	31	58	77	74	47	76	39	76	47	38	74	51	55	61	77	60	41	56	30	80	51	46	37	59	48	68	44	69	42	77	32	58	57	37	44	52	80
54	38	69	79	39	65	47	35	64	76	80	48	43	59	57	48	43	80	78	75	41	70	34	54	70	43	47	48	38	37	75	47	43	67	74	60	0	52	38	61	33	75	59	41	40	52	77	71	45	49	42	68	77	42	49	54	43	52	51	59	61	53	68	76	58	60	65	73	42	35	54	33	30	47	59	50	42	37	47	40	78	65	53	68	59	61	46	69	42	76	33	70	69	32	32	46	38	68	57	65
39	68	73	41	74	76	56	55	48	68	51	74	56	60	50	50	65	38	35	49	42	41	30	45	48	51	66	39	51	54	40	67	32	73	72	35	52	0	53	72	43	61	63	49	78	74	42	69	55	32	38	63	50	59	44	63	55	35	61	51	74	76	44	74	67	60	66	48	66	37	38	77	77	65	31	57	62	66	75	30	65	31	62	75	63	56	54	70	58	52	67	75	42	33	61	43	35	44	69	63
44	60	46	36	38	53	63	43	39	49	49	51	48	40	56	59	64	78	49	73	72	67	32	32	71	58	78	30	61	73	30	68	45	55	61	46	38	53	0	50	60	62	44	50	68	74	31	53	54	60	31	73	72	37	65	49	47	78	32	55	60	76	38	36	75	36	71	36	78	36	50	43	41	78	58	31	53	78	47	47	51	78	70	77	38	64	53	37	44	32	42	78	44	43	55	59	66	69	38	38
63	45	71	45	45	30	60	44	71	33	53	38	31	80	66	51	36	75	70	79	77	57	70	58	80	56	47	40	33	60	49	53	49	50	63	50	61	72	50	0	67	31	50	34	52	30	75	70	74	38	74	75	56	65	59	66	69	64	71	41	59	55	61	40	69	30	78	37	41	57	45	64	60	68	31	40	77	63	79	55	63	62	78	34	60	73	76	31	43	74	73	74	33	56	66	49	31	42	44	55
37	58	55	72	63	61	75	34	43	48	62	65	46	67	36	76	62	54	50	44	70	79	59	44	66	50	63	33	33	44	57	40	54	40	40	56	33	43	60	67	0	35	56	67	76	42	67	51	71	38	40	48	73	41	42	79	66	75	60	70	58	62	73	35	50	41	55	58	34	46	44	40	38	42	41	57	44	31	54	77	56	50	61	55	60	56	56	67	64	35	30	76	61	60	50	32	63	63	78	35
57	61	61	74	75	65	79	74	75	59	64	75	50	50	44	35	60	64	63	51	53	44	42	60	30	66	39	52	53	39	50	52	43	76	75	51	75	61	62	31	35	0	73	76	64	67	79	38	75	55	67	41	70	31	72	59	65	41	47	80	63	74	46	58	36	48	43	42	48	72	60	57	76	43	36	42	43	74	34	47	37	44	79	67	55	38	76	44	44	74	77	32	74	47	34	37	57	61	46	58
61	66	42	37	47	76	32	54	32	66	47	61	39	69	38	59	62	58	69	32	40	69	57	37	75	55	45	48	40	73	64	51	68	67	46	30	59	63	44	50	56	73	0	67	65	68	77	47	68	47	48	34	80	48	35	37	48	67	67	32	33	46	77	39	44	56	64	68	38	45	77	49	43	63	70	73	69	32	37	76	64	57	34	76	80	37	32	57	47	58	73	50	66	66	53	70	43	43	42	32
51	57	31	75	79	50	65	59	47	67	35	60	75	47	61	80	67	37	44	39	56	41	76	75	69	64	69	79	49	52	59	63	79	72	67	36	41	49	50	34	67	76	67	0	32	79	41	53	50	40	78	31	55	69	52	44	70	59	65	79	43	56	52	52	33	73	61	52	39	48	58	68	68	69	45	66	67	49	59	59	50	30	57	73	42	75	61	69	70	45	66	75	63	79	72	49	79	64	38	66
34	48	37	80	60	56	66	39	56	66	42	41	53	38	39	58	57	62	32	38	62	54	43	36	40	55	53	48	51	34	51	56	57	49	50	34	40	78	68	52	76	64	65	32	0	69	78	71	30	60	41	54	47	49	58	45	77	56	61	43	33	43	68	62	59	41	51	36	39	64	67	70	42	47	58	32	53	76	74	39	47	62	73	40	30	65	62	49	60	54	39	68	39	64	65	35	78	56	40	48
62	62	59	70	74	45	47	39	74	60	78	38	34	44	33	52	54	63	38	31	54	74	56	46	76	71	39	74	77	72	63	44	71	38	47	32	52	74	74	30	42	67	68	79	69	0	67	67	64	53	40	50	45	74	49	64	30	78	73	62	62	39	43	61	77	38	77	73	55	37	48	36	68	49	53	62	65	79	60	64	60	46	75	56	37	31	37	48	69	74	77	56	67	56	43	74	35	55	60	36
31	39	58	40	65	46	45	75	60	72	53	58	69	53	76	69	75	49	53	52	47	38	54	70	60	41	46	46	32	66	55	37	42	62	53	79	77	42	31	75	67	79	77	41	78	67	0	48	35	56	62	57	54	31	33	56	35	57	80	49	32	49	63	60	59	35	75	44	63	61	52	30	65	80	51	72	58	64	75	76	61	37	44	64	53	49	54	32	70	73	56	60	59	50	47	80	62	34	80	31
56	49	54	53	57	31	32	45	37	59	74	63	40	75	32	63	75	71	56	42	77	43	67	42	42	54	73	76	47	44	72	40	35	64	37	56	71	69	53	70	51	38	47	53	71	67	48	0	38	77	56	74	40	62	76	71	56	75	64	67	50	57	72	47	54	40	74	56	48	75	36	55	67	57	52	56	74	33	69	67	57	72	41	56	54	53	45	67	54	34	38	68	42	73	31	38	70	57	39	64
37	66	77	47	74	34	54	77	79	75	48	41	70	56	42	44	64	57	74	45	61	51	31	73	59	55	75	64	37	40	77	34	59	41	73	53	45	55	54	74	71	75	68	50	30	64	35	38	0	45	71	76	79	73	32	45	43	63	50	78	41	64	33	47	71	36	66	76	76	53	40	61	35	65	57	60	45	47	37	51	51	58	78	55	58	64	31	79	46	57	47	66	56	44	59	68	67	60	59	57
50	55	37	37	49	67	56	40	39	39	38	55	60	36	75	49	70	45	76	45	47	66	44	60	78	47	78	79	40	47	34	43	37	80	52	37	49	32	60	38	38	55	47	40	60	53	56	77	45	0	64	54	30	42	55	74	72	65	37	38	68	77	38	40	56	42	65	36	43	39	72	30	78	54	50	65	69	44	79	51	55	45	48	64	51	30	66	55	70	30	60	45	69	70	40	43	67	63	77	45
80	45	57	39	47	52	74	63	78	71	69	71	53	76	69	46	39	68	65	37	32	67	49	67	51	58	61	56	32	37	42	35	52	48	59	44	42	38	31	74	40	67	48	78	41	40	62	56	71	64	0	48	42	51	30	77	73	73	72	72	48	58	53	31	54	54	74	32	68	80	36	56	51	36	73	43	53	46	34	53	65	70	60	57	67	46	43	78	77	63	32	44	46	67	34	73	80	31	42	77
34	75	56	59	38	71	65	57	46	79	62	65	69	41	62	71	79	32	63	61	64	47	36	62	44	39	41	39	78	67	50	70	61	74	56	48	68	63	73	75	48	41	34	31	54	50	57	74	76	54	48	0	32	40	41	62	77	60	51	44	51	30	72	30	75	39	53	51	34	59	56	73	51	56	73	80	54	40	74	44	63	50	61	31	79	69	39	49	67	57	54	43	37	65	71	67	50	45	73	61
69	67	67	77	43	47	49	49	62	32	59	71	68	76	72	67	35	38	72	31	70	65	51	67	54	31	46	59	47	33	34	62	61	65	76	74	77	50	72	56	73	70	80	55	47	45	54	40	79	30	42	32	0	52	75	48	71	46	61	77	76	35	34	68	70	44	69	34	30	36	33	35	75	43	35	66	59	55	50	34	67	59	57	47	37	66	61	51	42	43	74	54	70	70	68	59	72	44	60	61
41	58	67	61	39	36	41	50	73	40	49	32	70	34	46	67	53	77	77	46	70	60	78	78	42	73	42	75	74	58	76	58	49	69	47	43	42	59	37	65	41	31	48	69	49	74	31	62	73	42	51	40	52	0	37	32	80	57	31	40	32	70	73	68	46	35	38	66	50	40	64	37	44	34	72	73	36	41	60	64	70	43	37	66	50	30	65	30	48	71	61	47	65	39	65	39	80	65	54	58
74	78	41	42	74	39	79	69	51	53	46	41	56	52	69	50	32	61	73	74	45	31	57	33	46	60	55	35	73	69	43	46	73	75	70	56	49	44	65	59	42	72	35	52	58	49	33	76	32	55	30	41	75	37	0	42	55	31	79	32	35	36	37	60	53	70	41	58	36	61	72	78	79	36	76	77	62	76	80	71	66	60	76	60	74	36	35	57	38	80	50	31	67	63	30	57	73	54	48	63
30	79	72	67	52	56	32	33	54	70	51	33	37	61	59	64	32	63	65	40	60	64	76	62	48	66	54	73	69	79	61	54	62	46	58	47	54	63	49	66	79	59	37	44	45	64	56	71	45	74	77	62	48	32	42	0	35	70	34	31	31	58	35	51	38	58	33	47	71	63	68	72	54	46	80	72	55	37	32	67	31	30	56	34	75	76	62	58	39	52	48	33	42	53	59	44	77	43	67	30
48	73	58	31	33	41	42	64	52	32	30	33	52	74	37	38	55	80	74	36	46	76	80	37	53	76	77	37	58	33	59	61	67	52	60	77	43	55	47	69	66	65	48	70	77	30	35	56	43	72	73	77	71	80	55	35	0	49	46	50	70	38	45	73	68	78	65	76	71	73	30	32	73	52	73	72	60	77	68	47	39	55	68	53	47	36	48	69	36	66	71	57	70	62	55	43	39	68	78	72
69	46	41	72	39	65	77	80	65	46	54	40	77	54	39	61	30	52	51	31	80	69	41	73	66	78	69	69	53	44	49	76	57	57	38	31	52	35	78	64	75	41	67	59	56	78	57	75	63	65	73	60	46	57	31	70	49	0	60	58	45	36	48	49	40	33	34	78	52	68	50	37	59	36	80	70	78	34	71	54	70	65	68	58	67	77	56	66	38	33	36	73	35	43	44	46	79	61	69	46
42	59	34	36	69	61	60	41	79	53	57	46	52	56	80	43	34	55	78	57	51	68	70	67	39	41	38	43	57	76	52	77	59	51	57	43	51	61	32	71	60	47	67	65	61	73	80	64	50	37	72	51	61	31	79	34	46	60	0	75	41	61	71	54	55	59	37	73	46	77	35	78	41	34	80	41	61	75	57	57	66	65	56	59	52	79	46	38	70	38	41	71	66	59	43	66	42	59	35	46
43	36	63	38	42	50	74	72	56	36	47	32	53	59	58	42	39	35	79	39	50	52	69	36	49	32	39	64	80	47	37	78	49	31	51	68	59	51	55	41	70	80	32	79	43	62	49	67	78	38	72	44	77	40	32	31	50	58	75	0	35	49	53	62	72	69	78	45	62	73	54	71	65	70	59	46	37	60	68	80	35	62	54	32	51	68	62	76	50	69	35	48	33	48	43	70	65	64	61	54
36	49	42	39	65	72	65	76	63	45	61	38	63	77	46	72	68	43	80	41	70	41	42	56	62	71	34	60	79	76	47	60	33	75	39	54	61	74	60	59	58	63	33	43	33	62	32	50	41	68	48	51	76	32	35	31	70	45	41	35	0	75	67	50	33	55	71	72	74	42	38	38	58	49	33	44	73	72	55	70	77	79	44	67	63	75	62	32	40	59	62	53	44	49	70	68	39	32	43	41
65	31	54	75	47	49	39	52	60	59	58	68	60	62	62	64	55	49	50	68	63	46	65	77	58	67	79	39	80	70	76	48	40	41	48	66	53	76	76	55	62	74	46	56	43	39	49	57	64	77	58	30	35	70	36	58	38	36	61	49	75	0	59	73	37	67	37	53	62	49	68	34	59	42	61	73	48	57	47	42	40	52	63	37	56	38	33	56	79	67	72	69	61	44	36	50	31	52	59	53
64	76	77	40	80	66	64	55	38	49	66	31	66	68	44	46	34	40	61	56	50	41	79	75	48	40	72	33	46	44	60	72	67	53	74	54	68	44	38	61	73	46	77	52	68	43	63	72	33	38	53	72	34	73	37	35	45	48	71	53	67	59	0	56	57	46	32	34	75	33	74	57	59	60	66	57	31	70	67	32	74	78	64	66	73	66	73	52	33	66	73	36	74	33	31	30	72	39	46	43
51	31	56	76	61	34	60	60	32	58	48	57	58	67	39	40	61	43	46	73	42	44	57	36	71	45	36	57	66	42	38	49	74	78	45	31	76	74	36	40	35	58	39	52	62	61	60	47	47	40	31	30	68	68	60	51	73	49	54	62	50	73	56	0	52	52	67	80	78	55	36	63	35	34	61	73	63	49	32	55	62	39	30	49	58	80	72	50	70	54	64	77	65	79	41	46	36	78	40	53
62	30	79	64	65	67	63	77	62	55	54	34	30	46	57	43	73	58	58	37	45	35	45	35	79	40	41	65	62	78	79	52	71	42	55	58	58	67	75	69	50	36	44	33	59	77	59	54	71	56	54	75	70	46	53	38	68	40	55	72	33	37	57	52	0	78	59	76	58	38	31	61	67	45	56	42	64	77	44	51	34	76	64	55	58	76	30	50	58	73	78	79	60	34	45	55	62	36	40	52
72	32	62	37	50	67	42	35	72	74	80	66	65	39	40	42	67	55	50	35	53	44	46	36	76	62	46	70	50	69	33	67	36	40	52	77	60	60	36	30	41	48	56	73	41	38	35	40	36	42	54	39	44	35	70	58	78	33	59	69	55	67	46	52	78	0	71	67	76	65	49	50	72	50	37	75	64	67	64	77	41	30	63	67	52	46	31	61	48	59	68	38	57	65	56	69	38	34	76	31
59	68	60	71	36	44	30	39	63	70	59	42	36	74	36	69	58	62	31	53	44	53	34	63	48	68	43	45	60	54	66	72	58	42	55	74	65	66	71	78	55	43	64	61	51	77	75	74	66	65	74	53	69	38	41	33	65	34	37	78	71	37	32	67	59	71	0	73	74	33	67	59	64	33	79	43	57	41	38	30	70	44	39	71	75	49	36	61	38	63	38	41	45	35	76	30	72	71	63	37
78	78	74	67	77	55	42	33	45	30	78	35	35	75	35	52	59	40	61	34	75	37	57	40	54	39	75	41	67	42	36	63	53	40	43	47	73	48	36	37	58	42	68	52	36	73	44	56	76	36	32	51	34	66	58	47	76	78	73	45	72	53	34	80	76	67	73	0	57	47	56	62	46	37	32	67	53	77	37	38	54	62	42	45	39	58	44	57	34	52	72	60	61	60	55	79	69	63	52	67
51	38	72	30	48	49	72	74	53	44	64	74	30	70	71	56	51	63	52	65	44	47	51	67	66	68	65	54	46	32	55	54	77	79	48	76	42	66	78	41	34	48	38	39	39	55	63	48	76	43	68	34	30	50	36	71	71	52	46	62	74	62	75	78	58	76	74	57	0	66	34	41	31	79	40	69	47	80	55	43	78	67	30	52	62	53	50	54	72	75	56	61	43	32	45	30	52	50	54	79
46	46	45	50	33	59	50	65	72	38	80	80	41	44	59	60	56	65	78	66	36	70	70	67	37	72	64	47	45	47	76	76	42	75	56	39	35	37	36	57	46	72	45	48	64	37	61	75	53	39	80	59	36	40	61	63	73	68	77	73	42	49	33	55	38	65	33	47	66	0	42	67	57	37	75	65	30	60	50	61	80	72	68	63	56	69	39	62	51	53	66	72	60	36	42	65	51	63	70	48
37	38	71	35	38	64	39	44	40	70	39	35	41	46	80	38	56	60	49	77	57	73	36	56	73	75	78	34	54	44	59	47	39	73	58	76	54	38	50	45	44	60	77	58	67	48	52	36	40	72	36	56	33	64	72	68	30	50	35	54	38	68	74	36	31	49	67	56	34	42	0	71	31	74	45	66	36	74	37	47	46	67	43	78	44	48	42	67	79	45	34	60	46	56	62	67	69	43	46	75
49	54	67	44	39	30	73	68	43	35	43	73	53	33	61	49	33	32	58	42	41	69	38	79	60	41	46	66	55	52	66	50	59	80	51	47	33	77	43	64	40	57	49	68	70	36	30	55	61	30	56	73	35	37	78	72	32	37	78	71	38	34	57	63	61	50	59	62	41	67	71	0	68	59	30	71	77	32	31	47	58	35	73	56	51	44	31	30	70	80	63	43	73	67	60	60	75	61	34	31
49	53	64	37	70	38	60	59	36	75	64	53	40	80	72	38	49	30	31	79	67	59	53	57	44	79	75	68	34	75	39	70	49	36	78	38	30	77	41	60	38	76	43	68	42	68	65	67	35	78	51	51	75	44	79	54	73	59	41	65	58	59	59	35	67	72	64	46	31	57	31	68	0	32	44	36	72	53	54	70	78	59	65	36	30	65	41	42	66	53	57	73	38	63	30	78	64	58	69	62
44	57	41	74	45	43	36	66	47	30	31	71	35	53	56	48	41	78	58	55	57	39	44	52	53	66	33	77	41	60	53	45	57	55	74	74	47	65	78	68	42	43	63	69	47	49	80	57	65	54	36	56	43	34	36	46	52	36	34	70	49	42	60	34	45	50	33	37	79	37	74	59	32	0	31	63	71	48	52	49	68	79	32	70	66	41	77	58	45	54	42	77	41	54	47	61	33	30	32	39
68	56	69	79	68	53	63	48	75	52	39	51	36	78	30	34	58	77	41	38	49	64	38	33	72	48	74	63	34	65	70	37	54	31	66	51	59	31	58	31	41	36	70	45	58	53	51	52	57	50	73	73	35	72	76	80	73	80	80	59	33	61	66	61	56	37	79	32	40	75	45	30	44	31	0	70	39	79	52	32	66	54	39	51	65	61	56	74	54	62	62	45	48	40	66	78	80	68	44	45
32	73	79	41	78	62	58	55	53	45	70	80	31	50	79	68	72	32	33	67	35	39	33	38	58	46	37	71	78	77	46	68	54	55	62	55	50	57	31	40	57	42	73	66	32	62	72	56	60	65	43	80	66	73	77	72	72	70	41	46	44	73	57	73	42	75	43	67	69	65	66	71	36	63	70	0	37	35	66	72	55	63	33	53	32	41	39	60	55	42	47	33	36	54	68	30	61	76	66	55
42	42	72	71	38	41	60	35	42	70	59	55	42	48	72	60	67	55	57	50	66	50	77	76	48	48	57	80	61	79	32	59	71	37	54	61	42	62	53	77	44	43	69	67	53	65	58	74	45	69	53	54	59	36	62	55	60	78	61	37	73	48	31	63	64	64	57	53	47	30	36	77	72	71	39	37	0	77	53	53	35	65	50	77	38	80	49	76	62	58	47	38	71	47	78	31	52	31	39	66
65	76	56	40	34	53	63	51	67	64	57	80	49	43	59	49	41	32	46	74	47	59	48	41	60	68	64	78	51	33	59	55	47	63	75	77	37	66	78	63	31	74	32	49	76	79	64	33	47	44	46	40	55	41	76	37	77	34	75	60	72	57	70	49	77	67	41	77	80	60	74	32	53	48	79	35	77	0	75	62	62	35	80	67	70	31	57	58	57	58	47	71	40	34	75	46	75	39	33	53
43	39	60	30	41	32	38	76	41	30	66	40	34	40	70	30	58	46	69	68	67	43	46	30	77	78	54	57	76	55	73	53	60	36	69	60	47	75	47	79	54	34	37	59	74	60	75	69	37	79	34	74	50	60	80	32	68	71	57	68	55	47	67	32	44	64	38	37	55	50	37	31	54	52	52	66	53	75	0	46	69	68	47	43	34	51	72	30	62	80	74	47	77	60	36	31	38	75	36	74
74	66	54	47	53	67	57	30	30	45	30	59	57	44	31	59	37	51	49	39	68	49	80	47	48	63	51	74	34	69	37	39	64	60	76	41	40	30	47	55	77	47	76	59	39	64	76	67	51	51	53	44	34	64	71	67	47	54	57	80	70	42	32	55	51	77	30	38	43	61	47	47	70	49	32	72	53	62	46	0	57	36	32	60	43	77	54	60	55	44	41	69	64	50	39	54	60	39	31	41
53	43	52	74	43	43	68	61	65	32	55	61	46	68	73	38	32	63	36	52	35	54	51	53	79	55	56	46	64	32	35	57	61	60	74	56	78	65	51	63	56	37	64	50	47	60	61	57	51	55	65	63	67	70	66	31	39	70	66	35	77	40	74	62	34	41	70	54	78	80	46	58	78	68	66	55	35	62	69	57	0	46	79	45	32	79	31	65	49	38	59	56	67	60	41	70	57	52	57	57
71	44	69	76	40	62	46	55	69	32	70	30	62	31	71	64	60	55	46	79	61	38	30	52	54	48	54	74	60	57	40	67	46	72	63	30	65	31	78	62	50	44	57	30	62	46	37	72	58	45	70	50	59	43	60	30	55	65	65	62	79	52	78	39	76	30	44	62	67	72	67	35	59	79	54	63	65	35	68	36	46	0	42	68	56	51	52	74	31	57	41	51	64	58	44	32	33	53	53	47
44	77	34	66	56	41	38	30	57	63	52	64	67	60	58	37	68	41	61	42	33	58	39	58	69	42	63	74	41	48	60	80	69	49	53	80	53	62	70	78	61	79	34	57	73	75	44	41	78	48	60	61	57	37	76	56	68	68	56	54	44	63	64	30	64	63	39	42	30	68	43	73	65	32	39	33	50	80	47	32	79	42	0	47	37	39	49	70	52	55	59	39	56	40	66	32	61	66	67	75
77	70	35	30	61	46	54	77	79	60	41	43	61	50	80	35	31	32	31	52	35	51	46	32	42	62	76	45	59	35	46	70	59	42	77	51	68	75	77	34	55	67	76	73	40	56	64	56	55	64	57	31	47	66	60	34	53	58	59	32	67	37	66	49	55	67	71	45	52	63	78	56	36	70	51	53	77	67	43	60	45	68	47	0	45	48	51	65	63	56	45	75	63	31	33	54	72	35	30	78
73	32	70	76	46	32	64	70	64	73	36	53	80	31	48	50	52	79	51	73	32	67	78	63	45	73	47	48	36	64	71	38	72	74	80	46	59	63	38	60	60	55	80	42	30	37	53	54	58	51	67	79	37	50	74	75	47	67	52	51	63	56	73	58	58	52	75	39	62	56	44	51	30	66	65	32	38	70	34	43	32	56	37	45	0	59	73	53	49	68	70	73	57	48	32	63	56	39	39	78
48	51	56	63	40	41	37	64	73	69	51	32	36	59	77	60	39	62	31	47	58	52	52	63	44	66	37	51	77	39	58	70	31	35	62	37	61	56	64	73	56	38	37	75	65	31	49	53	64	30	46	69	66	30	36	76	36	77	79	68	75	38	66	80	76	46	49	58	53	69	48	44	65	41	61	41	80	31	51	77	79	51	39	48	59	0	60	51	46	69	37	50	44	49	76	63	35	52	62	48
36	46	46	76	58	78	59	56	79	73	50	62	41	66	47	39	36	33	75	48	50	36	60	36	61	70	79	73	49	69	41	53	32	36	35	59	46	54	53	76	56	76	32	61	62	37	54	45	31	66	43	39	61	65	35	62	48	56	46	62	62	33	73	72	30	31	36	44	50	39	42	31	41	77	56	39	49	57	72	54	31	52	49	51	73	60	0	77	41	66	65	56	58	53	53	38	69	32	46	33
57	30	76	70	74	30	59	76	44	72	77	65	68	34	50	53	80	36	47	37	43	71	34	35	66	36	66	59	46	39	68	49	69	63	76	48	69	70	37	31	67	44	57	69	49	48	32	67	79	55	78	49	51	30	57	58	69	66	38	76	32	56	52	50	50	61	61	57	54	62	67	30	42	58	74	60	76	58	30	60	65	74	70	65	53	51	77	0	58	48	46	32	34	64	36	51	45	63	55	68
80	65	78	50	66	74	47	66	72	60	46	35	49	52	33	37	75	50	42	39	78	77	51	36	53	41	68	62	73	45	63	68	46	35	62	68	42	58	44	43	64	44	47	70	60	69	70	54	46	70	77	67	42	48	38	39	36	38	70	50	40	79	33	70	58	48	38	34	72	51	79	70	66	45	54	55	62	57	62	55	49	31	52	63	49	46	41	58	0	33	73	72	58	80	30	33	49	67	74	76
59	39	73	34	62	36	47	62	56	43	51	70	36	48	60	54	67	74	45	67	59	33	78	31	70	43	49	40	41	50	30	50	75	64	57	44	76	52	32	74	35	74	58	45	54	74	73	34	57	30	63	57	43	71	80	52	66	33	38	69	59	67	66	54	73	59	63	52	75	53	45	80	53	54	62	42	58	58	80	44	38	57	55	56	68	69	66	48	33	0	37	38	40	68	30	56	73	31	73	52
63	61	73	33	49	78	55	77	34	75	56	59	48	50	41	74	45	54	31	62	45	59	39	35	69	51	33	68	39	79	73	64	44	37	69	69	33	67	42	73	30	77	73	66	39	77	56	38	47	60	32	54	74	61	50	48	71	36	41	35	62	72	73	64	78	68	38	72	56	66	34	63	57	42	62	47	47	47	74	41	59	41	59	45	70	37	65	46	73	37	0	40	48	53	73	64	78	67	59	51
38	78	54	63	39	40	60	38	44	30	55	80	34	48	55	40	34	74	37	50	74	67	41	71	60	59	37	59	70	71	68	52	41	45	37	42	70	75	78	74	76	32	50	75	68	56	60	68	66	45	44	43	54	47	31	33	57	73	71	48	53	69	36	77	79	38	41	60	61	72	60	43	73	77	45	33	38	71	47	69	56	51	39	75	73	50	56	32	72	38	40	0	43	37	66	80	39	51	70	46
55	51	55	35	63	66	56	72	70	55	50	33	36	74	35	76	49	32	54	50	62	42	75	32	30	68	72	43	33	38	44	67	36	72	42	77	69	42	44	33	61	74	66	63	39	67	59	42	56	69	46	37	70	65	67	42	70	35	66	33	44	61	74	65	60	57	45	61	43	60	46	73	38	41	48	36	71	40	77	64	67	64	56	63	57	44	58	34	58	40	48	43	0	77	75	77	31	57	54	35
69	43	32	79	68	69	73	58	59	43	66	68	52	73	52	30	53	40	31	75	42	33	30	40	75	48	55	31	61	44	61	45	61	80	61	32	32	33	43	56	60	47	66	79	64	56	50	73	44	70	67	65	70	39	63	53	62	43	59	48	49	44	33	79	34	65	35	60	32	36	56	67	63	54	40	54	47	34	60	50	60	58	40	31	48	49	53	64	80	68	53	37	77	0	63	46	38	80	44	47
35	33	40	53	41	39	79	72	74	54	34	35	66	62	65	31	34	49	46	65	35	74	61	38	65	68	43	31	46	53	70	50	60	55	77	58	32	61	55	66	50	34	53	72	65	43	47	31	59	40	34	71	68	65	30	59	55	44	43	43	70	36	31	41	45	56	76	55	45	42	62	60	30	47	66	68	78	75	36	39	41	44	66	33	32	76	53	36	30	30	73	66	75	63	0	32	70	61	67	69
60	64	54	45	34	67	32	37	79	43	41	74	80	68	68	36	30	79	75	74	73	49	42	62	37	43	55	71	74	49	72	47	80	32	55	57	46	43	59	49	32	37	70	49	35	74	80	38	68	43	73	67	59	39	57	44	43	46	66	70	68	50	30	46	55	69	30	79	30	65	67	60	78	61	78	30	31	46	31	54	70	32	32	54	63	63	38	51	33	56	64	80	77	46	32	0	39	39	46	56
45	61	55	63	38	76	36	80	69	32	76	37	76	69	32	52	74	76	51	66	71	50	46	30	31	33	36	32	57	67	54	51	60	34	43	37	38	35	66	31	63	57	43	79	78	35	62	70	67	67	80	50	72	80	73	77	39	79	42	65	39	31	72	36	62	38	72	69	52	51	69	75	64	33	80	61	52	75	38	60	57	33	61	72	56	35	69	45	49	73	78	39	31	38	70	39	0	30	63	46
66	78	55	48	55	52	74	38	40	49	73	78	35	80	80	67	42	62	68	41	64	62	66	50	36	33	67	58	65	58	51	33	50	58	33	44	68	44	69	42	63	61	43	64	56	55	34	57	60	63	31	45	44	65	54	43	68	61	59	64	32	52	39	78	36	34	71	63	50	63	43	61	58	30	68	76	31	39	75	39	52	53	66	35	39	52	32	63	67	31	67	51	57	80	61	39	30	0	53	34
42	76	38	66	44	51	31	41	63	76	70	80	65	36	42	71	70	66	71	54	45	74	44	55	41	77	68	47	68	30	34	66	37	55	78	52	57	69	38	44	78	46	42	38	40	60	80	39	59	77	42	73	60	54	48	67	78	69	35	61	43	59	46	40	40	76	63	52	54	70	46	34	69	32	44	66	39	33	36	31	57	53	67	30	39	62	46	55	74	73	59	70	54	44	67	46	63	53	0	60
61	50	70	45	33	32	33	41	39	33	49	57	62	58	57	49	80	35	61	61	80	41	54	32	59	37	74	80	74	50	72	52	60	69	77	80	65	63	38	55	35	58	32	66	48	36	31	64	57	45	77	61	61	58	63	30	72	46	46	54	41	53	43	53	52	31	37	67	79	48	75	31	62	39	45	55	66	53	74	41	57	47	75	78	78	48	33	68	76	52	51	46	35	47	69	56	46	34	60	0

Initial health value of each distributed equipment: 
(Where columns denote demand points: 1 to 100.)
536.05	545.76	224.87	510.60	542.82	739.05	445.15	214.14	192.34	308.95	285.36	270.48	271.60	362.34	401.32	535.68	253.30	458.32	227.97	515.90	296.45	381.78	643.86	282.00	616.20	398.24	564.30	689.50	269.69	436.50	307.38	683.52	450.00	189.23	198.00	276.61	263.73	866.32	274.17	159.43	581.01	450.80	266.71	600.03	715.04	258.00	444.54	528.32	356.16	489.80	464.38	486.36	470.61	796.08	398.78	338.07	271.69	402.96	347.82	789.96	294.14	608.40	406.08	611.78	223.50	534.54	474.50	470.58	220.52	322.94	517.24	202.64	513.28	458.40	441.04	752.40	653.76	249.90	227.97	433.71	648.09	634.92	595.40	260.75	540.51	287.57	275.65	400.68	227.97	282.15	562.44	659.92	260.85	614.20	200.96	236.52	530.75	544.88	339.36	473.28

Spare parts types of different demand points: 
(where columns denote demand points: 1 to 100.)
2	14	3	11	6	3	4	3	8	8	2	8	10	10	14	3	2	1	7	6	2	8	14	13	1	13	5	15	8	5	11	1	8	4	3	15	6	10	14	5	9	5	13	9	9	4	7	9	13	13	10	4	10	1	4	4	15	9	15	13	1	1	15	11	1	2	3	5	5	1	10	13	14	13	15	2	6	13	11	2	7	9	14	11	10	8	14	12	12	8	15	7	4	5	14	12	15	7	9	5

inventory management cost per unit time of different types of orders: 
(where columns denote types of orders: 1 to 15.)
2.8	1.6	2.4	1.6	1	2	1.8	1.4	2.2	3	1.3	3	1.4	2.5	2.4

Maintenance cost per unit time of different worker: 
(Where rows denote strategy: 1 to 4,and columns denote available worker of each strategy: 1 to 4.)
3.3	4.9	3.9	4
4.2	4.5	3.7	4.4
4.3	3.3	3.3	4.2
4.1	3.1	4.6	3.2

The weight of tardiness cost of different demand points: 
(where columns denote demand points: 1 to 100.)
3.4	4.2	5.2	4.1	4.7	4.5	4	3.6	4.9	4	5.9	3.9	5.8	3.7	4	5.4	4	5.3	4.6	5.2	3.4	4.5	5.1	5.8	4.2	5	3.1	5.8	5.9	4.9	4.2	5.5	5.3	3.6	4.4	5.3	5.1	3.4	4.7	3.1	3.2	3.9	5.5	5	3.8	5.3	5.9	3.8	4.6	3.9	5	5.9	4.3	4.6	4.3	4.9	5.9	5.6	5.5	4.5	5.7	3.4	5.1	3.8	5.4	5.7	4	5.5	4.9	4.1	4.4	3.5	5.9	5	3.6	3.1	4.2	4.8	4.9	4.9	3.4	4.6	5.8	5.9	3.1	5.2	4.7	4.8	4.4	5.2	5.7	4.6	5.3	3.6	5.4	5.8	3.8	5.3	5.5	5.7

The waste of old spare part per unit time of each distributed equipment: 
(where columns denote demand points: 1 to 100.)
6.3	5.7	7	6.4	7.2	6.6	7.1	7	7.8	5.2	7.3	7.8	5.8	6.6	7.9	7.4	6.1	6.1	5.7	6.5	7.7	7.6	6.4	6.6	6.6	5	5.6	7.9	6.5	7.6	7.8	5.4	6.6	5.1	6.2	6.1	6.9	5.4	6.1	6	6.7	6.8	6.4	5.5	6.3	7	7.2	7.6	5.7	5.6	6.8	5	5.9	5.9	5.2	7.4	5.3	7.6	5.4	7.6	6.8	6.7	5.4	6.9	5.9	6.5	6.5	6.9	5.6	7.5	5.2	7.3	5.8	6.5	5.9	5	7.3	5.2	7.8	6.6	5.1	6.5	7.7	6.6	7.7	5.9	6.6	5.8	5.3	7.3	7	5.8	5.7	5.6	6.9	6.4	8	5.5	7.3	7.8

shutdown cost per unit time of each distributed equipment: 
(where columns denote demand points: 1 to 100.)
23	21.5	21.1	20.1	23.4	20.8	21.8	21.8	20.3	23.5	21.9	21.1	20.3	22.3	23.4	24.3	21.1	22.3	22.4	23.1	22.3	23.7	24.9	21.9	24.6	20.6	24.5	20.3	24.3	21.5	21.5	20.8	20.2	22.8	21.9	24	23.6	23	24.2	22.6	22.4	24.7	22	21	23.4	23.9	23.1	20	24.8	24.4	22.2	21.4	22.8	24.7	21.5	22	20.4	22.8	23.9	24	20.4	20.1	23.2	22.3	21.9	24.1	22.4	23.9	21	23.5	24.4	23.7	21.1	21	20.9	23.7	23.8	22.4	23.5	21.8	21.1	21.9	20.4	20.5	21.5	23.3	23.1	22.8	20.2	22.5	23.8	22.7	20.5	21.6	22.2	25	23	20.7	21.7	21.4

Deterioration rate of each piece of equipment:
(Where columns denote distributed equipment: 1 to 100.)
1.51	1.44	1.13	1.48	1.66	1.95	1.45	1.29	1.18	1.67	1.74	1.47	1.4	1.22	1.58	1.24	1.7	1.36	1.53	1.34	1.21	1.26	1.46	1.88	1.58	1.31	1.35	1.97	1.81	1.5	1.41	1.92	1.5	1.27	1.2	1.39	1.77	1.96	1.11	1.07	1.81	1.15	1.79	1.77	1.64	1	1.86	1.27	1.68	1.24	1.07	1.26	1.89	1.86	1.27	1.77	1.01	1.84	1.02	1.74	1.54	1.69	1.88	1.81	1.5	1.77	1.46	1.86	1.48	1.34	1.34	1.36	1.28	1.91	1.49	1.9	1.44	1.19	1.53	1.83	1.71	1.48	1.3	1.75	1.29	1.93	1.85	1.59	1.53	1.35	1.72	1.46	1.41	1.66	1.28	1.46	1.93	1.39	1.01	1.16

The processing time of different types of spare parts: 
(Where rows denote machines: 1 to 8,and columns denote types: 1 to 15.)
15	23	29	25	27	18	20	23	14	28	28	20	23	23	12
26	14	10	15	18	20	29	11	21	27	22	11	17	12	22
16	23	28	11	26	23	19	13	20	21	10	17	19	13	16
29	17	22	18	28	22	24	11	16	15	20	24	14	26	17
21	21	26	14	15	16	24	28	11	29	16	18	14	29	19
17	10	16	12	14	21	27	13	20	25	27	23	28	22	25
18	15	29	14	23	21	18	10	25	29	22	14	18	15	12
20	26	21	21	14	25	11	12	17	15	14	14	26	14	12

The maintenance time of different workers: 
(Where rows denote strategy: 1 to 4,and columns denote available worker of each strategy: 1 to 4.)
43	30	45	38
41	35	47	34
31	40	49	36
41	45	31	41

Repair degree of different strategies: 
(Where rows denote strategy: 1 to 44.)
0.58	0.51	0.5	0.58

Quantity of spare parts of each type reserved in each warehouse: 
(where rows denote warehouses£º1 to 6,and columns denote types£º1 to 15.)
1	2	3	12	13	14
3	1	2	1	1	3
1	5	6	11	12
2	2	1	1	2
3	4	6	11	14
1	1	1	1	1

Initial due date of each order: 
(Where columns denote order: 1 to 100.)
355	379	199	345	327	379	307	166	163	185	164	184	194	297	254	432	149	337	149	385	245	303	441	150	390	304	418	350	149	291	218	356	300	149	165	199	149	442	247	149	321	392	149	339	436	258	239	416	212	395	434	386	249	428	314	191	269	219	341	454	191	360	216	338	149	302	325	253	149	241	386	149	401	240	296	396	454	210	149	237	379	429	458	149	419	149	149	252	149	209	327	452	185	370	157	162	275	392	336	408

Maintenance starting time window of each piece of equipment: 
(Where rows denote Lower and Upper bounds of Maintenance starting time window: 1 to 2,and columns denote distributed equipment: 1 to 100.)
248.5	265.3	139.3	241.5	228.9	265.3	214.9	116.2	114.1	129.5	114.8	128.8	135.8	207.9	177.8	302.4	104.3	235.9	104.3	269.5	171.5	212.1	308.7	105	273	212.8	292.6	245	104.3	203.7	152.6	249.2	210	104.3	115.5	139.3	104.3	309.4	172.9	104.3	224.7	274.4	104.3	237.3	305.2	180.6	167.3	291.2	148.4	276.5	303.8	270.2	174.3	299.6	219.8	133.7	188.3	153.3	238.7	317.8	133.7	252	151.2	236.6	104.3	211.4	227.5	177.1	104.3	168.7	270.2	104.3	280.7	168	207.2	277.2	317.8	147	104.3	165.9	265.3	300.3	320.6	104.3	293.3	104.3	104.3	176.4	104.3	146.3	228.9	316.4	129.5	259	109.9	113.4	192.5	274.4	235.2	285.6
319.5	341.1	179.1	310.5	294.3	341.1	276.3	149.4	146.7	166.5	147.6	165.6	174.6	267.3	228.6	388.8	134.1	303.3	134.1	346.5	220.5	272.7	396.9	135	351	273.6	376.2	315	134.1	261.9	196.2	320.4	270	134.1	148.5	179.1	134.1	397.8	222.3	134.1	288.9	352.8	134.1	305.1	392.4	232.2	215.1	374.4	190.8	355.5	390.6	347.4	224.1	385.2	282.6	171.9	242.1	197.1	306.9	408.6	171.9	324	194.4	304.2	134.1	271.8	292.5	227.7	134.1	216.9	347.4	134.1	360.9	216	266.4	356.4	408.6	189	134.1	213.3	341.1	386.1	412.2	134.1	377.1	134.1	134.1	226.8	134.1	188.1	294.3	406.8	166.5	333	141.3	145.8	247.5	352.8	302.4	367.2

