Number of orders: 
100

Number of factories\warehouses: 
5

Number of machines per factory: 
5

Number of types of spare parts: 
5

Number of maintenance strategies: 
3

Number of available workers per strategy: 
3

Transportation cost per unit time: 
3

Transprotation time between factories/warehouses and demand points: 
(Where rows denote factories: 1 to 5 ,and columns denote demand points: 1 to 100.)
82	104	113	84	67	32	109	118	140	94	63	106	146	109	95	102	76	32	70	111	30	133	105	123	122	49	127	72	127	139	146	125	30	128	107	70	54	59	85	93	143	145	74	148	33	70	92	66	95	66	98	65	147	76	120	144	56	82	75	109	104	145	115	69	114	110	53	147	81	92	81	64	120	34	119	132	89	47	100	110	67	53	32	40	135	87	59	133	117	39	76	129	104	149	107	99	145	100	41	92
70	85	107	51	132	146	119	75	121	69	89	32	99	128	145	105	94	53	95	144	67	114	147	90	62	79	143	83	85	93	53	95	35	64	112	43	117	70	133	139	100	51	109	55	120	41	49	137	62	33	67	131	114	139	102	117	134	137	117	38	51	110	92	32	38	145	139	98	116	87	62	59	121	132	95	73	135	92	121	100	124	119	136	59	116	109	96	67	80	103	149	97	146	95	57	75	44	128	111	41
39	94	78	73	53	128	44	124	97	79	104	101	91	55	114	48	148	142	112	122	141	67	91	43	49	141	104	69	69	74	75	76	47	142	128	85	149	113	66	67	65	142	62	53	47	91	95	60	78	92	95	60	73	83	84	44	130	106	38	108	36	69	88	85	52	89	83	53	101	143	33	53	118	67	85	139	73	126	144	134	130	70	88	124	119	75	34	104	31	89	117	86	123	34	122	55	42	49	53	53
137	43	75	137	49	44	82	111	64	41	46	115	39	76	114	96	48	117	52	92	67	148	119	149	31	52	41	80	119	45	142	100	129	101	102	68	48	123	136	30	52	72	115	44	117	32	138	136	46	71	127	40	33	51	148	50	32	65	40	117	143	65	38	35	83	75	54	108	69	121	66	129	143	146	38	89	101	113	138	133	92	70	54	43	60	109	75	71	110	62	69	33	102	111	30	121	107	68	100	83
46	72	68	51	39	79	72	66	38	139	56	44	74	96	109	130	119	118	102	130	103	41	77	62	109	139	139	37	130	92	98	80	57	132	112	61	110	77	137	129	126	90	113	41	137	91	64	148	34	46	76	125	84	105	85	141	146	83	110	107	56	98	67	36	108	124	120	86	93	147	69	51	80	75	51	114	52	92	124	126	42	68	121	107	142	135	121	139	136	126	86	142	118	114	40	42	104	126	31	38

Tranfer time of each worker between two different demand points: 
(Where rows and columns both denote demands points: 1 to 100.)
0	38	61	36	38	71	41	43	74	63	47	30	36	69	31	35	60	51	77	42	75	57	42	41	79	32	61	64	68	75	52	59	70	63	34	54	79	46	50	31	77	48	30	49	43	67	66	73	76	79	70	68	55	44	40	68	51	37	75	66	74	74	48	65	46	57	62	49	80	56	35	44	77	34	74	40	76	31	35	74	61	49	56	80	70	37	39	61	50	57	41	31	73	54	40	77	34	68	41	65
38	0	80	40	46	31	41	73	75	36	55	75	65	44	46	62	56	46	37	34	49	50	50	60	64	63	73	42	49	45	69	70	49	63	52	79	38	67	31	42	73	32	70	48	69	56	65	49	55	64	58	59	54	41	63	64	40	45	74	34	78	38	51	34	46	39	47	42	49	38	74	76	51	46	69	45	80	35	56	50	42	40	40	33	61	78	58	74	40	51	73	78	50	75	30	53	61	43	44	59
61	80	0	55	77	73	40	30	32	35	59	54	58	76	50	55	75	53	31	69	37	62	30	47	63	68	45	49	69	37	56	45	61	45	38	54	56	48	60	78	44	78	43	33	68	37	43	31	41	65	40	32	71	36	76	63	30	76	72	50	46	63	46	38	57	54	79	61	55	38	38	51	51	46	77	77	46	67	72	76	34	50	32	69	77	79	32	36	33	76	65	53	62	41	74	58	46	52	80	74
36	40	55	0	36	41	59	58	30	67	43	45	77	48	73	52	62	60	47	34	49	47	53	66	36	45	61	46	52	40	50	61	56	63	67	57	62	68	30	39	44	63	76	48	50	44	30	54	42	78	79	80	77	49	55	44	69	62	58	30	43	58	74	71	39	53	59	30	43	55	58	68	72	60	66	57	68	40	55	64	74	64	32	35	37	61	35	58	40	45	47	39	80	73	67	34	37	59	55	70
38	46	77	36	0	64	57	52	70	33	79	53	54	42	59	54	76	55	63	72	56	58	51	46	70	35	60	30	55	33	35	38	57	33	57	75	43	51	67	59	33	48	71	41	67	52	72	73	58	54	73	72	32	66	52	56	33	43	58	53	59	45	56	67	79	77	61	54	38	52	48	62	60	71	67	33	34	75	78	52	74	39	65	55	75	78	36	62	69	47	54	65	40	54	68	39	56	45	36	75
71	31	73	41	64	0	32	64	30	61	59	71	69	43	59	67	47	43	37	50	80	66	52	30	64	38	76	63	46	61	65	48	66	36	38	34	78	52	74	72	80	73	59	57	67	59	52	79	50	72	42	45	69	62	39	48	76	34	58	53	42	40	55	66	45	39	48	30	66	54	40	61	67	55	37	52	49	58	62	73	52	72	34	45	42	52	46	62	69	76	48	50	37	44	48	65	59	40	78	35
41	41	40	59	57	32	0	67	76	74	51	69	75	75	36	50	59	75	32	60	58	31	59	37	75	40	31	43	60	48	74	44	48	38	40	33	50	36	46	71	71	62	36	39	71	47	76	77	76	53	54	62	39	62	77	67	35	31	65	52	52	38	76	69	72	49	65	36	42	55	64	67	65	55	31	65	35	31	57	36	46	76	52	72	72	36	33	44	66	70	63	54	72	73	49	41	54	58	59	75
43	73	30	58	52	64	67	0	57	34	31	72	52	79	77	72	75	54	50	69	71	54	72	64	34	61	42	68	58	59	72	43	58	66	65	31	44	48	74	75	78	75	59	41	74	68	80	34	39	73	42	78	47	45	64	77	80	43	50	66	55	46	73	70	39	50	66	40	66	46	33	69	58	55	34	40	46	73	31	51	61	65	71	63	56	31	44	33	39	44	80	47	51	63	76	50	52	66	71	79
74	75	32	30	70	30	76	57	0	67	71	56	41	55	39	62	60	30	33	75	30	62	75	61	80	36	63	30	40	54	78	77	49	58	73	75	32	66	31	52	47	66	79	53	73	65	44	37	33	61	31	33	61	77	33	73	59	39	43	50	33	31	54	72	74	41	33	55	69	68	74	65	56	41	45	35	45	59	67	74	34	52	74	75	40	69	65	60	31	54	64	56	43	49	44	75	47	31	71	76
63	36	35	67	33	61	74	34	67	0	74	65	43	58	74	58	80	40	30	76	67	60	73	66	62	60	54	63	50	70	74	65	46	35	62	35	38	63	44	71	34	61	54	66	69	31	71	53	55	64	30	67	56	44	56	58	65	43	53	68	64	77	66	72	43	66	40	54	66	58	67	68	44	68	43	47	79	55	64	72	76	66	56	62	75	39	56	50	45	34	53	65	31	36	43	78	67	43	56	31
47	55	59	43	79	59	51	31	71	74	0	43	71	76	47	76	68	40	41	44	58	65	53	30	30	36	69	53	62	45	52	78	37	79	51	55	35	42	55	30	50	48	64	52	67	55	62	73	53	50	52	50	77	59	63	73	44	54	77	35	37	40	58	34	46	41	38	70	58	55	56	44	41	39	59	80	62	73	40	69	40	76	31	57	35	56	79	58	40	46	48	37	69	61	57	64	47	61	62	34
30	75	54	45	53	71	69	72	56	65	43	0	54	33	80	80	55	75	40	59	36	57	34	79	41	70	44	46	61	58	40	37	54	65	73	47	64	70	58	80	55	46	76	70	52	37	64	40	55	77	71	32	54	47	62	52	38	68	71	68	62	41	36	48	34	72	69	32	58	80	75	74	57	41	79	59	41	69	63	64	67	46	61	31	52	70	78	61	79	38	37	56	71	52	70	40	69	78	47	73
36	65	58	77	54	69	75	52	41	43	71	54	0	37	56	61	77	68	64	63	62	70	72	43	60	59	41	40	43	51	41	80	41	35	33	78	31	33	52	71	70	32	34	78	69	38	43	31	75	78	46	73	35	46	73	33	43	46	30	54	30	54	77	53	31	30	73	52	38	54	44	49	35	64	65	38	42	75	79	50	46	55	35	35	66	67	41	63	61	58	51	76	75	53	57	74	30	36	61	38
69	44	76	48	42	43	75	79	55	58	76	33	37	0	65	80	76	30	45	36	38	78	53	31	80	61	67	38	69	51	41	54	30	65	34	75	60	77	58	41	42	51	57	63	79	46	45	32	80	37	36	74	45	55	71	57	50	68	54	35	38	62	75	68	40	49	76	76	39	38	40	39	48	34	37	52	54	30	76	52	71	40	37	33	64	61	79	32	74	47	75	44	64	41	65	47	75	61	42	34
31	46	50	73	59	59	36	77	39	74	47	80	56	65	0	69	46	62	53	69	78	30	79	39	31	31	34	35	69	45	62	56	77	51	67	45	67	69	37	42	79	66	36	54	65	80	40	43	74	55	33	65	65	75	78	57	30	80	68	67	48	67	45	74	35	39	46	54	41	70	79	67	34	60	37	38	58	44	36	34	62	57	78	43	80	56	65	57	66	47	46	63	71	72	52	32	73	48	41	69
35	62	55	52	54	67	50	72	62	58	76	80	61	80	69	0	54	41	80	47	79	34	66	51	70	69	64	71	31	46	35	32	78	31	56	62	56	58	40	39	30	53	48	57	32	50	34	68	74	40	72	33	54	44	33	69	36	61	77	68	72	74	67	76	54	37	63	66	56	74	62	31	39	59	56	78	30	70	57	75	56	33	80	66	41	72	55	65	46	32	78	36	76	61	66	78	68	77	70	63
60	56	75	62	76	47	59	75	60	80	68	55	77	76	46	54	0	60	40	41	64	41	65	79	35	75	63	61	75	68	76	71	71	47	61	38	37	69	49	72	57	59	37	60	78	51	37	42	70	77	43	61	32	33	58	74	77	34	48	63	73	72	70	69	35	55	78	61	41	67	44	80	48	52	46	35	52	67	57	62	77	59	48	54	34	49	45	53	40	68	74	33	52	43	46	73	67	43	76	32
51	46	53	60	55	43	75	54	30	40	40	75	68	30	62	41	60	0	53	42	72	68	80	39	35	44	37	53	34	57	55	56	72	67	63	44	75	59	37	48	57	51	55	78	57	67	43	55	66	74	51	37	51	50	37	72	54	33	32	42	30	79	63	73	56	75	42	74	70	61	67	75	39	79	60	61	41	63	71	38	36	65	75	61	60	78	77	77	75	69	66	33	30	31	39	40	34	38	39	40
77	37	31	47	63	37	32	50	33	30	41	40	64	45	53	80	40	53	0	55	61	77	39	72	47	44	64	64	51	50	52	36	43	60	66	38	48	54	68	73	42	43	63	73	33	66	69	49	44	63	39	64	50	61	31	37	49	44	50	47	41	70	60	59	45	70	60	46	46	37	74	69	41	57	55	63	67	71	50	49	40	51	79	80	44	43	54	33	42	70	67	30	42	32	62	41	64	45	55	37
42	34	69	34	72	50	60	69	75	76	44	59	63	36	69	47	41	42	55	0	76	75	57	52	80	46	43	71	55	49	61	74	36	77	50	72	68	68	31	39	54	31	39	31	74	48	72	61	40	59	34	55	56	59	30	48	75	61	61	75	37	48	39	55	47	30	31	52	41	59	67	58	58	76	34	58	41	79	41	32	55	63	77	31	51	49	64	67	30	53	52	74	80	67	78	55	46	44	66	33
75	49	37	49	56	80	58	71	30	67	58	36	62	38	78	79	64	72	61	76	0	35	76	59	58	70	65	68	40	33	59	34	71	80	65	80	64	72	66	40	38	75	43	75	59	47	69	42	79	57	55	65	71	59	45	41	53	45	80	69	60	35	33	71	52	57	45	77	73	49	62	45	32	71	58	69	73	41	69	75	41	79	59	37	37	67	57	33	54	38	36	64	70	60	36	68	36	57	49	49
57	50	62	47	58	66	31	54	62	60	65	57	70	78	30	34	41	68	77	75	35	0	43	66	56	51	43	75	68	66	31	72	50	59	74	80	42	53	56	77	49	38	61	40	66	43	80	72	52	69	61	55	57	59	65	73	76	32	41	73	33	77	43	64	79	60	78	50	37	57	62	73	54	67	52	46	49	57	51	49	34	75	42	60	51	80	64	55	78	75	50	73	55	38	52	54	63	52	39	55
42	50	30	53	51	52	59	72	75	73	53	34	72	53	79	66	65	80	39	57	76	43	0	32	34	77	42	42	78	44	30	78	47	54	72	67	80	71	76	30	38	54	55	76	43	32	54	55	78	42	52	60	33	43	53	78	38	49	31	60	35	60	73	78	61	56	80	68	75	57	40	75	74	54	43	58	66	69	54	32	34	34	48	31	76	65	66	79	72	70	43	33	37	46	44	65	51	50	50	62
41	60	47	66	46	30	37	64	61	66	30	79	43	31	39	51	79	39	72	52	59	66	32	0	40	35	77	79	73	80	40	68	62	61	50	69	51	65	44	35	41	64	76	48	60	50	55	46	32	36	59	70	36	58	79	44	77	30	54	32	36	34	48	44	65	46	45	55	34	64	69	58	79	74	32	42	31	39	42	57	63	65	76	36	75	37	53	40	63	36	78	51	53	52	60	73	80	36	37	61
79	64	63	36	70	64	75	34	80	62	30	41	60	80	31	70	35	35	47	80	58	56	34	40	0	50	48	64	42	79	41	40	37	74	41	67	45	60	43	80	67	41	75	70	36	61	62	30	36	63	60	76	66	59	76	60	61	47	34	36	38	60	78	62	55	67	75	65	72	33	40	41	71	44	54	78	73	46	75	63	53	69	65	71	47	70	74	46	65	74	78	53	79	75	71	71	59	30	67	78
32	63	68	45	35	38	40	61	36	60	36	70	59	61	31	69	75	44	44	46	70	51	77	35	50	0	47	61	78	75	63	35	70	64	63	48	45	76	62	56	40	80	49	57	41	57	46	49	46	48	75	75	41	38	51	43	66	76	70	37	78	47	63	49	47	69	76	38	56	43	50	58	55	59	79	40	68	54	31	61	38	76	36	57	76	44	60	62	79	77	79	62	80	46	54	55	62	64	74	51
61	73	45	61	60	76	31	42	63	54	69	44	41	67	34	64	63	37	64	43	65	43	42	77	48	47	0	50	32	47	65	45	41	36	63	48	59	70	53	62	61	35	39	38	67	52	53	41	68	68	78	37	60	30	46	39	78	40	51	64	79	48	74	41	34	63	77	57	77	46	53	40	47	56	79	47	47	37	33	60	41	58	80	60	72	79	78	61	74	39	64	59	52	63	36	47	60	40	75	41
64	42	49	46	30	63	43	68	30	63	53	46	40	38	35	71	61	53	64	71	68	75	42	79	64	61	50	0	70	53	34	61	60	38	31	35	47	52	47	77	59	75	49	78	45	30	52	58	45	42	50	45	79	32	37	75	75	47	51	64	46	32	49	38	67	69	57	68	48	62	67	77	62	78	37	66	41	54	40	35	77	67	74	72	64	69	64	70	41	57	53	75	56	80	51	68	78	66	62	31
68	49	69	52	55	46	60	58	40	50	62	61	43	69	69	31	75	34	51	55	40	68	78	73	42	78	32	70	0	73	74	53	62	60	72	45	61	50	76	40	69	49	45	55	54	70	44	65	45	76	54	80	72	68	60	39	60	60	72	56	62	76	43	53	30	58	42	78	78	62	74	44	49	68	56	47	58	35	42	31	51	47	65	60	71	68	31	58	62	38	43	60	51	74	60	59	51	76	47	56
75	45	37	40	33	61	48	59	54	70	45	58	51	51	45	46	68	57	50	49	33	66	44	80	79	75	47	53	73	0	58	64	55	60	40	72	32	65	40	79	44	33	42	51	68	80	69	56	36	62	41	45	45	71	55	78	72	39	57	75	68	63	37	80	76	72	73	64	37	57	35	75	43	37	45	63	72	30	58	54	32	37	73	75	44	74	71	79	55	73	74	35	69	67	62	65	45	40	46	63
52	69	56	50	35	65	74	72	78	74	52	40	41	41	62	35	76	55	52	61	59	31	30	40	41	63	65	34	74	58	0	63	40	52	63	69	61	32	47	73	76	53	54	77	67	77	34	42	47	39	80	48	70	57	58	60	61	42	63	58	37	46	34	47	68	78	49	32	59	56	72	66	71	48	73	79	42	75	30	43	72	76	60	46	45	56	66	71	68	69	54	75	37	45	49	58	33	51	62	67
59	70	45	61	38	48	44	43	77	65	78	37	80	54	56	32	71	56	36	74	34	72	78	68	40	35	45	61	53	64	63	0	57	41	37	41	32	60	40	60	72	79	80	62	57	37	80	34	36	76	64	42	35	57	73	59	50	40	34	72	79	44	35	76	69	52	53	74	53	38	39	46	34	33	66	44	50	66	30	53	51	33	73	65	50	57	64	46	32	54	42	31	76	52	79	79	70	52	42	54
70	49	61	56	57	66	48	58	49	46	37	54	41	30	77	78	71	72	43	36	71	50	47	62	37	70	41	60	62	55	40	57	0	59	49	59	40	69	63	54	66	62	68	77	69	52	77	59	53	71	67	41	45	67	44	69	73	36	39	52	47	45	61	72	79	45	65	50	59	72	75	36	35	35	74	61	72	31	52	36	39	31	53	58	39	79	65	36	40	51	54	78	57	69	64	65	33	46	51	73
63	63	45	63	33	36	38	66	58	35	79	65	35	65	51	31	47	67	60	77	80	59	54	61	74	64	36	38	60	60	52	41	59	0	70	41	60	51	39	60	48	47	50	41	68	32	51	54	55	75	31	66	30	42	63	33	77	78	45	35	43	42	78	34	51	33	49	40	60	37	59	37	77	74	41	65	42	36	33	48	55	68	79	40	80	30	64	46	79	51	54	38	48	79	42	49	42	66	59	33
34	52	38	67	57	38	40	65	73	62	51	73	33	34	67	56	61	63	66	50	65	74	72	50	41	63	63	31	72	40	63	37	49	70	0	67	34	56	70	31	43	72	60	38	53	32	45	64	59	57	34	66	58	56	45	30	73	47	59	48	31	40	30	32	76	59	47	56	80	72	76	67	61	44	49	78	79	49	63	38	60	31	59	76	76	72	73	69	48	69	43	61	59	42	68	72	55	32	45	38
54	79	54	57	75	34	33	31	75	35	55	47	78	75	45	62	38	44	38	72	80	80	67	69	67	48	48	35	45	72	69	41	59	41	67	0	51	72	63	41	43	58	39	33	58	53	70	52	40	69	57	61	37	61	49	77	44	62	48	80	32	55	55	32	41	43	36	59	38	61	39	59	35	41	47	50	70	68	35	71	63	60	67	35	68	67	65	64	68	55	74	48	50	32	74	77	47	70	33	59
79	38	56	62	43	78	50	44	32	38	35	64	31	60	67	56	37	75	48	68	64	42	80	51	45	45	59	47	61	32	61	32	40	60	34	51	0	66	66	33	57	70	73	55	75	57	69	52	55	59	67	70	31	54	58	53	77	70	77	63	73	42	46	45	30	43	31	53	42	79	71	62	44	71	33	42	72	39	79	37	64	49	71	76	39	41	37	56	40	41	75	62	71	56	76	67	60	54	56	78
46	67	48	68	51	52	36	48	66	63	42	70	33	77	69	58	69	59	54	68	72	53	71	65	60	76	70	52	50	65	32	60	69	51	56	72	66	0	45	60	71	78	57	52	61	43	53	73	32	40	51	48	77	30	77	64	34	67	60	59	80	56	65	78	30	72	45	50	53	37	74	75	66	58	30	63	47	51	37	72	62	77	48	72	53	48	44	73	57	56	45	74	47	62	47	50	31	62	41	70
50	31	60	30	67	74	46	74	31	44	55	58	52	58	37	40	49	37	68	31	66	56	76	44	43	62	53	47	76	40	47	40	63	39	70	63	66	45	0	33	79	73	48	40	65	51	36	71	37	68	75	72	78	45	65	32	77	54	76	30	74	56	58	70	49	61	50	80	40	53	69	80	56	40	38	39	78	37	59	52	46	32	34	77	62	40	34	60	74	65	35	48	47	76	37	37	42	34	71	62
31	42	78	39	59	72	71	75	52	71	30	80	71	41	42	39	72	48	73	39	40	77	30	35	80	56	62	77	40	79	73	60	54	60	31	41	33	60	33	0	45	37	43	62	66	43	51	66	75	51	44	47	64	48	73	51	76	72	61	69	67	37	35	37	56	66	75	42	46	69	53	69	38	63	65	51	62	57	77	51	50	40	57	30	54	54	47	75	52	72	35	62	37	67	39	50	41	35	34	67
77	73	44	44	33	80	71	78	47	34	50	55	70	42	79	30	57	57	42	54	38	49	38	41	67	40	61	59	69	44	76	72	66	48	43	43	57	71	79	45	0	54	79	59	53	50	32	46	43	59	49	53	45	47	73	53	38	78	64	77	33	66	46	30	39	70	47	67	71	47	66	36	54	64	60	31	61	40	77	33	49	49	60	36	36	79	62	40	72	35	44	46	70	31	57	46	52	76	64	60
48	32	78	63	48	73	62	75	66	61	48	46	32	51	66	53	59	51	43	31	75	38	54	64	41	80	35	75	49	33	53	79	62	47	72	58	70	78	73	37	54	0	54	46	46	55	41	56	63	44	73	57	54	31	77	45	71	60	42	73	37	60	48	75	74	59	76	32	75	74	39	39	59	46	64	33	40	75	49	77	64	80	58	48	34	72	41	59	30	45	77	31	45	46	77	47	34	30	70	32
30	70	43	76	71	59	36	59	79	54	64	76	34	57	36	48	37	55	63	39	43	61	55	76	75	49	39	49	45	42	54	80	68	50	60	39	73	57	48	43	79	54	0	72	74	78	48	78	50	73	31	64	80	40	39	35	41	71	73	79	77	66	47	67	74	39	54	54	42	58	57	74	36	50	40	69	73	42	37	71	60	65	39	56	75	71	57	66	37	58	56	79	71	40	53	58	60	76	34	65
49	48	33	48	41	57	39	41	53	66	52	70	78	63	54	57	60	78	73	31	75	40	76	48	70	57	38	78	55	51	77	62	77	41	38	33	55	52	40	62	59	46	72	0	53	79	66	66	74	64	32	39	45	69	80	53	69	47	67	78	39	43	46	55	34	46	70	31	52	77	62	67	53	70	62	40	37	59	78	32	73	60	51	55	72	66	53	80	51	76	64	37	52	40	34	75	54	37	59	76
43	69	68	50	67	67	71	74	73	69	67	52	69	79	65	32	78	57	33	74	59	66	43	60	36	41	67	45	54	68	67	57	69	68	53	58	75	61	65	66	53	46	74	53	0	63	35	69	80	69	64	52	39	47	46	73	36	73	75	79	66	51	35	38	72	67	49	57	58	53	72	36	56	63	72	73	72	39	35	63	46	78	40	33	66	59	61	74	43	43	75	49	51	52	47	36	77	30	77	33
67	56	37	44	52	59	47	68	65	31	55	37	38	46	80	50	51	67	66	48	47	43	32	50	61	57	52	30	70	80	77	37	52	32	32	53	57	43	51	43	50	55	78	79	63	0	76	70	65	68	35	63	62	71	54	61	75	65	78	33	46	67	73	75	47	39	74	68	74	76	46	33	59	50	57	31	56	59	46	70	33	58	59	59	64	73	68	75	59	49	56	63	50	59	47	63	31	72	76	43
66	65	43	30	72	52	76	80	44	71	62	64	43	45	40	34	37	43	69	72	69	80	54	55	62	46	53	52	44	69	34	80	77	51	45	70	69	53	36	51	32	41	48	66	35	76	0	34	60	42	72	64	73	54	49	45	39	30	78	57	44	33	31	70	53	78	33	55	68	50	53	78	68	54	55	38	41	78	49	45	77	62	79	46	33	75	40	49	58	73	40	53	74	35	37	54	77	80	58	44
73	49	31	54	73	79	77	34	37	53	73	40	31	32	43	68	42	55	49	61	42	72	55	46	30	49	41	58	65	56	42	34	59	54	64	52	52	73	71	66	46	56	78	66	69	70	34	0	51	47	50	42	76	68	40	45	60	47	33	48	44	58	41	71	73	38	31	38	62	73	62	40	39	76	31	78	72	42	32	56	42	73	75	60	57	66	74	79	58	49	55	60	43	70	74	60	53	33	60	67
76	55	41	42	58	50	76	39	33	55	53	55	75	80	74	74	70	66	44	40	79	52	78	32	36	46	68	45	45	36	47	36	53	55	59	40	55	32	37	75	43	63	50	74	80	65	60	51	0	53	34	66	72	51	36	44	40	36	45	73	40	49	68	76	35	45	57	65	62	72	75	41	67	63	63	42	76	55	55	75	59	48	80	72	63	30	48	73	80	72	63	76	39	63	58	68	49	42	50	55
79	64	65	78	54	72	53	73	61	64	50	77	78	37	55	40	77	74	63	59	57	69	42	36	63	48	68	42	76	62	39	76	71	75	57	69	59	40	68	51	59	44	73	64	69	68	42	47	53	0	64	51	69	51	32	49	46	40	50	32	57	64	56	33	35	73	73	60	73	68	69	41	38	57	66	34	62	64	59	31	65	71	48	36	76	64	39	68	69	74	63	73	75	48	43	33	66	33	76	53
70	58	40	79	73	42	54	42	31	30	52	71	46	36	33	72	43	51	39	34	55	61	52	59	60	75	78	50	54	41	80	64	67	31	34	57	67	51	75	44	49	73	31	32	64	35	72	50	34	64	0	31	42	47	46	48	69	33	46	54	67	55	35	30	61	69	44	59	37	32	56	80	61	70	43	72	71	33	36	73	63	58	46	36	31	51	50	58	40	65	63	40	66	39	49	51	67	78	76	39
68	59	32	80	72	45	62	78	33	67	50	32	73	74	65	33	61	37	64	55	65	55	60	70	76	75	37	45	80	45	48	42	41	66	66	61	70	48	72	47	53	57	64	39	52	63	64	42	66	51	31	0	31	47	74	41	55	55	44	39	54	41	30	73	52	64	73	37	37	30	69	62	61	62	45	51	77	80	64	35	38	75	66	71	66	61	39	76	57	72	67	61	72	34	50	47	49	43	44	78
55	54	71	77	32	69	39	47	61	56	77	54	35	45	65	54	32	51	50	56	71	57	33	36	66	41	60	79	72	45	70	35	45	30	58	37	31	77	78	64	45	54	80	45	39	62	73	76	72	69	42	31	0	35	69	73	50	69	46	57	48	79	56	67	63	37	60	44	43	56	42	74	67	47	59	74	35	53	40	53	30	60	77	69	42	61	49	61	78	59	75	57	50	37	78	51	53	59	68	43
44	41	36	49	66	62	62	45	77	44	59	47	46	55	75	44	33	50	61	59	59	59	43	58	59	38	30	32	68	71	57	57	67	42	56	61	54	30	45	48	47	31	40	69	47	71	54	68	51	51	47	47	35	0	58	53	43	78	52	75	70	73	54	63	47	54	58	43	47	54	44	76	63	38	60	71	32	37	48	72	61	57	71	60	36	49	58	48	50	63	74	60	47	64	48	44	69	69	33	32
40	63	76	55	52	39	77	64	33	56	63	62	73	71	78	33	58	37	31	30	45	65	53	79	76	51	46	37	60	55	58	73	44	63	45	49	58	77	65	73	73	77	39	80	46	54	49	40	36	32	46	74	69	58	0	31	37	71	36	61	34	80	31	55	30	36	40	41	39	43	36	46	72	80	46	45	50	57	62	70	42	40	47	48	56	39	52	44	74	57	42	69	75	80	61	36	31	67	47	61
68	64	63	44	56	48	67	77	73	58	73	52	33	57	57	69	74	72	37	48	41	73	78	44	60	43	39	75	39	78	60	59	69	33	30	77	53	64	32	51	53	45	35	53	73	61	45	45	44	49	48	41	73	53	31	0	50	55	59	58	66	42	42	65	66	57	78	68	64	80	66	70	78	71	33	68	41	40	79	34	58	32	39	77	49	41	45	64	58	79	54	77	76	62	46	75	39	40	71	73
51	40	30	69	33	76	35	80	59	65	44	38	43	50	30	36	77	54	49	75	53	76	38	77	61	66	78	75	60	72	61	50	73	77	73	44	77	34	77	76	38	71	41	69	36	75	39	60	40	46	69	55	50	43	37	50	0	61	41	35	76	74	34	66	78	36	53	55	67	35	36	71	51	63	73	30	60	69	67	51	45	41	48	43	73	45	47	47	44	59	47	41	34	34	58	57	56	79	33	46
37	45	76	62	43	34	31	43	39	43	54	68	46	68	80	61	34	33	44	61	45	32	49	30	47	76	40	47	60	39	42	40	36	78	47	62	70	67	54	72	78	60	71	47	73	65	30	47	36	40	33	55	69	78	71	55	61	0	77	66	31	37	63	76	41	73	76	75	74	72	67	69	37	50	55	61	51	43	62	52	75	77	43	38	58	50	80	47	56	46	75	56	33	66	34	34	78	58	52	45
75	74	72	58	58	58	65	50	43	53	77	71	30	54	68	77	48	32	50	61	80	41	31	54	34	70	51	51	72	57	63	34	39	45	59	48	77	60	76	61	64	42	73	67	75	78	78	33	45	50	46	44	46	52	36	59	41	77	0	45	52	43	63	72	74	73	59	67	35	34	69	34	45	60	62	67	78	53	45	41	45	57	75	45	43	37	60	77	57	62	53	77	54	54	34	33	55	69	69	37
66	34	50	30	53	53	52	66	50	68	35	68	54	35	67	68	63	42	47	75	69	73	60	32	36	37	64	64	56	75	58	72	52	35	48	80	63	59	30	69	77	73	79	78	79	33	57	48	73	32	54	39	57	75	61	58	35	66	45	0	60	48	43	31	30	61	63	44	61	74	64	67	68	31	73	65	71	55	47	46	62	38	68	36	78	58	63	39	66	58	80	74	37	77	36	31	76	37	54	57
74	78	46	43	59	42	52	55	33	64	37	62	30	38	48	72	73	30	41	37	60	33	35	36	38	78	79	46	62	68	37	79	47	43	31	32	73	80	74	67	33	37	77	39	66	46	44	44	40	57	67	54	48	70	34	66	76	31	52	60	0	39	51	36	76	75	42	39	76	41	46	36	33	35	65	43	54	40	34	42	54	44	34	62	30	60	67	37	77	57	64	72	55	65	40	31	58	60	52	75
74	38	63	58	45	40	38	46	31	77	40	41	54	62	67	74	72	79	70	48	35	77	60	34	60	47	48	32	76	63	46	44	45	42	40	55	42	56	56	37	66	60	66	43	51	67	33	58	49	64	55	41	79	73	80	42	74	37	43	48	39	0	32	32	30	33	36	50	79	39	70	36	65	63	36	72	77	61	43	55	31	56	77	47	61	51	54	46	61	67	73	56	34	69	30	58	60	78	45	44
48	51	46	74	56	55	76	73	54	66	58	36	77	75	45	67	70	63	60	39	33	43	73	48	78	63	74	49	43	37	34	35	61	78	30	55	46	65	58	35	46	48	47	46	35	73	31	41	68	56	35	30	56	54	31	42	34	63	63	43	51	32	0	64	56	38	36	43	49	80	63	71	30	70	78	74	42	60	57	52	80	38	51	79	58	53	67	52	51	78	61	80	49	52	59	62	31	46	58	74
65	34	38	71	67	66	69	70	72	72	34	48	53	68	74	76	69	73	59	55	71	64	78	44	62	49	41	38	53	80	47	76	72	34	32	32	45	78	70	37	30	75	67	55	38	75	70	71	76	33	30	73	67	63	55	65	66	76	72	31	36	32	64	0	73	64	43	64	37	56	73	35	40	40	65	51	78	56	42	37	76	59	68	71	61	72	76	42	52	34	75	57	36	44	69	51	47	47	59	67
46	46	57	39	79	45	72	39	74	43	46	34	31	40	35	54	35	56	45	47	52	79	61	65	55	47	34	67	30	76	68	69	79	51	76	41	30	30	49	56	39	74	74	34	72	47	53	73	35	35	61	52	63	47	30	66	78	41	74	30	76	30	56	73	0	80	75	72	67	34	44	49	44	50	32	34	64	66	74	35	41	30	37	68	56	51	39	36	61	47	79	43	76	45	70	54	67	34	66	63
57	39	54	53	77	39	49	50	41	66	41	72	30	49	39	37	55	75	70	30	57	60	56	46	67	69	63	69	58	72	78	52	45	33	59	43	43	72	61	66	70	59	39	46	67	39	78	38	45	73	69	64	37	54	36	57	36	73	73	61	75	33	38	64	80	0	56	51	70	79	57	32	31	63	77	61	41	65	48	40	51	49	30	33	49	33	41	65	71	35	60	69	63	65	69	51	39	53	35	63
62	47	79	59	61	48	65	66	33	40	38	69	73	76	46	63	78	42	60	31	45	78	80	45	75	76	77	57	42	73	49	53	65	49	47	36	31	45	50	75	47	76	54	70	49	74	33	31	57	73	44	73	60	58	40	78	53	76	59	63	42	36	36	43	75	56	0	76	73	73	66	55	60	54	73	36	76	49	69	65	46	62	52	40	76	45	67	32	40	80	73	40	62	59	65	68	34	46	55	62
49	42	61	30	54	30	36	40	55	54	70	32	52	76	54	66	61	74	46	52	77	50	68	55	65	38	57	68	78	64	32	74	50	40	56	59	53	50	80	42	67	32	54	31	57	68	55	38	65	60	59	37	44	43	41	68	55	75	67	44	39	50	43	64	72	51	76	0	80	62	74	72	36	70	43	79	72	41	45	33	65	49	80	53	62	71	65	73	51	48	57	69	31	68	78	58	59	53	68	65
80	49	55	43	38	66	42	66	69	66	58	58	38	39	41	56	41	70	46	41	73	37	75	34	72	56	77	48	78	37	59	53	59	60	80	38	42	53	40	46	71	75	42	52	58	74	68	62	62	73	37	37	43	47	39	64	67	74	35	61	76	79	49	37	67	70	73	80	0	65	30	33	46	49	33	62	54	76	48	73	40	44	69	40	45	65	58	38	62	60	40	44	54	55	68	63	51	47	41	69
56	38	38	55	52	54	55	46	68	58	55	80	54	38	70	74	67	61	37	59	49	57	57	64	33	43	46	62	62	57	56	38	72	37	72	61	79	37	53	69	47	74	58	77	53	76	50	73	72	68	32	30	56	54	43	80	35	72	34	74	41	39	80	56	34	79	73	62	65	0	68	31	54	74	59	56	54	31	55	54	41	51	46	74	59	46	30	46	44	39	50	55	40	31	54	46	52	52	58	57
35	74	38	58	48	40	64	33	74	67	56	75	44	40	79	62	44	67	74	67	62	62	40	69	40	50	53	67	74	35	72	39	75	59	76	39	71	74	69	53	66	39	57	62	72	46	53	62	75	69	56	69	42	44	36	66	36	67	69	64	46	70	63	73	44	57	66	74	30	68	0	76	65	63	78	39	33	30	72	67	63	58	74	64	32	45	63	38	62	78	34	47	42	57	67	44	73	71	49	70
44	76	51	68	62	61	67	69	65	68	44	74	49	39	67	31	80	75	69	58	45	73	75	58	41	58	40	77	44	75	66	46	36	37	67	59	62	75	80	69	36	39	74	67	36	33	78	40	41	41	80	62	74	76	46	70	71	69	34	67	36	36	71	35	49	32	55	72	33	31	76	0	39	50	62	35	63	79	38	43	70	80	56	41	45	34	61	60	64	60	66	78	56	49	58	75	40	41	79	48
77	51	51	72	60	67	65	58	56	44	41	57	35	48	34	39	48	39	41	58	32	54	74	79	71	55	47	62	49	43	71	34	35	77	61	35	44	66	56	38	54	59	36	53	56	59	68	39	67	38	61	61	67	63	72	78	51	37	45	68	33	65	30	40	44	31	60	36	46	54	65	39	0	69	44	59	72	34	60	77	43	32	56	54	75	50	45	64	64	42	36	49	45	49	46	74	40	40	39	52
34	46	46	60	71	55	55	55	41	68	39	41	64	34	60	59	52	79	57	76	71	67	54	74	44	59	56	78	68	37	48	33	35	74	44	41	71	58	40	63	64	46	50	70	63	50	54	76	63	57	70	62	47	38	80	71	63	50	60	31	35	63	70	40	50	63	54	70	49	74	63	50	69	0	57	69	44	71	36	40	37	50	65	71	38	33	39	62	33	75	67	41	35	37	50	58	47	58	71	53
74	69	77	66	67	37	31	34	45	43	59	79	65	37	37	56	46	60	55	34	58	52	43	32	54	79	79	37	56	45	73	66	74	41	49	47	33	30	38	65	60	64	40	62	72	57	55	31	63	66	43	45	59	60	46	33	73	55	62	73	65	36	78	65	32	77	73	43	33	59	78	62	44	57	0	46	42	54	34	55	33	78	31	44	47	33	46	46	78	38	67	60	44	54	49	43	41	79	43	59
40	45	77	57	33	52	65	40	35	47	80	59	38	52	38	78	35	61	63	58	69	46	58	42	78	40	47	66	47	63	79	44	61	65	78	50	42	63	39	51	31	33	69	40	73	31	38	78	42	34	72	51	74	71	45	68	30	61	67	65	43	72	74	51	34	61	36	79	62	56	39	35	59	69	46	0	74	44	79	39	70	80	32	72	54	44	44	30	53	55	72	45	42	34	58	44	45	40	77	61
76	80	46	68	34	49	35	46	45	79	62	41	42	54	58	30	52	41	67	41	73	49	66	31	73	68	47	41	58	72	42	50	72	42	79	70	72	47	78	62	61	40	73	37	72	56	41	72	76	62	71	77	35	32	50	41	60	51	78	71	54	77	42	78	64	41	76	72	54	54	33	63	72	44	42	74	0	41	49	45	55	43	73	79	31	43	57	68	36	43	31	52	36	36	35	34	40	31	74	37
31	35	67	40	75	58	31	73	59	55	73	69	75	30	44	70	67	63	71	79	41	57	69	39	46	54	37	54	35	30	75	66	31	36	49	68	39	51	37	57	40	75	42	59	39	59	78	42	55	64	33	80	53	37	57	40	69	43	53	55	40	61	60	56	66	65	49	41	76	31	30	79	34	71	54	44	41	0	76	69	60	61	36	76	53	39	43	73	78	78	49	31	30	77	35	50	40	69	54	76
35	56	72	55	78	62	57	31	67	64	40	63	79	76	36	57	57	71	50	41	69	51	54	42	75	31	33	40	42	58	30	30	52	33	63	35	79	37	59	77	77	49	37	78	35	46	49	32	55	59	36	64	40	48	62	79	67	62	45	47	34	43	57	42	74	48	69	45	48	55	72	38	60	36	34	79	49	76	0	52	34	62	37	80	73	73	42	38	55	50	68	40	31	33	33	60	72	63	68	57
74	50	76	64	52	73	36	51	74	72	69	64	50	52	34	75	62	38	49	32	75	49	32	57	63	61	60	35	31	54	43	53	36	48	38	71	37	72	52	51	33	77	71	32	63	70	45	56	75	31	73	35	53	72	70	34	51	52	41	46	42	55	52	37	35	40	65	33	73	54	67	43	77	40	55	39	45	69	52	0	79	66	47	34	71	75	32	79	59	45	62	70	66	46	57	62	30	73	37	74
61	42	34	74	74	52	46	61	34	76	40	67	46	71	62	56	77	36	40	55	41	34	34	63	53	38	41	77	51	32	72	51	39	55	60	63	64	62	46	50	49	64	60	73	46	33	77	42	59	65	63	38	30	61	42	58	45	75	45	62	54	31	80	76	41	51	46	65	40	41	63	70	43	37	33	70	55	60	34	79	0	64	39	49	74	36	53	40	65	52	74	58	63	41	33	58	72	55	38	36
49	40	50	64	39	72	76	65	52	66	76	46	55	40	57	33	59	65	51	63	79	75	34	65	69	76	58	67	47	37	76	33	31	68	31	60	49	77	32	40	49	80	65	60	78	58	62	73	48	71	58	75	60	57	40	32	41	77	57	38	44	56	38	59	30	49	62	49	44	51	58	80	32	50	78	80	43	61	62	66	64	0	65	37	55	49	48	54	41	57	76	73	66	41	61	57	34	57	38	63
56	40	32	32	65	34	52	71	74	56	31	61	35	37	78	80	48	75	79	77	59	42	48	76	65	36	80	74	65	73	60	73	53	79	59	67	71	48	34	57	60	58	39	51	40	59	79	75	80	48	46	66	77	71	47	39	48	43	75	68	34	77	51	68	37	30	52	80	69	46	74	56	56	65	31	32	73	36	37	47	39	65	0	30	46	54	68	80	30	50	80	73	46	45	44	63	77	44	76	31
80	33	69	35	55	45	72	63	75	62	57	31	35	33	43	66	54	61	80	31	37	60	31	36	71	57	60	72	60	75	46	65	58	40	76	35	76	72	77	30	36	48	56	55	33	59	46	60	72	36	36	71	69	60	48	77	43	38	45	36	62	47	79	71	68	33	40	53	40	74	64	41	54	71	44	72	79	76	80	34	49	37	30	0	33	53	58	47	68	40	74	61	53	57	75	52	52	68	62	66
70	61	77	37	75	42	72	56	40	75	35	52	66	64	80	41	34	60	44	51	37	51	76	75	47	76	72	64	71	44	45	50	39	80	76	68	39	53	62	54	36	34	75	72	66	64	33	57	63	76	31	66	42	36	56	49	73	58	43	78	30	61	58	61	56	49	76	62	45	59	32	45	75	38	47	54	31	53	73	71	74	55	46	33	0	39	34	40	48	71	36	63	70	38	52	42	32	57	78	67
37	78	79	61	78	52	36	31	69	39	56	70	67	61	56	72	49	78	43	49	67	80	65	37	70	44	79	69	68	74	56	57	79	30	72	67	41	48	40	54	79	72	71	66	59	73	75	66	30	64	51	61	61	49	39	41	45	50	37	58	60	51	53	72	51	33	45	71	65	46	45	34	50	33	33	44	43	39	73	75	36	49	54	53	39	0	49	79	42	76	39	50	70	78	38	78	74	76	79	59
39	58	32	35	36	46	33	44	65	56	79	78	41	79	65	55	45	77	54	64	57	64	66	53	74	60	78	64	31	71	66	64	65	64	73	65	37	44	34	47	62	41	57	53	61	68	40	74	48	39	50	39	49	58	52	45	47	80	60	63	67	54	67	76	39	41	67	65	58	30	63	61	45	39	46	44	57	43	42	32	53	48	68	58	34	49	0	60	64	78	35	67	78	80	32	75	50	61	54	73
61	74	36	58	62	62	44	33	60	50	58	61	63	32	57	65	53	77	33	67	33	55	79	40	46	62	61	70	58	79	71	46	36	46	69	64	56	73	60	75	40	59	66	80	74	75	49	79	73	68	58	76	61	48	44	64	47	47	77	39	37	46	52	42	36	65	32	73	38	46	38	60	64	62	46	30	68	73	38	79	40	54	80	47	40	79	60	0	73	51	58	79	65	78	66	43	48	45	55	62
50	40	33	40	69	69	66	39	31	45	40	79	61	74	66	46	40	75	42	30	54	78	72	63	65	79	74	41	62	55	68	32	40	79	48	68	40	57	74	52	72	30	37	51	43	59	58	58	80	69	40	57	78	50	74	58	44	56	57	66	77	61	51	52	61	71	40	51	62	44	62	64	64	33	78	53	36	78	55	59	65	41	30	68	48	42	64	73	0	54	51	30	73	54	64	62	65	37	63	37
57	51	76	45	47	76	70	44	54	34	46	38	58	47	47	32	68	69	70	53	38	75	70	36	74	77	39	57	38	73	69	54	51	51	69	55	41	56	65	72	35	45	58	76	43	49	73	49	72	74	65	72	59	63	57	79	59	46	62	58	57	67	78	34	47	35	80	48	60	39	78	60	42	75	38	55	43	78	50	45	52	57	50	40	71	76	78	51	54	0	40	78	55	77	34	60	35	34	69	64
41	73	65	47	54	48	63	80	64	53	48	37	51	75	46	78	74	66	67	52	36	50	43	78	78	79	64	53	43	74	54	42	54	54	43	74	75	45	35	35	44	77	56	64	75	56	40	55	63	63	63	67	75	74	42	54	47	75	53	80	64	73	61	75	79	60	73	57	40	50	34	66	36	67	67	72	31	49	68	62	74	76	80	74	36	39	35	58	51	40	0	47	72	48	72	32	70	80	43	34
31	78	53	39	65	50	54	47	56	65	37	56	76	44	63	36	33	33	30	74	64	73	33	51	53	62	59	75	60	35	75	31	78	38	61	48	62	74	48	62	46	31	79	37	49	63	53	60	76	73	40	61	57	60	69	77	41	56	77	74	72	56	80	57	43	69	40	69	44	55	47	78	49	41	60	45	52	31	40	70	58	73	73	61	63	50	67	79	30	78	47	0	31	78	69	78	49	46	32	50
73	50	62	80	40	37	72	51	43	31	69	71	75	64	71	76	52	30	42	80	70	55	37	53	79	80	52	56	51	69	37	76	57	48	59	50	71	47	47	37	70	45	71	52	51	50	74	43	39	75	66	72	50	47	75	76	34	33	54	37	55	34	49	36	76	63	62	31	54	40	42	56	45	35	44	42	36	30	31	66	63	66	46	53	70	70	78	65	73	55	72	31	0	59	47	46	53	71	74	63
54	75	41	73	54	44	73	63	49	36	61	52	53	41	72	61	43	31	32	67	60	38	46	52	75	46	63	80	74	67	45	52	69	79	42	32	56	62	76	67	31	46	40	40	52	59	35	70	63	48	39	34	37	64	80	62	34	66	54	77	65	69	52	44	45	65	59	68	55	31	57	49	49	37	54	34	36	77	33	46	41	41	45	57	38	78	80	78	54	77	48	78	59	0	64	36	46	37	34	76
40	30	74	67	68	48	49	76	44	43	57	70	57	65	52	66	46	39	62	78	36	52	44	60	71	54	36	51	60	62	49	79	64	42	68	74	76	47	37	39	57	77	53	34	47	47	37	74	58	43	49	50	78	48	61	46	58	34	34	36	40	30	59	69	70	69	65	78	68	54	67	58	46	50	49	58	35	35	33	57	33	61	44	75	52	38	32	66	64	34	72	69	47	64	0	76	40	74	30	74
77	53	58	34	39	65	41	50	75	78	64	40	74	47	32	78	73	40	41	55	68	54	65	73	71	55	47	68	59	65	58	79	65	49	72	77	67	50	37	50	46	47	58	75	36	63	54	60	68	33	51	47	51	44	36	75	57	34	33	31	31	58	62	51	54	51	68	58	63	46	44	75	74	58	43	44	34	50	60	62	58	57	63	52	42	78	75	43	62	60	32	78	46	36	76	0	46	46	38	52
34	61	46	37	56	59	54	52	47	67	47	69	30	75	73	68	67	34	64	46	36	63	51	80	59	62	60	78	51	45	33	70	33	42	55	47	60	31	42	41	52	34	60	54	77	31	77	53	49	66	67	49	53	69	31	39	56	78	55	76	58	60	31	47	67	39	34	59	51	52	73	40	40	47	41	45	40	40	72	30	72	34	77	52	32	74	50	48	65	35	70	49	53	46	40	46	0	47	71	60
68	43	52	59	45	40	58	66	31	43	61	78	36	61	48	77	43	38	45	44	57	52	50	36	30	64	40	66	76	40	51	52	46	66	32	70	54	62	34	35	76	30	76	37	30	72	80	33	42	33	78	43	59	69	67	40	79	58	69	37	60	78	46	47	34	53	46	53	47	52	71	41	40	58	79	40	31	69	63	73	55	57	44	68	57	76	61	45	37	34	80	46	71	37	74	46	47	0	57	59
41	44	80	55	36	78	59	71	71	56	62	47	61	42	41	70	76	39	55	66	49	39	50	37	67	74	75	62	47	46	62	42	51	59	45	33	56	41	71	34	64	70	34	59	77	76	58	60	50	76	76	44	68	33	47	71	33	52	69	54	52	45	58	59	66	35	55	68	41	58	49	79	39	71	43	77	74	54	68	37	38	38	76	62	78	79	54	55	63	69	43	32	74	34	30	38	71	57	0	35
65	59	74	70	75	35	75	79	76	31	34	73	38	34	69	63	32	40	37	33	49	55	62	61	78	51	41	31	56	63	67	54	73	33	38	59	78	70	62	67	60	32	65	76	33	43	44	67	55	53	39	78	43	32	61	73	46	45	37	57	75	44	74	67	63	63	62	65	69	57	70	48	52	53	59	61	37	76	57	74	36	63	31	66	67	59	73	62	37	64	34	50	63	76	74	52	60	59	35	0

Initial health value of each distributed equipment: 
(Where columns denote demand points: 1 to 100.)
214.56	165.39	277.14	225.32	298.00	251.16	432.00	401.94	275.65	290.70	151.98	418.20	274.16	214.56	154.96	393.00	409.20	192.21	202.64	248.83	269.69	367.43	270.58	261.36	342.20	256.52	470.77	211.58	283.10	273.76	151.98	331.74	207.48	241.38	299.25	268.80	362.56	262.08	293.53	205.62	382.80	339.30	240.24	293.53	246.44	162.41	258.30	184.19	178.80	400.92	313.13	500.94	279.30	162.41	274.16	186.34	159.43	301.50	165.39	168.00	213.07	296.48	247.66	278.63	308.66	226.48	315.24	229.46	289.06	303.53	377.40	450.12	404.06	366.60	165.39	325.35	260.75	250.32	331.32	192.21	291.92	256.52	263.73	453.90	486.55	343.00	183.27	191.52	468.12	251.12	231.53	154.96	178.80	336.49	214.56	253.30	394.46	330.86	284.59	301.28

Spare parts types of different demand points: 
(where columns denote demand points: 1 to 100.)
1	5	5	1	3	1	5	1	3	1	3	2	1	2	4	5	1	3	3	2	5	2	1	3	1	3	1	3	1	2	3	3	4	2	1	5	4	4	5	2	4	2	1	3	5	4	5	5	3	5	4	3	3	1	1	4	2	4	2	2	4	1	5	3	3	5	3	1	4	2	4	2	2	2	4	2	4	1	2	4	3	4	2	3	3	1	4	5	3	1	2	1	4	2	2	3	4	5	4	4

inventory management cost per unit time of different types of orders: 
(where columns denote types of orders: 1 to 5.)
1.8	1.4	1	1	2.4

Maintenance cost per unit time of different worker: 
(Where rows denote strategy: 1 to 3,and columns denote available worker of each strategy: 1 to 3.)
4.4	3.3	4.7
4.6	3.9	3.4
4.9	3.1	4.3

The weight of tardiness cost of different demand points: 
(where columns denote demand points: 1 to 100.)
5.5	3.7	5	4.5	6	4.3	4.4	4.8	4.6	4.5	4.3	3.6	5.5	5.8	5.8	5	4	5.1	4.3	4.3	4.1	3.2	3.3	4.2	3.5	3.5	5.9	3.1	5.9	5.3	4	3.6	3.4	4.2	4.6	4.9	3.3	3.5	4.2	3.2	4.3	4.8	3.5	3.8	5.3	5.1	5.2	5.5	3.1	3.3	4.2	3.2	4	4.2	4.9	5.8	5.4	3	5	5.3	6	5.4	5.9	4.9	5.2	4.7	3.5	3.8	4.7	4.9	5	3.5	3.1	5.9	4.1	4.5	3.2	3.7	4.4	3.9	3.6	4.4	4.4	5.3	4	4.7	5.9	4.3	5.4	5.2	3.4	3.5	3	4.3	4.4	4.1	4	3.6	4	5

The waste of old spare part per unit time of each distributed equipment: 
(where columns denote demand points: 1 to 100.)
7.9	6.7	6	6.6	7.1	6.1	6.4	6.3	7.3	7.2	5.6	5.6	6.6	5.8	7.8	6.9	5.3	5	5.2	5	7	5.4	6.9	5.8	5.5	5.5	5.4	6.8	6.1	6.6	7.9	5.1	6.8	6.7	7.7	5.3	6.5	6	6.4	7.6	6.9	6.8	6	7.8	5.7	6.9	6.7	5.2	6.7	6.5	6.2	7.2	5.4	5.1	7.6	5.8	7	5.4	7.8	5.5	6.4	6.5	5.3	6.8	7.7	7.1	7.1	6.4	6.7	7.1	5.8	7.4	7.6	6.5	5.2	5.5	7.6	7.1	5.2	7.6	5.9	5.4	5.5	6.7	5.5	6.6	5.3	6.6	5.8	5.6	5.7	6.2	5.1	5.9	6.6	5.5	7.1	7.2	6	5.9

shutdown cost per unit time of each distributed equipment: 
(where columns denote demand points: 1 to 100.)
23.4	21	21.2	24.5	21.9	24.2	24.1	23.4	20.5	23.9	21.6	24.2	24.6	20.3	21.6	22.4	23.8	24.2	24.7	24.1	21.2	20.3	24.5	24.6	23	20.7	22.9	21.8	22.1	21.8	20.9	20.5	21.3	20.6	24.5	24.3	22.1	23	22.3	22.9	23.9	20.9	20.2	21.9	20.6	23.9	24.9	22.2	21.3	21.8	22.7	21.6	20.8	24.4	21.5	21.7	22.2	20.3	23.3	20.9	24.5	21.3	22.6	22.9	20.4	22.7	22	22.5	22.4	22.2	22	24.5	21	24.6	23.1	24.9	24.2	20.8	23.9	21.7	24.7	21.5	23.5	21	24.2	22.3	24.8	21.1	24.1	24.9	24.9	20.4	25	20.1	21.7	23.8	24.3	22.1	22	21.6

Deterioration rate of each piece of equipment:
(Where columns denote distributed equipment: 1 to 100.)
1.44	1.11	1.86	1.31	2	1.61	1.8	1.74	1.85	1.9	1.02	1.64	1.84	1.44	1.04	1.5	1.86	1.29	1.36	1.67	1.81	1.81	1.63	1.21	1.45	1.21	1.79	1.42	1.49	1.18	1.02	1.71	1.33	1.62	1.71	1.6	1.76	1.56	1.97	1.38	1.65	1.45	1.54	1.97	1.01	1.09	1.23	1.13	1.2	1.56	1.73	1.98	1.33	1.09	1.84	1.21	1.07	1.5	1.11	1.05	1.43	1.36	1.22	1.87	1.22	1.52	1.42	1.54	1.94	1.27	1.48	1.86	1.78	1.95	1.11	1.35	1.75	1.68	1.32	1.29	1.64	1.06	1.77	1.78	1.85	1.96	1.23	1.26	1.88	1.46	1.37	1.04	1.2	1.33	1.44	1.7	1.63	1.42	1.91	1.12

The processing time of different types of spare parts: 
(Where rows denote machines: 1 to 5,and columns denote types: 1 to 5.)
29	16	19	19	18
16	23	16	14	25
17	23	17	25	10
23	14	23	26	13
14	19	26	17	27

The maintenance time of different workers: 
(Where rows denote strategy: 1 to 3,and columns denote available worker of each strategy: 1 to 3.)
40	40	36
39	39	49
37	43	41

Repair degree of different strategies: 
(Where rows denote strategy: 1 to 33.)
0.52	0.55	0.52

Quantity of spare parts of each type reserved in each warehouse: 
(where rows denote warehouses£º1 to 10,and columns denote types£º1 to 5.)
1	2	4	5
1	2	1	2
1	2	3	5
1	1	1	1
1	2	3	4
1	1	3	1
1	4	5
1	1	1
2	3	4
1	1	2

Initial due date of each order: 
(Where columns denote order: 1 to 100.)
149	149	149	172	149	156	240	231	149	153	149	255	149	149	149	262	220	149	149	149	149	203	166	216	236	212	263	149	190	232	149	194	156	149	175	168	206	168	149	149	232	234	156	149	244	149	210	163	149	257	181	253	210	149	149	154	149	201	149	160	149	218	203	149	253	149	222	149	149	239	255	242	227	188	149	241	149	149	251	149	178	242	149	255	263	175	149	152	249	172	169	149	149	253	149	149	242	233	149	269

Maintenance starting time window of each piece of equipment: 
(Where rows denote Lower and Upper bounds of Maintenance starting time window: 1 to 2,and columns denote distributed equipment: 1 to 100.)
104.3	104.3	104.3	120.4	104.3	109.2	168	161.7	104.3	107.1	104.3	178.5	104.3	104.3	104.3	183.4	154	104.3	104.3	104.3	104.3	142.1	116.2	151.2	165.2	148.4	184.1	104.3	133	162.4	104.3	135.8	109.2	104.3	122.5	117.6	144.2	117.6	104.3	104.3	162.4	163.8	109.2	104.3	170.8	104.3	147	114.1	104.3	179.9	126.7	177.1	147	104.3	104.3	107.8	104.3	140.7	104.3	112	104.3	152.6	142.1	104.3	177.1	104.3	155.4	104.3	104.3	167.3	178.5	169.4	158.9	131.6	104.3	168.7	104.3	104.3	175.7	104.3	124.6	169.4	104.3	178.5	184.1	122.5	104.3	106.4	174.3	120.4	118.3	104.3	104.3	177.1	104.3	104.3	169.4	163.1	104.3	188.3
134.1	134.1	134.1	154.8	134.1	140.4	216	207.9	134.1	137.7	134.1	229.5	134.1	134.1	134.1	235.8	198	134.1	134.1	134.1	134.1	182.7	149.4	194.4	212.4	190.8	236.7	134.1	171	208.8	134.1	174.6	140.4	134.1	157.5	151.2	185.4	151.2	134.1	134.1	208.8	210.6	140.4	134.1	219.6	134.1	189	146.7	134.1	231.3	162.9	227.7	189	134.1	134.1	138.6	134.1	180.9	134.1	144	134.1	196.2	182.7	134.1	227.7	134.1	199.8	134.1	134.1	215.1	229.5	217.8	204.3	169.2	134.1	216.9	134.1	134.1	225.9	134.1	160.2	217.8	134.1	229.5	236.7	157.5	134.1	136.8	224.1	154.8	152.1	134.1	134.1	227.7	134.1	134.1	217.8	209.7	134.1	242.1

