Number of orders: 
100

Number of factories\warehouses: 
5

Number of machines per factory: 
5

Number of types of spare parts: 
5

Number of maintenance strategies: 
4

Number of available workers per strategy: 
4

Transportation cost per unit time: 
3

Transprotation time between factories/warehouses and demand points: 
(Where rows denote factories: 1 to 5 ,and columns denote demand points: 1 to 100.)
58	138	129	129	59	97	95	83	62	146	112	149	104	40	63	81	63	105	144	31	43	64	124	148	140	60	148	39	97	36	139	93	82	62	45	111	145	59	127	129	92	42	96	100	34	84	145	136	130	77	124	139	97	57	91	144	98	140	34	55	57	66	49	106	54	86	134	63	89	115	44	123	64	54	149	47	91	41	118	89	64	93	59	97	118	135	115	54	111	146	38	34	65	79	54	69	134	125	78	121
103	94	113	86	103	122	92	132	33	140	109	76	129	71	76	100	66	87	51	95	54	143	94	77	103	141	149	78	127	101	48	49	136	41	103	112	100	149	124	134	48	103	39	36	110	65	59	63	110	149	43	80	65	136	135	130	81	57	140	138	105	63	119	86	52	149	30	87	110	130	58	97	55	97	118	116	33	88	35	128	42	70	90	117	66	38	114	76	59	124	135	144	85	132	69	139	124	65	81	105
40	42	75	67	129	94	49	98	84	40	46	129	144	40	117	119	33	142	111	58	53	31	68	37	98	71	132	49	113	122	124	88	41	59	90	147	119	122	146	144	145	38	120	73	96	58	57	39	111	71	105	60	33	100	135	132	132	128	98	72	41	121	81	92	134	147	54	70	131	142	36	116	80	39	60	122	44	59	32	111	78	128	41	142	99	88	86	58	49	137	70	98	72	62	78	81	57	62	106	107
105	49	72	111	126	121	130	93	31	80	67	124	41	61	65	146	97	39	67	50	68	69	85	96	107	139	122	95	134	128	142	140	94	118	109	31	80	143	118	80	130	95	46	75	33	126	141	139	142	76	125	46	94	97	145	63	76	149	144	76	127	62	108	82	86	85	30	121	64	65	112	112	74	43	136	91	42	45	92	148	91	128	86	144	40	76	131	112	86	124	36	101	45	141	46	111	58	146	73	82
126	51	133	134	100	65	94	102	108	126	67	43	123	57	93	95	147	117	51	47	133	50	34	94	59	44	128	47	84	109	99	76	91	120	49	111	110	36	88	114	120	136	102	145	88	33	84	87	103	149	96	143	105	115	80	124	82	72	148	122	82	110	141	88	38	125	123	73	90	30	124	44	89	79	39	133	46	143	106	117	91	72	50	79	118	36	34	33	69	53	80	53	87	63	84	123	43	60	84	119

Tranfer time of each worker between two different demand points: 
(Where rows and columns both denote demands points: 1 to 100.)
0	34	44	70	64	48	68	37	44	58	40	50	49	48	58	33	44	37	43	59	51	78	63	40	47	31	52	42	75	30	48	34	49	43	49	45	75	51	79	58	67	60	44	80	67	59	40	56	48	40	36	33	78	76	78	52	30	50	77	37	72	37	68	80	42	52	35	76	79	45	34	62	69	36	35	43	35	36	78	47	57	34	39	48	44	56	66	47	53	80	66	68	55	74	54	41	57	75	64	62
34	0	69	68	50	61	39	31	77	53	77	34	44	69	65	62	58	64	75	32	51	39	52	67	36	56	31	58	35	43	65	72	40	47	37	80	57	76	57	31	59	45	51	51	71	61	49	46	33	42	43	75	80	55	34	69	44	69	33	80	31	73	70	75	66	36	47	53	78	37	56	44	65	61	72	69	58	32	63	51	42	36	40	42	69	67	69	74	67	50	73	79	51	54	31	62	66	50	79	49
44	69	0	72	49	68	49	39	31	41	75	73	76	57	34	42	30	58	40	60	67	80	46	68	30	52	31	34	32	36	58	78	76	45	61	67	34	33	34	59	44	78	30	70	78	74	54	48	49	64	59	74	42	71	76	59	73	60	77	50	47	42	77	64	39	42	76	68	45	59	57	30	54	35	44	72	69	80	77	32	49	41	52	30	54	57	49	68	74	78	69	44	62	67	66	44	54	65	48	48
70	68	72	0	32	70	47	44	58	51	50	39	38	40	52	68	36	67	70	69	55	76	55	77	30	36	55	63	43	65	70	55	48	32	68	52	63	37	37	71	48	78	45	56	36	47	63	35	64	47	32	71	63	58	72	45	59	78	72	48	55	73	69	77	61	47	49	56	44	73	57	71	46	72	54	42	66	72	62	31	65	55	60	44	52	30	56	69	32	33	51	68	50	43	51	33	54	78	33	66
64	50	49	32	0	42	33	57	57	42	72	71	50	63	77	33	36	79	60	69	39	48	46	46	31	38	72	38	48	50	65	31	43	62	50	65	37	62	45	62	68	77	38	80	39	78	71	60	67	49	54	64	30	51	52	50	39	37	47	52	71	44	51	65	42	40	62	44	42	78	65	54	75	39	63	48	47	60	50	66	79	74	39	72	57	36	54	62	76	68	63	75	44	48	47	36	76	37	52	54
48	61	68	70	42	0	63	79	47	70	52	69	43	78	45	50	56	43	44	72	30	30	43	43	49	40	69	59	64	75	45	70	45	71	50	45	63	30	33	79	78	66	52	72	75	42	43	39	73	71	70	53	72	30	56	71	47	67	69	70	32	41	66	78	36	38	51	42	67	49	71	51	42	47	39	51	61	43	61	68	36	43	72	38	59	33	42	34	67	77	55	57	60	44	38	35	73	43	56	47
68	39	49	47	33	63	0	57	79	46	58	32	34	57	79	31	61	60	56	74	69	41	48	31	37	77	52	42	74	56	32	60	39	63	75	45	55	71	52	64	38	65	74	35	63	58	46	56	46	43	52	49	76	67	49	79	58	39	65	41	45	52	66	34	76	74	79	70	55	63	54	77	45	74	45	44	41	60	71	64	43	47	69	70	41	74	69	65	30	59	63	73	53	41	61	73	46	32	73	50
37	31	39	44	57	79	57	0	79	30	51	60	63	34	51	49	50	52	49	45	63	74	42	38	39	51	73	55	40	59	55	50	31	76	49	75	43	79	35	38	64	75	67	66	40	34	69	42	63	80	51	36	53	76	72	69	63	48	67	31	45	80	51	32	50	42	51	30	71	38	51	67	63	46	64	53	45	61	61	40	59	52	39	69	72	61	39	57	37	33	59	71	65	73	68	72	74	77	75	74
44	77	31	58	57	47	79	79	0	64	32	66	77	46	40	57	61	40	48	63	78	60	72	60	47	50	76	60	33	56	60	52	31	73	54	32	67	79	52	76	30	34	67	43	45	43	30	63	31	48	77	67	74	47	66	61	73	62	45	60	49	40	48	68	59	30	61	53	70	30	40	55	54	72	30	59	65	54	76	63	50	59	50	39	41	67	62	60	73	58	34	76	48	35	44	76	32	61	49	35
58	53	41	51	42	70	46	30	64	0	70	58	63	31	59	72	42	60	76	37	30	64	67	70	63	41	79	44	40	67	70	32	34	70	62	36	56	43	33	30	78	51	41	50	69	79	52	58	69	30	80	68	45	51	48	60	64	61	50	53	67	32	75	69	59	78	72	69	36	77	49	62	45	71	50	41	60	32	30	33	78	49	44	35	50	72	68	41	34	75	77	37	66	77	30	30	30	33	74	45
40	77	75	50	72	52	58	51	32	70	0	48	54	32	58	41	34	71	53	30	63	65	39	38	52	68	65	79	43	43	47	58	41	50	61	70	67	69	69	66	30	59	71	69	64	30	63	75	62	66	42	54	46	31	44	42	67	65	31	38	71	42	34	55	62	57	69	39	39	34	40	56	62	30	40	67	73	39	48	59	35	44	74	79	38	40	74	77	79	40	69	58	54	68	47	66	44	71	64	55
50	34	73	39	71	69	32	60	66	58	48	0	71	47	74	57	71	58	43	36	62	38	59	59	68	40	69	69	55	51	32	34	58	30	38	32	62	61	39	35	34	52	66	66	62	42	66	65	31	39	66	68	49	45	54	75	32	69	40	43	71	65	35	39	35	40	67	57	73	65	77	74	60	53	63	32	76	66	44	73	65	41	55	37	56	47	62	36	57	59	43	31	61	64	74	62	60	53	56	55
49	44	76	38	50	43	34	63	77	63	54	71	0	48	38	46	56	48	75	61	76	34	68	31	34	54	77	55	48	61	34	37	36	73	31	59	70	65	40	51	69	60	39	31	76	37	69	58	43	76	72	71	76	65	64	37	32	71	72	60	80	34	77	53	55	41	65	75	79	78	35	32	71	33	42	39	78	49	30	55	32	39	37	49	72	31	61	68	73	78	75	39	58	64	58	36	31	48	38	40
48	69	57	40	63	78	57	34	46	31	32	47	48	0	43	63	30	39	62	35	62	31	77	32	41	67	33	63	34	73	40	58	76	69	55	35	73	40	67	70	39	32	58	58	49	30	71	31	47	57	44	44	80	36	79	74	49	65	35	71	31	56	39	30	52	62	60	35	35	68	75	59	57	61	52	79	77	53	44	70	61	59	77	74	57	32	77	72	52	50	31	46	65	76	70	73	49	74	50	44
58	65	34	52	77	45	79	51	40	59	58	74	38	43	0	79	44	54	67	33	56	60	54	61	55	49	75	37	71	57	69	62	39	43	48	70	34	60	49	80	70	53	50	71	55	34	41	69	67	51	30	66	56	43	62	51	79	33	31	47	76	70	36	51	74	37	59	39	52	62	49	59	37	68	66	73	55	73	38	47	57	74	56	59	38	69	66	34	72	56	59	54	66	30	80	47	64	80	59	69
33	62	42	68	33	50	31	49	57	72	41	57	46	63	79	0	59	50	78	48	78	36	31	37	39	30	52	78	34	78	67	73	76	51	44	70	76	44	37	72	49	76	35	62	42	34	40	63	57	66	61	65	43	73	32	44	53	51	63	60	66	48	79	54	45	62	45	38	53	63	47	45	38	45	60	46	66	73	36	44	57	30	32	56	73	36	49	68	32	60	30	68	66	49	31	47	31	76	41	34
44	58	30	36	36	56	61	50	61	42	34	71	56	30	44	59	0	36	42	45	38	62	71	65	43	63	43	60	38	77	49	71	51	37	49	62	39	34	44	39	37	31	40	49	32	73	71	77	38	30	68	38	61	72	78	66	63	40	68	65	45	55	55	58	37	38	35	44	66	67	77	37	76	39	70	34	75	68	59	67	65	76	56	56	45	63	73	31	46	72	46	75	32	31	62	73	42	36	66	78
37	64	58	67	79	43	60	52	40	60	71	58	48	39	54	50	36	0	59	31	72	63	68	30	34	79	47	74	74	60	31	62	52	39	64	78	31	62	75	46	51	41	48	58	70	74	66	59	55	56	77	45	69	43	47	59	34	44	78	51	55	31	32	66	43	56	52	45	57	33	79	61	40	40	74	60	73	41	37	77	63	71	33	54	65	78	50	80	45	62	78	75	36	52	35	30	68	49	31	60
43	75	40	70	60	44	56	49	48	76	53	43	75	62	67	78	42	59	0	48	42	36	32	79	38	63	51	70	55	57	51	62	43	52	35	47	31	62	62	71	75	45	30	62	72	38	70	72	47	39	76	48	47	50	66	53	79	70	57	77	55	75	58	46	74	32	69	47	43	30	68	80	79	42	50	73	51	38	54	75	49	65	53	79	75	61	55	60	62	58	31	39	69	31	35	72	54	50	35	40
59	32	60	69	69	72	74	45	63	37	30	36	61	35	33	48	45	31	48	0	38	64	34	62	38	71	52	78	79	45	78	53	68	77	69	70	68	76	67	79	68	57	49	73	66	80	74	31	37	68	33	33	39	45	49	61	44	36	62	76	64	72	41	67	66	71	68	59	56	30	50	68	60	62	56	49	54	49	30	66	72	78	51	50	64	43	76	48	47	59	76	64	68	65	72	75	70	68	66	34
51	51	67	55	39	30	69	63	78	30	63	62	76	62	56	78	38	72	42	38	0	62	68	56	51	68	41	76	66	40	30	67	30	54	37	62	54	54	65	52	72	41	71	77	67	77	34	53	60	66	37	54	75	41	36	61	47	46	63	64	39	30	50	42	79	41	80	54	46	42	69	37	53	50	42	38	30	45	54	80	62	75	62	69	41	53	49	32	46	50	40	54	39	79	42	45	61	41	72	79
78	39	80	76	48	30	41	74	60	64	65	38	34	31	60	36	62	63	36	64	62	0	40	34	80	46	33	30	33	35	64	63	79	75	60	74	71	72	68	37	56	49	62	77	49	44	66	71	35	58	66	40	77	56	52	63	66	72	79	46	63	48	61	31	51	59	64	74	65	70	30	51	59	78	45	69	44	46	47	39	60	62	70	64	78	36	65	47	63	57	66	32	77	39	58	51	30	54	70	48
63	52	46	55	46	43	48	42	72	67	39	59	68	77	54	31	71	68	32	34	68	40	0	72	44	40	47	80	68	70	57	45	35	34	53	37	77	47	40	57	69	50	59	73	50	31	55	63	34	75	78	43	66	69	50	64	51	53	64	66	55	69	47	45	42	58	43	77	78	52	59	77	73	32	69	71	68	32	77	30	60	31	77	54	39	32	68	59	58	80	34	39	35	33	59	46	63	57	67	32
40	67	68	77	46	43	31	38	60	70	38	59	31	32	61	37	65	30	79	62	56	34	72	0	41	32	45	42	45	63	31	54	37	66	56	41	38	44	43	30	63	72	40	44	40	51	35	59	46	46	46	71	67	75	80	65	67	77	31	61	74	80	59	67	48	46	72	68	66	57	72	41	60	56	42	59	56	59	43	31	75	62	68	38	70	38	35	75	62	60	32	63	54	68	44	68	54	59	80	49
47	36	30	30	31	49	37	39	47	63	52	68	34	41	55	39	43	34	38	38	51	80	44	41	0	41	47	41	71	53	55	30	64	38	80	78	42	43	49	50	40	73	73	78	46	42	40	59	45	63	56	31	64	77	69	60	53	39	35	60	63	30	79	66	71	75	78	47	53	31	50	35	79	42	70	76	59	44	77	75	74	55	59	80	54	68	78	44	57	59	75	76	54	76	42	38	55	61	71	80
31	56	52	36	38	40	77	51	50	41	68	40	54	67	49	30	63	79	63	71	68	46	40	32	41	0	30	75	52	49	59	43	50	51	68	70	42	49	31	39	53	44	70	47	32	64	49	67	41	64	37	49	48	31	59	51	72	63	76	74	71	39	36	79	40	41	57	42	78	45	42	60	63	30	36	35	60	68	47	32	59	39	67	76	49	40	78	32	80	48	75	54	39	62	48	44	67	36	34	56
52	31	31	55	72	69	52	73	76	79	65	69	77	33	75	52	43	47	51	52	41	33	47	45	47	30	0	64	77	55	40	59	59	43	34	46	50	56	56	42	31	78	80	49	71	74	80	33	30	43	52	76	50	65	41	32	50	36	47	31	55	30	75	36	72	80	34	69	66	80	61	48	59	65	73	47	41	71	66	58	64	42	63	51	33	73	75	45	70	66	37	80	60	40	71	60	35	38	32	40
42	58	34	63	38	59	42	55	60	44	79	69	55	63	37	78	60	74	70	78	76	30	80	42	41	75	64	0	34	33	77	70	63	61	65	47	50	39	63	32	40	75	61	53	56	80	63	76	45	37	55	70	72	63	47	34	75	30	71	80	75	41	46	31	53	53	56	45	71	42	43	67	75	50	38	33	76	54	65	75	56	68	64	76	64	31	33	37	41	68	67	75	54	73	62	55	79	79	33	35
75	35	32	43	48	64	74	40	33	40	43	55	48	34	71	34	38	74	55	79	66	33	68	45	71	52	77	34	0	72	67	74	54	49	65	39	69	42	67	59	51	73	58	46	65	78	68	53	43	31	55	56	68	69	42	79	65	74	52	49	54	40	33	79	44	79	55	43	77	33	38	33	46	74	67	73	68	51	70	54	36	64	66	68	49	51	55	44	77	71	69	52	33	48	30	62	52	30	42	35
30	43	36	65	50	75	56	59	56	67	43	51	61	73	57	78	77	60	57	45	40	35	70	63	53	49	55	33	72	0	44	75	75	67	30	56	44	60	41	64	73	67	35	70	56	80	73	57	80	75	67	66	66	79	71	57	63	41	39	46	70	65	73	63	73	77	51	41	45	73	77	34	69	55	58	34	38	40	58	46	55	35	73	47	63	65	66	41	66	59	37	40	53	35	52	58	72	48	80	79
48	65	58	70	65	45	32	55	60	70	47	32	34	40	69	67	49	31	51	78	30	64	57	31	55	59	40	77	67	44	0	53	62	60	79	80	75	69	60	31	40	62	37	67	37	48	30	62	39	61	30	51	77	34	43	46	67	78	39	34	41	30	68	35	63	53	35	56	65	68	55	80	37	76	52	42	31	79	41	46	76	43	69	55	67	34	42	60	76	32	32	59	78	52	61	61	38	66	58	33
34	72	78	55	31	70	60	50	52	32	58	34	37	58	62	73	71	62	62	53	67	63	45	54	30	43	59	70	74	75	53	0	59	66	68	62	72	53	80	56	53	71	67	44	79	30	69	37	37	45	52	66	44	34	33	56	30	32	37	41	58	63	62	74	71	75	46	43	50	43	47	47	56	80	56	78	65	72	41	78	45	63	36	43	50	46	33	73	49	66	73	60	79	57	49	30	76	67	45	68
49	40	76	48	43	45	39	31	31	34	41	58	36	76	39	76	51	52	43	68	30	79	35	37	64	50	59	63	54	75	62	59	0	41	38	44	53	48	44	64	70	45	63	70	54	53	70	50	35	43	40	42	58	58	65	61	35	38	62	39	34	42	33	65	33	40	72	49	79	78	67	73	44	36	78	47	77	39	43	56	49	47	38	67	74	80	39	56	30	30	80	72	56	68	41	79	37	55	72	46
43	47	45	32	62	71	63	76	73	70	50	30	73	69	43	51	37	39	52	77	54	75	34	66	38	51	43	61	49	67	60	66	41	0	50	36	37	39	80	58	34	77	30	78	45	55	52	76	57	43	72	61	37	54	67	39	66	80	65	61	63	37	48	70	52	51	52	58	47	59	67	62	38	70	66	75	55	73	44	55	75	74	49	67	50	43	39	61	57	58	55	30	51	63	47	74	56	77	39	50
49	37	61	68	50	50	75	49	54	62	61	38	31	55	48	44	49	64	35	69	37	60	53	56	80	68	34	65	65	30	79	68	38	50	0	75	74	33	71	59	39	35	59	53	39	68	60	58	41	41	40	53	45	70	49	69	79	80	42	79	41	66	60	40	42	35	61	35	64	34	80	32	46	72	80	70	57	60	35	35	65	76	64	72	48	45	77	77	63	72	46	48	57	36	65	57	43	40	48	38
45	80	67	52	65	45	45	75	32	36	70	32	59	35	70	70	62	78	47	70	62	74	37	41	78	70	46	47	39	56	80	62	44	36	75	0	37	31	48	39	32	64	48	45	31	64	62	44	70	51	51	69	32	40	41	38	54	50	79	31	36	59	36	61	61	48	76	75	35	69	63	62	43	56	77	67	65	31	65	42	51	69	35	70	51	35	53	61	43	72	49	71	75	33	72	80	72	46	47	74
75	57	34	63	37	63	55	43	67	56	67	62	70	73	34	76	39	31	31	68	54	71	77	38	42	42	50	50	69	44	75	72	53	37	74	37	0	46	39	32	74	53	58	58	72	38	76	62	69	38	75	72	78	61	42	63	54	52	53	36	45	65	61	51	78	55	70	53	51	79	46	56	66	36	62	39	42	41	61	72	59	66	38	75	51	78	71	40	51	37	39	77	73	66	48	59	55	55	46	32
51	76	33	37	62	30	71	79	79	43	69	61	65	40	60	44	34	62	62	76	54	72	47	44	43	49	56	39	42	60	69	53	48	39	33	31	46	0	72	30	70	34	60	67	74	70	55	80	56	54	58	71	47	45	45	55	47	47	52	59	80	69	70	42	46	51	43	38	34	45	38	48	71	73	30	31	41	50	53	37	54	34	34	33	30	59	68	68	80	43	60	57	32	78	39	32	78	51	73	69
79	57	34	37	45	33	52	35	52	33	69	39	40	67	49	37	44	75	62	67	65	68	40	43	49	31	56	63	67	41	60	80	44	80	71	48	39	72	0	49	34	37	39	36	55	66	64	39	77	39	32	48	66	41	67	48	30	36	65	54	68	44	45	79	32	67	59	63	66	52	74	44	38	73	30	60	32	32	59	53	50	52	30	38	32	50	48	66	40	56	40	38	41	53	54	76	62	65	74	67
58	31	59	71	62	79	64	38	76	30	66	35	51	70	80	72	39	46	71	79	52	37	57	30	50	39	42	32	59	64	31	56	64	58	59	39	32	30	49	0	44	61	53	50	39	78	47	78	44	55	70	30	59	47	60	61	37	75	64	75	41	31	34	36	32	31	54	75	42	75	32	54	57	30	58	30	60	52	56	37	66	40	80	41	44	31	42	30	47	34	48	41	57	53	39	32	50	77	56	65
67	59	44	48	68	78	38	64	30	78	30	34	69	39	70	49	37	51	75	68	72	56	69	63	40	53	31	40	51	73	40	53	70	34	39	32	74	70	34	44	0	54	54	69	64	43	80	54	75	59	75	49	72	38	61	74	72	55	36	63	40	44	56	48	32	35	38	54	68	72	51	78	44	77	32	40	74	58	67	32	60	67	45	65	39	41	78	51	65	50	43	47	33	57	37	59	40	65	72	35
60	45	78	78	77	66	65	75	34	51	59	52	60	32	53	76	31	41	45	57	41	49	50	72	73	44	78	75	73	67	62	71	45	77	35	64	53	34	37	61	54	0	52	45	66	66	35	67	39	33	69	45	70	50	63	38	52	57	57	46	50	65	66	39	56	43	61	49	38	68	40	67	77	64	55	30	63	67	58	45	32	47	46	34	51	53	80	55	68	76	65	62	67	70	74	78	33	48	37	40
44	51	30	45	38	52	74	67	67	41	71	66	39	58	50	35	40	48	30	49	71	62	59	40	73	70	80	61	58	35	37	67	63	30	59	48	58	60	39	53	54	52	0	70	78	63	43	55	68	54	48	53	57	44	63	56	75	54	64	46	56	63	78	50	62	76	46	73	32	75	72	49	45	35	66	43	33	34	56	33	54	56	63	42	35	72	63	44	60	31	40	44	61	48	71	54	59	71	61	48
80	51	70	56	80	72	35	66	43	50	69	66	31	58	71	62	49	58	62	73	77	77	73	44	78	47	49	53	46	70	67	44	70	78	53	45	58	67	36	50	69	45	70	0	68	69	46	32	39	71	64	79	56	59	47	74	35	71	35	50	57	76	61	61	64	65	75	35	46	80	75	65	55	34	75	53	33	69	80	37	79	46	43	53	32	68	52	59	80	77	68	36	45	47	47	77	63	36	62	42
67	71	78	36	39	75	63	40	45	69	64	62	76	49	55	42	32	70	72	66	67	49	50	40	46	32	71	56	65	56	37	79	54	45	39	31	72	74	55	39	64	66	78	68	0	57	69	51	54	32	56	53	54	58	62	33	63	74	68	53	76	36	55	49	41	32	38	30	56	64	39	35	57	52	51	39	76	62	57	75	36	70	35	78	48	32	30	32	56	39	33	61	61	70	38	62	38	76	76	61
59	61	74	47	78	42	58	34	43	79	30	42	37	30	34	34	73	74	38	80	77	44	31	51	42	64	74	80	78	80	48	30	53	55	68	64	38	70	66	78	43	66	63	69	57	0	63	77	66	57	61	50	55	42	65	77	63	65	77	65	42	54	50	60	70	51	75	39	65	46	60	66	32	46	57	36	47	65	67	39	44	69	42	47	39	61	63	71	52	45	39	46	73	38	64	48	79	70	38	80
40	49	54	63	71	43	46	69	30	52	63	66	69	71	41	40	71	66	70	74	34	66	55	35	40	49	80	63	68	73	30	69	70	52	60	62	76	55	64	47	80	35	43	46	69	63	0	63	47	67	34	63	34	52	50	59	54	59	48	59	44	69	78	37	32	45	77	35	56	72	74	40	37	71	68	53	69	61	48	75	54	47	57	42	49	79	51	56	32	60	47	73	39	34	31	75	79	65	67	53
56	46	48	35	60	39	56	42	63	58	75	65	58	31	69	63	77	59	72	31	53	71	63	59	59	67	33	76	53	57	62	37	50	76	58	44	62	80	39	78	54	67	55	32	51	77	63	0	33	49	59	66	75	41	59	40	57	80	71	69	72	40	60	63	53	63	63	68	44	30	32	63	49	66	76	56	77	67	53	59	73	50	48	76	30	62	44	65	45	31	62	54	35	48	56	38	59	67	56	73
48	33	49	64	67	73	46	63	31	69	62	31	43	47	67	57	38	55	47	37	60	35	34	46	45	41	30	45	43	80	39	37	35	57	41	70	69	56	77	44	75	39	68	39	54	66	47	33	0	61	68	60	38	56	34	65	37	64	36	45	53	55	65	69	30	67	33	75	72	68	52	41	40	32	51	75	50	36	44	77	56	73	75	56	47	80	70	51	48	41	46	35	52	59	79	49	79	34	62	55
40	42	64	47	49	71	43	80	48	30	66	39	76	57	51	66	30	56	39	68	66	58	75	46	63	64	43	37	31	75	61	45	43	43	41	51	38	54	39	55	59	33	54	71	32	57	67	49	61	0	59	57	52	42	57	51	37	50	54	35	75	49	78	69	30	33	77	56	75	30	48	57	61	31	44	46	53	44	33	36	56	67	37	73	33	54	38	38	54	32	41	43	30	69	59	42	64	63	51	60
36	43	59	32	54	70	52	51	77	80	42	66	72	44	30	61	68	77	76	33	37	66	78	46	56	37	52	55	55	67	30	52	40	72	40	51	75	58	32	70	75	69	48	64	56	61	34	59	68	59	0	34	46	44	57	59	66	36	31	75	73	36	38	64	50	66	39	74	31	53	72	68	66	70	51	31	32	73	64	38	49	77	40	51	44	77	67	78	72	73	30	72	72	72	74	43	33	76	73	60
33	75	74	71	64	53	49	36	67	68	54	68	71	44	66	65	38	45	48	33	54	40	43	71	31	49	76	70	56	66	51	66	42	61	53	69	72	71	48	30	49	45	53	79	53	50	63	66	60	57	34	0	34	49	33	35	56	76	75	33	73	49	43	77	64	45	30	63	56	50	55	66	58	61	75	42	38	69	32	74	60	32	74	49	50	34	64	50	41	45	66	49	49	51	57	32	62	58	41	31
78	80	42	63	30	72	76	53	74	45	46	49	76	80	56	43	61	69	47	39	75	77	66	67	64	48	50	72	68	66	77	44	58	37	45	32	78	47	66	59	72	70	57	56	54	55	34	75	38	52	46	34	0	62	75	35	54	72	63	56	32	54	64	68	36	52	49	48	43	41	37	33	62	32	31	42	51	57	32	73	44	50	60	42	30	33	62	76	52	74	71	59	32	64	47	76	68	39	36	59
76	55	71	58	51	30	67	76	47	51	31	45	65	36	43	73	72	43	50	45	41	56	69	75	77	31	65	63	69	79	34	34	58	54	70	40	61	45	41	47	38	50	44	59	58	42	52	41	56	42	44	49	62	0	80	78	44	37	41	31	30	72	48	77	49	71	37	45	46	41	44	53	42	51	57	30	48	41	79	62	69	47	35	68	75	35	64	52	80	64	42	50	66	72	76	64	68	77	64	49
78	34	76	72	52	56	49	72	66	48	44	54	64	79	62	32	78	47	66	49	36	52	50	80	69	59	41	47	42	71	43	33	65	67	49	41	42	45	67	60	61	63	63	47	62	65	50	59	34	57	57	33	75	80	0	52	47	60	55	56	61	64	51	67	80	60	73	37	58	74	70	42	61	58	37	43	34	79	50	36	70	31	44	45	45	46	75	41	68	31	63	53	73	63	62	44	68	38	63	35
52	69	59	45	50	71	79	69	61	60	42	75	37	74	51	44	66	59	53	61	61	63	64	65	60	51	32	34	79	57	46	56	61	39	69	38	63	55	48	61	74	38	56	74	33	77	59	40	65	51	59	35	35	78	52	0	62	69	39	52	38	70	65	49	43	34	47	69	55	48	52	63	34	62	51	31	38	58	41	62	52	42	45	34	67	64	49	42	41	55	73	77	77	43	67	36	48	58	78	56
30	44	73	59	39	47	58	63	73	64	67	32	32	49	79	53	63	34	79	44	47	66	51	67	53	72	50	75	65	63	67	30	35	66	79	54	54	47	30	37	72	52	75	35	63	63	54	57	37	37	66	56	54	44	47	62	0	43	36	79	76	36	55	36	30	61	31	53	58	31	71	53	31	74	60	32	55	71	69	32	54	56	62	48	57	34	79	75	38	36	49	36	59	49	58	76	48	30	61	35
50	69	60	78	37	67	39	48	62	61	65	69	71	65	33	51	40	44	70	36	46	72	53	77	39	63	36	30	74	41	78	32	38	80	80	50	52	47	36	75	55	57	54	71	74	65	59	80	64	50	36	76	72	37	60	69	43	0	77	76	40	38	40	48	59	61	59	58	78	56	74	40	44	71	54	76	74	55	38	56	44	47	77	41	37	56	75	51	67	38	54	46	35	47	48	58	43	45	60	67
77	33	77	72	47	69	65	67	45	50	31	40	72	35	31	63	68	78	57	62	63	79	64	31	35	76	47	71	52	39	39	37	62	65	42	79	53	52	65	64	36	57	64	35	68	77	48	71	36	54	31	75	63	41	55	39	36	77	0	32	33	30	59	47	40	41	34	67	55	57	71	46	42	67	43	43	78	57	67	32	47	53	69	49	48	66	35	54	46	49	80	61	54	74	55	56	73	63	73	74
37	80	50	48	52	70	41	31	60	53	38	43	60	71	47	60	65	51	77	76	64	46	66	61	60	74	31	80	49	46	34	41	39	61	79	31	36	59	54	75	63	46	46	50	53	65	59	69	45	35	75	33	56	31	56	52	79	76	32	0	64	51	38	57	40	61	44	53	50	76	52	72	79	80	37	78	61	42	75	44	62	62	35	68	49	46	51	60	75	31	56	52	42	53	45	57	69	42	77	80
72	31	47	55	71	32	45	45	49	67	71	71	80	31	76	66	45	55	55	64	39	63	55	74	63	71	55	75	54	70	41	58	34	63	41	36	45	80	68	41	40	50	56	57	76	42	44	72	53	75	73	73	32	30	61	38	76	40	33	64	0	56	61	67	52	56	34	32	75	69	48	74	75	63	39	75	44	74	32	35	60	38	41	49	75	40	66	77	58	58	62	46	80	67	64	56	35	63	65	77
37	73	42	73	44	41	52	80	40	32	42	65	34	56	70	48	55	31	75	72	30	48	69	80	30	39	30	41	40	65	30	63	42	37	66	59	65	69	44	31	44	65	63	76	36	54	69	40	55	49	36	49	54	72	64	70	36	38	30	51	56	0	53	69	43	38	72	37	35	71	35	66	60	47	33	58	51	34	74	77	73	65	36	43	65	44	50	45	53	35	73	61	78	33	41	35	58	57	40	47
68	70	77	69	51	66	66	51	48	75	34	35	77	39	36	79	55	32	58	41	50	61	47	59	79	36	75	46	33	73	68	62	33	48	60	36	61	70	45	34	56	66	78	61	55	50	78	60	65	78	38	43	64	48	51	65	55	40	59	38	61	53	0	37	32	57	73	35	39	52	60	53	35	34	55	69	71	53	52	39	31	38	61	56	75	66	49	52	33	32	77	35	33	76	68	43	51	38	62	39
80	75	64	77	65	78	34	32	68	69	55	39	53	30	51	54	58	66	46	67	42	31	45	67	66	79	36	31	79	63	35	74	65	70	40	61	51	42	79	36	48	39	50	61	49	60	37	63	69	69	64	77	68	77	67	49	36	48	47	57	67	69	37	0	55	43	67	40	76	51	76	58	49	73	35	75	62	62	40	54	70	36	76	39	55	60	42	66	33	65	75	40	57	52	74	74	30	78	55	44
42	66	39	61	42	36	76	50	59	59	62	35	55	52	74	45	37	43	74	66	79	51	42	48	71	40	72	53	44	73	63	71	33	52	42	61	78	46	32	32	32	56	62	64	41	70	32	53	30	30	50	64	36	49	80	43	30	59	40	40	52	43	32	55	0	59	44	44	64	44	67	40	74	80	76	73	68	64	48	67	49	40	52	48	69	41	36	77	46	36	62	78	55	51	38	62	37	70	49	48
52	36	42	47	40	38	74	42	30	78	57	40	41	62	37	62	38	56	32	71	41	59	58	46	75	41	80	53	79	77	53	75	40	51	35	48	55	51	67	31	35	43	76	65	32	51	45	63	67	33	66	45	52	71	60	34	61	61	41	61	56	38	57	43	59	0	69	75	74	48	79	61	67	46	46	49	54	75	58	62	54	57	41	67	66	47	54	76	76	58	72	62	34	37	47	73	40	57	30	48
35	47	76	49	62	51	79	51	61	72	69	67	65	60	59	45	35	52	69	68	80	64	43	72	78	57	34	56	55	51	35	46	72	52	61	76	70	43	59	54	38	61	46	75	38	75	77	63	33	77	39	30	49	37	73	47	31	59	34	44	34	72	73	67	44	69	0	57	63	52	45	70	31	67	61	48	49	57	50	79	38	57	68	45	41	51	52	46	70	37	69	49	58	50	40	59	77	32	47	74
76	53	68	56	44	42	70	30	53	69	39	57	75	35	39	38	44	45	47	59	54	74	77	68	47	42	69	45	43	41	56	43	49	58	35	75	53	38	63	75	54	49	73	35	30	39	35	68	75	56	74	63	48	45	37	69	53	58	67	53	32	37	35	40	44	75	57	0	77	73	77	35	80	62	77	61	40	59	80	57	50	76	73	45	30	49	50	53	30	53	47	46	30	39	80	72	60	51	51	64
79	78	45	44	42	67	55	71	70	36	39	73	79	35	52	53	66	57	43	56	46	65	78	66	53	78	66	71	77	45	65	50	79	47	64	35	51	34	66	42	68	38	32	46	56	65	56	44	72	75	31	56	43	46	58	55	58	78	55	50	75	35	39	76	64	74	63	77	0	78	52	60	79	73	48	36	64	32	46	36	70	66	46	32	79	50	70	67	44	60	49	78	31	53	49	63	44	48	73	65
45	37	59	73	78	49	63	38	30	77	34	65	78	68	62	63	67	33	30	30	42	70	52	57	31	45	80	42	33	73	68	43	78	59	34	69	79	45	52	75	72	68	75	80	64	46	72	30	68	30	53	50	41	41	74	48	31	56	57	76	69	71	52	51	44	48	52	73	78	0	30	47	30	61	50	42	64	59	40	51	32	70	42	37	47	45	57	66	61	51	37	43	64	34	35	51	53	44	71	40
34	56	57	57	65	71	54	51	40	49	40	77	35	75	49	47	77	79	68	50	69	30	59	72	50	42	61	43	38	77	55	47	67	67	80	63	46	38	74	32	51	40	72	75	39	60	74	32	52	48	72	55	37	44	70	52	71	74	71	52	48	35	60	76	67	79	45	77	52	30	0	40	33	47	31	59	69	79	60	50	50	36	53	30	35	38	48	34	80	47	53	51	66	38	34	53	45	64	76	31
62	44	30	71	54	51	77	67	55	62	56	74	32	59	59	45	37	61	80	68	37	51	77	41	35	60	48	67	33	34	80	47	73	62	32	62	56	48	44	54	78	67	49	65	35	66	40	63	41	57	68	66	33	53	42	63	53	40	46	72	74	66	53	58	40	61	70	35	60	47	40	0	30	65	42	79	64	57	66	52	75	72	39	36	62	73	37	74	64	71	50	47	72	59	60	41	77	45	41	47
69	65	54	46	75	42	45	63	54	45	62	60	71	57	37	38	76	40	79	60	53	59	73	60	79	63	59	75	46	69	37	56	44	38	46	43	66	71	38	57	44	77	45	55	57	32	37	49	40	61	66	58	62	42	61	34	31	44	42	79	75	60	35	49	74	67	31	80	79	30	33	30	0	75	60	54	58	52	76	63	58	62	59	46	71	35	50	69	67	47	71	47	34	74	62	68	79	65	63	56
36	61	35	72	39	47	74	46	72	71	30	53	33	61	68	45	39	40	42	62	50	78	32	56	42	30	65	50	74	55	76	80	36	70	72	56	36	73	73	30	77	64	35	34	52	46	71	66	32	31	70	61	32	51	58	62	74	71	67	80	63	47	34	73	80	46	67	62	73	61	47	65	75	0	71	54	53	53	73	32	65	66	40	32	79	53	55	68	78	36	67	76	48	54	65	62	47	75	55	44
35	72	44	54	63	39	45	64	30	50	40	63	42	52	66	60	70	74	50	56	42	45	69	42	70	36	73	38	67	58	52	56	78	66	80	77	62	30	30	58	32	55	66	75	51	57	68	76	51	44	51	75	31	57	37	51	60	54	43	37	39	33	55	35	76	46	61	77	48	50	31	42	60	71	0	45	30	30	67	50	70	61	58	53	60	54	34	46	37	49	53	42	62	57	75	70	51	67	36	31
43	69	72	42	48	51	44	53	59	41	67	32	39	79	73	46	34	60	73	49	38	69	71	59	76	35	47	33	73	34	42	78	47	75	70	67	39	31	60	30	40	30	43	53	39	36	53	56	75	46	31	42	42	30	43	31	32	76	43	78	75	58	69	75	73	49	48	61	36	42	59	79	54	54	45	0	43	74	63	65	51	42	46	66	54	36	31	79	56	58	78	62	76	33	65	39	66	57	73	35
35	58	69	66	47	61	41	45	65	60	73	76	78	77	55	66	75	73	51	54	30	44	68	56	59	60	41	76	68	38	31	65	77	55	57	65	42	41	32	60	74	63	33	33	76	47	69	77	50	53	32	38	51	48	34	38	55	74	78	61	44	51	71	62	68	54	49	40	64	64	69	64	58	53	30	43	0	35	74	71	57	34	49	79	57	34	59	52	30	67	37	34	40	73	36	78	40	32	53	38
36	32	80	72	60	43	60	61	54	32	39	66	49	53	73	73	68	41	38	49	45	46	32	59	44	68	71	54	51	40	79	72	39	73	60	31	41	50	32	52	58	67	34	69	62	65	61	67	36	44	73	69	57	41	79	58	71	55	57	42	74	34	53	62	64	75	57	59	32	59	79	57	52	53	30	74	35	0	58	64	50	52	60	45	51	79	71	37	78	41	41	64	52	73	62	37	76	78	45	31
78	63	77	62	50	61	71	61	76	30	48	44	30	44	38	36	59	37	54	30	54	47	77	43	77	47	66	65	70	58	41	41	43	44	35	65	61	53	59	56	67	58	56	80	57	67	48	53	44	33	64	32	32	79	50	41	69	38	67	75	32	74	52	40	48	58	50	80	46	40	60	66	76	73	67	63	74	58	0	44	33	37	79	56	70	78	68	56	55	70	43	75	79	60	60	48	68	45	58	67
47	51	32	31	66	68	64	40	63	33	59	73	55	70	47	44	67	77	75	66	80	39	30	31	75	32	58	75	54	46	46	78	56	55	35	42	72	37	53	37	32	45	33	37	75	39	75	59	77	36	38	74	73	62	36	62	32	56	32	44	35	77	39	54	67	62	79	57	36	51	50	52	63	32	50	65	71	64	44	0	80	40	53	46	58	31	44	64	30	53	53	67	40	34	64	36	76	53	73	74
57	42	49	65	79	36	43	59	50	78	35	65	32	61	57	57	65	63	49	72	62	60	60	75	74	59	64	56	36	55	76	45	49	75	65	51	59	54	50	66	60	32	54	79	36	44	54	73	56	56	49	60	44	69	70	52	54	44	47	62	60	73	31	70	49	54	38	50	70	32	50	75	58	65	70	51	57	50	33	80	0	42	79	62	39	56	75	61	45	37	58	51	48	51	51	60	68	46	71	60
34	36	41	55	74	43	47	52	59	49	44	41	39	59	74	30	76	71	65	78	75	62	31	62	55	39	42	68	64	35	43	63	47	74	76	69	66	34	52	40	67	47	56	46	70	69	47	50	73	67	77	32	50	47	31	42	56	47	53	62	38	65	38	36	40	57	57	76	66	70	36	72	62	66	61	42	34	52	37	40	42	0	43	70	78	49	33	51	65	56	44	54	38	64	51	47	58	61	68	80
39	40	52	60	39	72	69	39	50	44	74	55	37	77	56	32	56	33	53	51	62	70	77	68	59	67	63	64	66	73	69	36	38	49	64	35	38	34	30	80	45	46	63	43	35	42	57	48	75	37	40	74	60	35	44	45	62	77	69	35	41	36	61	76	52	41	68	73	46	42	53	39	59	40	58	46	49	60	79	53	79	43	0	30	48	34	31	72	51	63	52	40	33	39	66	78	57	63	72	65
48	42	30	44	72	38	70	69	39	35	79	37	49	74	59	56	56	54	79	50	69	64	54	38	80	76	51	76	68	47	55	43	67	67	72	70	75	33	38	41	65	34	42	53	78	47	42	76	56	73	51	49	42	68	45	34	48	41	49	68	49	43	56	39	48	67	45	45	32	37	30	36	46	32	53	66	79	45	56	46	62	70	30	0	55	38	72	76	54	67	68	60	46	46	77	71	60	32	71	60
44	69	54	52	57	59	41	72	41	50	38	56	72	57	38	73	45	65	75	64	41	78	39	70	54	49	33	64	49	63	67	50	74	50	48	51	51	30	32	44	39	51	35	32	48	39	49	30	47	33	44	50	30	75	45	67	57	37	48	49	75	65	75	55	69	66	41	30	79	47	35	62	71	79	60	54	57	51	70	58	39	78	48	55	0	41	70	46	59	75	46	52	41	73	70	80	53	58	36	52
56	67	57	30	36	33	74	61	67	72	40	47	31	32	69	36	63	78	61	43	53	36	32	38	68	40	73	31	51	65	34	46	80	43	45	35	78	59	50	31	41	53	72	68	32	61	79	62	80	54	77	34	33	35	46	64	34	56	66	46	40	44	66	60	41	47	51	49	50	45	38	73	35	53	54	36	34	79	78	31	56	49	34	38	41	0	67	78	63	47	34	34	50	64	35	69	70	41	63	38
66	69	49	56	54	42	69	39	62	68	74	62	61	77	66	49	73	50	55	76	49	65	68	35	78	78	75	33	55	66	42	33	39	39	77	53	71	68	48	42	78	80	63	52	30	63	51	44	70	38	67	64	62	64	75	49	79	75	35	51	66	50	49	42	36	54	52	50	70	57	48	37	50	55	34	31	59	71	68	44	75	33	31	72	70	67	0	50	76	64	59	30	32	44	51	61	47	65	54	61
47	74	68	69	62	34	65	57	60	41	77	36	68	72	34	68	31	80	60	48	32	47	59	75	44	32	45	37	44	41	60	73	56	61	77	61	40	68	66	30	51	55	44	59	32	71	56	65	51	38	78	50	76	52	41	42	75	51	54	60	77	45	52	66	77	76	46	53	67	66	34	74	69	68	46	79	52	37	56	64	61	51	72	76	46	78	50	0	34	34	74	73	37	68	40	52	71	78	64	51
53	67	74	32	76	67	30	37	73	34	79	57	73	52	72	32	46	45	62	47	46	63	58	62	57	80	70	41	77	66	76	49	30	57	63	43	51	80	40	47	65	68	60	80	56	52	32	45	48	54	72	41	52	80	68	41	38	67	46	75	58	53	33	33	46	76	70	30	44	61	80	64	67	78	37	56	30	78	55	30	45	65	51	54	59	63	76	34	0	34	39	64	67	57	50	45	65	80	71	69
80	50	78	33	68	77	59	33	58	75	40	59	78	50	56	60	72	62	58	59	50	57	80	60	59	48	66	68	71	59	32	66	30	58	72	72	37	43	56	34	50	76	31	77	39	45	60	31	41	32	73	45	74	64	31	55	36	38	49	31	58	35	32	65	36	58	37	53	60	51	47	71	47	36	49	58	67	41	70	53	37	56	63	67	75	47	64	34	34	0	53	55	73	71	70	60	73	73	64	46
66	73	69	51	63	55	63	59	34	77	69	43	75	31	59	30	46	78	31	76	40	66	34	32	75	75	37	67	69	37	32	73	80	55	46	49	39	60	40	48	43	65	40	68	33	39	47	62	46	41	30	66	71	42	63	73	49	54	80	56	62	73	77	75	62	72	69	47	49	37	53	50	71	67	53	78	37	41	43	53	58	44	52	68	46	34	59	74	39	53	0	40	43	66	75	50	59	69	44	66
68	79	44	68	75	57	73	71	76	37	58	31	39	46	54	68	75	75	39	64	54	32	39	63	76	54	80	75	52	40	59	60	72	30	48	71	77	57	38	41	47	62	44	36	61	46	73	54	35	43	72	49	59	50	53	77	36	46	61	52	46	61	35	40	78	62	49	46	78	43	51	47	47	76	42	62	34	64	75	67	51	54	40	60	52	34	30	73	64	55	40	0	79	46	50	47	50	78	79	44
55	51	62	50	44	60	53	65	48	66	54	61	58	65	66	66	32	36	69	68	39	77	35	54	54	39	60	54	33	53	78	79	56	51	57	75	73	32	41	57	33	67	61	45	61	73	39	35	52	30	72	49	32	66	73	77	59	35	54	42	80	78	33	57	55	34	58	30	31	64	66	72	34	48	62	76	40	52	79	40	48	38	33	46	41	50	32	37	67	73	43	79	0	32	32	78	74	46	60	34
74	54	67	43	48	44	41	73	35	77	68	64	64	76	30	49	31	52	31	65	79	39	33	68	76	62	40	73	48	35	52	57	68	63	36	33	66	78	53	53	57	70	48	47	70	38	34	48	59	69	72	51	64	72	63	43	49	47	74	53	67	33	76	52	51	37	50	39	53	34	38	59	74	54	57	33	73	73	60	34	51	64	39	46	73	64	44	68	57	71	66	46	32	0	78	66	54	42	56	40
54	31	66	51	47	38	61	68	44	30	47	74	58	70	80	31	62	35	35	72	42	58	59	44	42	48	71	62	30	52	61	49	41	47	65	72	48	39	54	39	37	74	71	47	38	64	31	56	79	59	74	57	47	76	62	67	58	48	55	45	64	41	68	74	38	47	40	80	49	35	34	60	62	65	75	65	36	62	60	64	51	51	66	77	70	35	51	40	50	70	75	50	32	78	0	38	69	43	64	73
41	62	44	33	36	35	73	72	76	30	66	62	36	73	47	47	73	30	72	75	45	51	46	68	38	44	60	55	62	58	61	30	79	74	57	80	59	32	76	32	59	78	54	77	62	48	75	38	49	42	43	32	76	64	44	36	76	58	56	57	56	35	43	74	62	73	59	72	63	51	53	41	68	62	70	39	78	37	48	36	60	47	78	71	80	69	61	52	45	60	50	47	78	66	38	0	54	53	32	49
57	66	54	54	76	73	46	74	32	30	44	60	31	49	64	31	42	68	54	70	61	30	63	54	55	67	35	79	52	72	38	76	37	56	43	72	55	78	62	50	40	33	59	63	38	79	79	59	79	64	33	62	68	68	68	48	48	43	73	69	35	58	51	30	37	40	77	60	44	53	45	77	79	47	51	66	40	76	68	76	68	58	57	60	53	70	47	71	65	73	59	50	74	54	69	54	0	45	49	80
75	50	65	78	37	43	32	77	61	33	71	53	48	74	80	76	36	49	50	68	41	54	57	59	61	36	38	79	30	48	66	67	55	77	40	46	55	51	65	77	65	48	71	36	76	70	65	67	34	63	76	58	39	77	38	58	30	45	63	42	63	57	38	78	70	57	32	51	48	44	64	45	65	75	67	57	32	78	45	53	46	61	63	32	58	41	65	78	80	73	69	78	46	42	43	53	45	0	42	68
64	79	48	33	52	56	73	75	49	74	64	56	38	50	59	41	66	31	35	66	72	70	67	80	71	34	32	33	42	80	58	45	72	39	48	47	46	73	74	56	72	37	61	62	76	38	67	56	62	51	73	41	36	64	63	78	61	60	73	77	65	40	62	55	49	30	47	51	73	71	76	41	63	55	36	73	53	45	58	73	71	68	72	71	36	63	54	64	71	64	44	79	60	56	64	32	49	42	0	72
62	49	48	66	54	47	50	74	35	45	55	55	40	44	69	34	78	60	40	34	79	48	32	49	80	56	40	35	35	79	33	68	46	50	38	74	32	69	67	65	35	40	48	42	61	80	53	73	55	60	60	31	59	49	35	56	35	67	74	80	77	47	39	44	48	48	74	64	65	40	31	47	56	44	31	35	38	31	67	74	60	80	65	60	52	38	61	51	69	46	66	44	34	40	73	49	80	68	72	0

Initial health value of each distributed equipment: 
(Where columns denote demand points: 1 to 100.)
169.86	217.36	455.90	281.88	233.45	193.70	220.52	221.84	196.68	281.61	293.04	242.95	308.70	166.88	337.68	324.48	239.89	305.00	442.32	346.32	458.16	168.37	259.20	361.15	242.87	454.35	239.58	192.21	306.27	306.00	259.84	245.85	196.68	390.98	349.60	235.42	348.89	419.40	253.00	150.49	251.81	422.11	282.24	189.23	149.00	262.15	294.00	282.00	229.46	272.67	184.76	219.03	184.76	204.13	232.44	303.60	277.14	205.62	244.36	192.21	168.00	327.61	276.12	225.00	292.74	193.20	180.29	341.44	290.55	262.24	388.44	280.12	212.79	322.14	278.63	236.91	302.94	289.28	293.76	251.16	183.27	296.51	400.16	383.35	298.93	259.26	244.36	380.00	204.13	160.92	296.51	267.50	253.30	289.06	245.85	402.96	381.92	238.40	165.39	288.32

Spare parts types of different demand points: 
(where columns denote demand points: 1 to 100.)
2	3	3	4	2	5	1	4	1	2	4	3	3	2	1	5	5	2	1	1	1	2	3	4	3	2	4	4	4	3	2	3	5	1	4	5	4	2	2	2	1	1	2	5	4	4	1	1	3	5	2	2	4	1	3	3	2	5	1	3	1	4	5	1	2	3	3	1	5	2	4	1	4	3	4	4	2	3	2	5	5	3	4	5	3	1	4	5	5	3	1	4	2	2	1	2	4	1	5	2

inventory management cost per unit time of different types of orders: 
(where columns denote types of orders: 1 to 5.)
2.4	2.1	1.7	1.6	2.1

Maintenance cost per unit time of different worker: 
(Where rows denote strategy: 1 to 4,and columns denote available worker of each strategy: 1 to 4.)
4.9	4.9	3.6	4.3
4.8	4.8	4.2	3.2
3.6	3.6	3.3	4.9
4.7	4	4.3	4.7

The weight of tardiness cost of different demand points: 
(where columns denote demand points: 1 to 100.)
4.7	3.7	5.8	3.1	3.5	4.6	5	3.1	4.4	4.1	3.3	3.2	5.6	4.1	4.9	5.3	4.8	5.5	5.9	3.2	3.9	4.6	3.4	3.8	4.8	4.8	4.6	5.9	5.2	4.7	3.6	5.8	6	4.4	4.5	3.8	4.4	4.4	5.3	4.7	4.6	3.2	6	4.1	4.7	4.9	3.5	3.6	3.4	5.6	5.4	3.1	5.4	4.8	6	3.6	3.8	3.4	3.5	5.2	3.3	4.4	3.5	3.5	3.8	3.5	3.5	3.9	5	4	3.9	3.1	3.9	3.4	5.4	3.1	5.5	4.8	3.1	3.8	4.2	5	5.2	5.3	3.5	5.4	3.9	3.6	6	4.4	5.4	5.3	5.7	5	3.9	4.5	3.2	4.8	3.1	5.1

The waste of old spare part per unit time of each distributed equipment: 
(where columns denote demand points: 1 to 100.)
5.5	6.8	6.9	7.9	5.4	6.3	6.8	5.2	5.3	5.3	7	5.1	6.7	6.8	5.7	6.2	7.7	6.1	7.3	6.9	7.8	6.4	6.1	6.1	7.6	5.5	6	7.4	7.5	5.4	7.5	6.2	7.3	7.4	7.2	6.4	5.9	7.1	7.4	7.5	5.4	5.6	6.5	6	5.6	7.6	7.8	7	5.8	5.9	5.1	6.5	5.5	7.9	7.7	6.8	7.3	5.5	6.5	6.1	5.7	6.3	6	5.7	5.1	5.5	5	7	7.3	5	5.4	6.9	6.5	6.2	5.4	6.9	6.5	5.1	6.1	6.1	7.9	7.2	6.2	6.1	7.6	7.2	8	5.4	7.7	5.9	6.6	7.1	5.5	5.8	5.9	6.5	7.5	5.4	7.1	7

shutdown cost per unit time of each distributed equipment: 
(where columns denote demand points: 1 to 100.)
23.3	23.7	20	23.5	20	22.6	21.4	22.2	21	20.2	21.1	23.6	21	21.6	22.8	24.3	24	20.9	22.4	20	22.6	21	21.7	21.2	21.3	22.5	25	21.4	22	24.3	23.3	22.1	22.7	22.5	23.5	20.5	20.5	20.4	20.3	23.2	22	21.3	20.3	20.1	24	21.9	23.5	22.9	21.4	24.4	22.2	22.4	23.3	20.1	22.4	20	21.2	21.9	23.5	21.5	22.7	20.2	23.4	21.8	20.7	21.1	22.8	23	23.2	24.8	24.4	24.8	24.7	24.2	20.3	24.8	23	21.6	22.1	24.9	21.7	24.7	22.7	24	24.8	24.8	24.7	20.9	21.9	22.2	22	23.2	20.9	20.5	23.4	23.6	21.4	21.1	23.3	20.9

Deterioration rate of each piece of equipment:
(Where columns denote distributed equipment: 1 to 100.)
1.14	1.43	1.94	1.62	1.45	1.3	1.48	1.18	1.32	1.89	1.48	1.13	1.47	1.12	1.34	1.69	1.61	1.25	1.94	1.48	1.84	1.13	1.6	1.55	1.63	1.95	1.21	1.29	1.23	1.8	1.28	1.65	1.32	1.73	1.9	1.58	1.39	1.8	1.1	1.01	1.69	1.91	1.44	1.27	1	1.07	1.96	1.41	1.54	1.83	1.24	1.47	1.24	1.37	1.56	1.32	1.86	1.38	1.64	1.29	1.05	1.81	1.18	1.25	1.23	1.2	1.21	1.94	1.95	1.76	1.66	1.88	1.23	1.82	1.87	1.59	1.98	1.28	1.36	1.56	1.23	1.99	1.64	1.87	1.67	1.74	1.64	1.9	1.37	1.08	1.99	1.07	1.7	1.94	1.65	1.84	1.76	1.6	1.11	1.36

The processing time of different types of spare parts: 
(Where rows denote machines: 1 to 5,and columns denote types: 1 to 5.)
25	26	12	21	19
11	20	22	26	12
10	15	15	24	23
11	16	15	13	21
14	24	22	26	18

The maintenance time of different workers: 
(Where rows denote strategy: 1 to 4,and columns denote available worker of each strategy: 1 to 4.)
36	38	46	36
39	43	41	49
47	44	47	30
44	43	30	33

Repair degree of different strategies: 
(Where rows denote strategy: 1 to 44.)
0.53	0.62	0.63	0.64

Quantity of spare parts of each type reserved in each warehouse: 
(where rows denote warehouses£º1 to 10,and columns denote types£º1 to 5.)
1	2	3	5
1	1	2	1
1	5
2	1
1	3	4	5
1	2	2	1
4
1
1	3	4	5
1	1	1	1

Initial due date of each order: 
(Where columns denote order: 1 to 100.)
149	152	235	174	161	149	149	188	149	149	198	215	210	149	252	192	149	244	228	234	249	149	162	233	149	233	198	149	249	170	203	149	149	226	184	149	251	233	230	149	149	221	196	149	149	245	150	200	149	149	149	149	149	149	149	230	149	149	149	149	160	181	234	180	238	161	149	176	149	149	234	149	173	177	149	149	153	226	216	161	149	149	244	205	179	149	149	200	149	149	149	250	149	149	149	219	217	149	149	212

Maintenance starting time window of each piece of equipment: 
(Where rows denote Lower and Upper bounds of Maintenance starting time window: 1 to 2,and columns denote distributed equipment: 1 to 100.)
104.3	106.4	164.5	121.8	112.7	104.3	104.3	131.6	104.3	104.3	138.6	150.5	147	104.3	176.4	134.4	104.3	170.8	159.6	163.8	174.3	104.3	113.4	163.1	104.3	163.1	138.6	104.3	174.3	119	142.1	104.3	104.3	158.2	128.8	104.3	175.7	163.1	161	104.3	104.3	154.7	137.2	104.3	104.3	171.5	105	140	104.3	104.3	104.3	104.3	104.3	104.3	104.3	161	104.3	104.3	104.3	104.3	112	126.7	163.8	126	166.6	112.7	104.3	123.2	104.3	104.3	163.8	104.3	121.1	123.9	104.3	104.3	107.1	158.2	151.2	112.7	104.3	104.3	170.8	143.5	125.3	104.3	104.3	140	104.3	104.3	104.3	175	104.3	104.3	104.3	153.3	151.9	104.3	104.3	148.4
134.1	136.8	211.5	156.6	144.9	134.1	134.1	169.2	134.1	134.1	178.2	193.5	189	134.1	226.8	172.8	134.1	219.6	205.2	210.6	224.1	134.1	145.8	209.7	134.1	209.7	178.2	134.1	224.1	153	182.7	134.1	134.1	203.4	165.6	134.1	225.9	209.7	207	134.1	134.1	198.9	176.4	134.1	134.1	220.5	135	180	134.1	134.1	134.1	134.1	134.1	134.1	134.1	207	134.1	134.1	134.1	134.1	144	162.9	210.6	162	214.2	144.9	134.1	158.4	134.1	134.1	210.6	134.1	155.7	159.3	134.1	134.1	137.7	203.4	194.4	144.9	134.1	134.1	219.6	184.5	161.1	134.1	134.1	180	134.1	134.1	134.1	225	134.1	134.1	134.1	197.1	195.3	134.1	134.1	190.8

