Number of orders: 
100

Number of factories\warehouses: 
3

Number of machines per factory: 
5

Number of types of spare parts: 
15

Number of maintenance strategies: 
4

Number of available workers per strategy: 
3

Transportation cost per unit time: 
3

Transprotation time between factories/warehouses and demand points: 
(Where rows denote factories: 1 to 3 ,and columns denote demand points: 1 to 100.)
34	74	136	75	133	68	36	36	41	95	35	146	136	146	124	70	45	138	70	110	77	115	61	94	85	98	116	64	30	62	126	75	49	142	32	75	77	57	57	55	122	49	47	57	79	123	62	49	38	66	47	53	145	53	96	64	82	130	66	42	141	133	144	82	143	61	80	83	68	146	63	72	122	31	103	139	147	74	64	72	59	139	149	125	55	79	141	107	142	87	35	104	144	125	79	33	41	51	58	44
50	49	74	35	41	143	133	88	129	111	56	56	92	33	112	128	35	94	105	85	34	101	62	144	34	103	33	120	149	77	130	45	142	46	64	135	41	93	130	48	107	91	94	57	66	135	84	121	35	37	109	100	63	123	146	89	76	49	79	82	64	40	70	36	120	135	53	65	135	125	68	139	96	43	116	132	127	74	130	136	129	82	129	140	132	70	58	106	121	52	138	148	63	136	32	108	116	42	58	132
62	131	72	112	57	83	123	33	118	58	106	61	53	110	128	94	89	87	86	114	30	118	49	109	102	116	128	55	84	108	69	128	103	85	52	51	146	136	68	112	146	147	97	81	71	37	108	99	147	73	69	42	92	78	92	134	56	36	46	89	40	81	100	57	69	145	88	88	36	127	99	143	80	35	133	39	139	64	141	122	120	51	139	66	74	56	103	149	35	114	102	101	72	77	121	145	149	106	91	62

Tranfer time of each worker between two different demand points: 
(Where rows and columns both denote demands points: 1 to 100.)
0	54	53	41	34	73	61	71	58	31	52	74	44	53	54	65	52	71	30	68	61	62	78	37	77	32	77	39	69	51	54	61	61	77	54	50	51	65	56	31	71	40	33	37	34	66	52	45	43	61	48	65	46	80	40	31	55	62	48	75	80	34	47	79	54	56	51	33	56	80	40	61	72	45	49	50	58	49	37	72	68	33	45	31	30	57	49	37	69	37	31	56	33	73	54	43	74	72	78	58
54	0	52	50	66	41	49	42	68	72	74	59	49	46	58	66	46	78	44	66	41	66	54	51	59	39	47	73	37	80	59	45	70	68	76	54	79	32	64	75	78	34	49	45	72	46	68	37	60	32	36	39	46	32	35	44	80	74	56	35	52	54	47	80	54	48	49	65	71	44	73	69	63	70	40	46	33	66	76	38	55	37	35	73	59	63	61	41	72	67	64	59	33	67	30	58	64	80	80	44
53	52	0	46	75	31	74	36	65	69	45	48	54	37	39	50	60	62	60	78	33	39	42	75	33	65	78	54	48	67	66	52	59	55	43	48	34	51	80	74	68	68	61	73	63	54	74	68	45	49	39	64	42	74	37	60	42	45	79	38	64	49	45	55	40	60	69	67	30	69	71	34	51	34	70	61	59	69	73	44	39	30	80	59	41	53	55	41	67	37	37	75	76	34	55	64	34	55	45	40
41	50	46	0	48	67	35	79	38	70	75	77	57	48	35	60	71	35	54	40	46	34	63	69	39	72	75	49	38	33	77	54	38	74	30	57	59	61	43	63	57	80	72	52	52	74	71	40	74	32	35	32	31	60	62	64	40	45	41	77	70	43	58	77	73	49	35	55	70	46	77	57	63	48	31	47	46	69	52	59	67	74	75	73	44	37	71	61	78	36	60	30	51	59	59	45	74	62	46	51
34	66	75	48	0	31	41	34	35	50	54	79	72	43	74	74	77	52	42	64	70	56	62	68	30	68	57	80	42	48	43	80	53	39	43	79	69	80	41	61	38	51	51	48	46	74	67	31	32	52	42	46	73	51	50	78	70	44	49	63	56	31	30	67	31	74	60	49	34	49	43	67	58	50	73	63	42	68	68	52	60	31	69	73	66	51	55	75	60	79	67	77	71	67	57	34	45	60	55	71
73	41	31	67	31	0	42	59	42	31	75	37	47	62	50	33	58	44	80	68	68	43	34	53	41	56	43	32	57	76	66	30	46	51	54	74	71	60	39	61	30	57	42	33	38	62	49	73	63	44	36	75	53	79	47	77	77	77	31	36	78	40	60	43	34	47	71	62	72	44	63	75	61	60	76	63	31	57	38	69	64	73	31	57	36	58	65	75	60	34	32	49	54	33	60	52	50	60	35	39
61	49	74	35	41	42	0	76	70	32	45	80	79	38	55	51	60	75	38	43	35	61	59	39	46	79	78	63	35	31	48	68	69	77	66	43	46	45	39	43	37	47	77	54	78	36	65	76	50	60	48	34	64	39	78	62	78	73	34	80	38	55	51	80	45	77	56	63	32	39	69	78	66	75	54	77	71	73	65	61	42	66	43	62	49	64	67	63	54	71	33	42	49	51	75	77	42	66	58	76
71	42	36	79	34	59	76	0	53	48	50	33	33	44	40	37	64	36	71	41	62	77	62	71	76	68	80	32	48	60	77	35	54	54	35	52	46	48	37	44	79	37	45	34	40	39	72	73	73	75	78	55	80	66	43	70	35	44	35	78	60	61	37	63	38	42	53	34	31	52	69	77	77	68	64	37	51	71	40	67	74	48	60	37	77	76	77	62	49	78	58	47	32	51	78	31	44	34	45	73
58	68	65	38	35	42	70	53	0	45	50	66	34	77	50	44	63	65	67	76	73	46	63	42	64	56	54	74	72	73	47	48	55	66	38	49	35	68	41	79	74	64	76	75	48	52	70	60	76	72	35	49	53	76	39	41	61	48	53	74	39	55	79	47	68	73	75	46	36	34	31	74	33	61	33	57	50	37	77	39	69	35	72	68	39	54	78	63	45	49	33	80	73	41	30	79	49	36	58	44
31	72	69	70	50	31	32	48	45	0	56	69	62	77	61	52	59	66	59	45	31	58	30	47	36	75	49	45	64	41	63	41	54	49	72	46	63	73	45	49	71	77	30	41	31	78	42	39	54	73	43	59	30	37	52	63	32	61	73	80	65	46	73	65	65	46	60	74	40	36	79	77	77	36	45	39	59	75	77	42	66	34	49	71	38	74	33	52	58	51	41	66	60	69	49	45	56	51	38	60
52	74	45	75	54	75	45	50	50	56	0	31	76	72	55	68	56	63	56	31	47	56	61	40	78	60	62	43	45	58	79	79	73	64	36	38	76	32	39	60	79	61	32	42	30	59	53	78	63	70	77	67	39	48	67	65	37	53	75	48	38	31	66	70	71	44	48	32	71	60	53	73	56	48	41	46	74	30	34	76	52	36	78	48	56	68	33	46	60	66	37	48	43	34	37	46	73	54	64	31
74	59	48	77	79	37	80	33	66	69	31	0	33	54	46	63	53	49	56	76	36	38	62	52	69	59	57	70	53	39	67	47	46	64	60	54	54	36	70	46	42	57	57	72	45	76	56	72	62	60	37	40	49	52	68	60	55	75	52	53	72	49	75	34	33	68	39	36	51	69	39	39	73	52	56	78	55	75	32	54	80	36	39	69	45	41	80	77	43	62	47	80	56	72	31	77	36	73	63	40
44	49	54	57	72	47	79	33	34	62	76	33	0	76	72	78	38	53	65	53	44	75	34	52	51	32	68	46	59	55	61	47	37	37	41	77	68	44	45	52	55	42	77	32	46	78	54	58	55	36	49	52	35	30	43	34	42	79	67	48	38	80	40	42	33	32	68	41	60	77	61	38	62	80	64	78	73	66	58	46	41	40	45	55	70	59	68	80	60	52	55	50	55	77	73	43	43	57	50	46
53	46	37	48	43	62	38	44	77	77	72	54	76	0	75	52	44	69	55	35	34	52	48	70	61	34	66	44	40	53	36	61	78	59	41	61	34	31	39	55	52	64	66	55	57	50	31	50	45	44	68	45	41	34	46	55	59	66	60	66	40	48	38	38	59	63	42	71	55	64	40	43	42	68	39	42	57	45	78	66	54	54	37	55	65	35	37	70	62	80	35	38	33	53	79	74	40	73	64	34
54	58	39	35	74	50	55	40	50	61	55	46	72	75	0	43	45	40	64	35	47	40	52	74	74	49	30	47	71	47	30	67	39	40	34	67	42	76	59	44	65	64	31	44	67	69	63	68	56	44	31	55	46	62	40	47	52	71	65	56	69	31	75	45	66	69	34	40	71	62	47	74	37	37	50	65	80	39	49	56	63	76	69	35	31	31	77	73	44	63	45	80	74	66	52	33	61	65	62	78
65	66	50	60	74	33	51	37	44	52	68	63	78	52	43	0	39	49	31	76	80	71	54	45	58	36	54	80	70	66	37	49	62	45	31	64	30	67	53	34	42	76	63	42	63	52	78	51	49	61	61	44	45	31	40	75	33	58	42	40	55	33	66	51	46	80	73	58	45	57	48	38	37	66	62	50	54	79	67	32	63	37	43	43	61	66	61	58	72	50	66	55	71	53	30	47	74	79	58	48
52	46	60	71	77	58	60	64	63	59	56	53	38	44	45	39	0	42	36	77	52	59	50	60	51	57	80	66	48	55	74	31	57	61	54	36	44	71	52	58	78	50	70	73	53	66	80	44	64	59	78	36	70	61	37	32	79	55	77	73	76	34	64	76	31	75	69	69	34	47	31	37	64	43	77	47	64	74	57	62	55	50	47	47	37	46	69	34	75	78	62	43	69	34	58	48	30	35	46	78
71	78	62	35	52	44	75	36	65	66	63	49	53	69	40	49	42	0	36	54	72	55	69	53	58	76	44	53	79	35	69	56	57	57	47	45	63	44	64	76	51	80	63	50	45	44	49	67	78	41	40	60	36	68	45	58	35	46	62	78	40	59	39	49	52	73	39	45	31	67	34	55	43	59	65	40	72	33	56	34	58	75	40	44	65	41	58	40	67	55	74	74	38	54	30	38	47	48	50	43
30	44	60	54	42	80	38	71	67	59	56	56	65	55	64	31	36	36	0	45	73	74	35	70	48	37	31	45	58	49	61	55	42	74	61	78	48	76	48	55	32	42	42	54	71	70	74	60	34	48	70	65	41	63	68	63	43	71	49	32	53	72	70	74	72	57	80	64	71	54	73	33	51	47	76	59	72	30	62	43	57	37	49	37	35	37	32	70	52	66	74	44	65	55	79	55	54	46	72	47
68	66	78	40	64	68	43	41	76	45	31	76	53	35	35	76	77	54	45	0	70	44	34	75	75	35	36	63	61	42	47	53	50	76	42	64	50	72	60	42	46	41	49	71	62	74	60	73	56	43	75	52	63	79	36	49	74	32	72	63	63	80	53	37	70	53	71	60	70	76	74	54	47	73	50	50	33	41	50	40	60	30	62	77	43	80	80	65	70	79	64	31	72	60	41	66	60	32	77	42
61	41	33	46	70	68	35	62	73	31	47	36	44	34	47	80	52	72	73	70	0	77	32	54	74	70	50	56	64	49	43	46	72	54	39	39	33	70	80	54	54	40	70	77	34	78	75	32	64	38	68	30	48	70	42	62	53	34	45	41	30	63	53	40	53	64	77	40	64	49	52	79	31	36	54	49	76	72	44	33	53	49	54	49	80	69	72	60	40	77	50	54	66	61	45	64	76	30	73	42
62	66	39	34	56	43	61	77	46	58	56	38	75	52	40	71	59	55	74	44	77	0	43	39	58	70	57	59	43	31	42	59	79	54	34	34	34	42	58	40	76	40	30	33	69	50	79	30	68	32	66	51	37	80	48	61	37	47	58	71	52	76	33	61	63	74	47	46	51	52	53	70	77	78	79	52	66	57	49	66	65	51	72	30	52	49	39	79	64	65	58	52	65	39	69	70	45	60	48	60
78	54	42	63	62	34	59	62	63	30	61	62	34	48	52	54	50	69	35	34	32	43	0	65	56	52	33	55	45	46	67	40	47	56	72	79	64	32	42	37	62	51	61	42	34	32	47	77	58	51	45	31	73	35	38	49	38	65	53	72	35	67	76	51	47	35	74	59	61	65	32	74	74	62	34	50	32	54	49	46	67	39	62	59	50	58	58	76	64	64	62	76	67	70	57	38	70	42	63	42
37	51	75	69	68	53	39	71	42	47	40	52	52	70	74	45	60	53	70	75	54	39	65	0	45	32	68	33	64	34	53	72	71	75	65	43	57	36	35	30	65	46	79	63	52	57	69	63	66	71	55	44	39	50	45	72	53	72	47	63	68	52	31	58	62	66	46	76	61	62	75	42	79	79	31	33	37	60	47	32	38	78	61	60	33	72	33	55	46	66	74	55	60	36	36	45	80	74	41	77
77	59	33	39	30	41	46	76	64	36	78	69	51	61	74	58	51	58	48	75	74	58	56	45	0	46	58	44	60	43	64	37	68	46	75	64	47	64	57	72	40	36	47	41	79	30	67	72	58	68	67	60	67	55	69	79	35	62	69	32	76	35	65	66	68	73	40	70	36	37	67	45	68	50	57	65	54	39	44	37	47	60	54	73	34	33	37	56	33	45	31	80	37	80	40	79	69	32	40	43
32	39	65	72	68	56	79	68	56	75	60	59	32	34	49	36	57	76	37	35	70	70	52	32	46	0	48	65	67	60	71	37	77	56	37	34	74	42	53	70	52	69	78	67	69	66	75	72	37	35	61	38	74	73	43	50	73	52	46	80	77	62	79	70	71	56	50	51	59	34	73	34	77	72	60	48	69	34	61	50	31	62	64	53	51	37	80	41	80	78	32	65	70	40	70	38	64	61	58	69
77	47	78	75	57	43	78	80	54	49	62	57	68	66	30	54	80	44	31	36	50	57	33	68	58	48	0	31	76	44	75	54	54	50	33	34	45	32	36	61	60	77	67	36	64	62	58	62	37	61	61	57	74	51	42	77	52	60	80	30	73	47	48	68	58	63	42	66	61	67	53	52	68	58	49	34	62	65	48	68	69	49	44	79	30	63	33	80	65	32	61	37	58	61	32	31	74	80	58	52
39	73	54	49	80	32	63	32	74	45	43	70	46	44	47	80	66	53	45	63	56	59	55	33	44	65	31	0	36	40	61	55	65	57	37	38	55	30	55	36	62	60	38	40	46	58	65	45	73	42	45	80	49	30	31	30	31	49	39	55	55	62	78	50	68	53	76	63	78	58	62	53	79	71	30	49	71	47	53	47	73	68	41	35	40	31	68	70	36	75	58	37	42	35	34	56	41	74	55	37
69	37	48	38	42	57	35	48	72	64	45	53	59	40	71	70	48	79	58	61	64	43	45	64	60	67	76	36	0	76	51	51	51	74	73	45	47	31	67	40	54	33	64	55	69	58	43	50	43	54	69	30	37	41	43	46	70	49	34	59	41	47	57	73	61	76	31	59	78	45	40	37	57	45	75	69	73	62	30	70	67	80	47	47	74	74	58	67	31	64	33	69	56	58	40	56	70	50	39	63
51	80	67	33	48	76	31	60	73	41	58	39	55	53	47	66	55	35	49	42	49	31	46	34	43	60	44	40	76	0	62	52	52	60	79	56	70	73	53	52	49	65	77	78	56	50	68	75	44	58	52	57	39	54	61	50	45	53	54	56	68	78	36	65	43	57	68	62	52	62	77	32	42	64	60	52	61	71	30	47	77	57	78	61	66	73	78	74	63	72	53	56	72	56	64	50	71	80	35	72
54	59	66	77	43	66	48	77	47	63	79	67	61	36	30	37	74	69	61	47	43	42	67	53	64	71	75	61	51	62	0	70	63	44	35	55	58	40	53	31	80	48	33	43	65	34	61	48	40	59	79	42	52	71	73	48	52	50	52	35	73	69	66	64	31	34	49	39	50	46	73	69	42	33	44	70	55	41	47	56	65	60	71	52	40	59	74	59	52	44	37	53	72	64	61	31	48	67	53	73
61	45	52	54	80	30	68	35	48	41	79	47	47	61	67	49	31	56	55	53	46	59	40	72	37	37	54	55	51	52	70	0	79	65	56	34	67	61	76	63	60	43	65	67	42	31	32	76	60	69	77	35	80	33	42	36	37	45	73	75	57	54	52	30	59	65	69	65	39	63	34	30	44	62	50	40	80	54	31	73	48	72	34	34	77	69	53	54	39	68	33	45	55	59	72	37	43	54	80	76
61	70	59	38	53	46	69	54	55	54	73	46	37	78	39	62	57	57	42	50	72	79	47	71	68	77	54	65	51	52	63	79	0	30	60	53	37	62	69	60	32	68	77	70	69	59	44	69	70	39	46	39	67	78	72	55	76	46	66	42	36	53	77	32	68	36	62	62	63	64	40	76	40	74	69	49	79	62	52	42	57	68	34	76	72	61	31	45	53	54	41	35	43	30	75	51	31	40	58	50
77	68	55	74	39	51	77	54	66	49	64	64	37	59	40	45	61	57	74	76	54	54	56	75	46	56	50	57	74	60	44	65	30	0	76	79	70	44	36	70	53	51	70	31	35	64	47	36	80	52	67	40	74	65	64	39	66	53	71	33	35	77	51	51	32	56	73	58	70	76	80	59	75	66	67	69	45	39	65	46	69	61	72	37	33	71	38	34	40	31	42	40	72	67	30	72	40	30	38	62
54	76	43	30	43	54	66	35	38	72	36	60	41	41	34	31	54	47	61	42	39	34	72	65	75	37	33	37	73	79	35	56	60	76	0	32	42	70	34	43	49	45	62	54	41	51	54	61	45	76	77	39	56	54	46	46	64	70	73	62	32	48	60	59	31	68	74	33	45	72	71	75	45	38	65	34	57	55	69	58	76	34	60	48	66	50	37	77	69	56	64	54	56	51	59	31	74	67	69	45
50	54	48	57	79	74	43	52	49	46	38	54	77	61	67	64	36	45	78	64	39	34	79	43	64	34	34	38	45	56	55	34	53	79	32	0	34	75	39	59	67	54	53	30	33	39	65	71	31	58	50	59	43	53	39	73	79	49	58	58	49	40	43	55	69	39	36	37	34	43	35	40	49	52	75	53	57	53	51	56	62	49	31	40	41	70	32	35	78	73	50	38	54	58	56	76	30	48	47	39
51	79	34	59	69	71	46	46	35	63	76	54	68	34	42	30	44	63	48	50	33	34	64	57	47	74	45	55	47	70	58	67	37	70	42	34	0	45	43	78	66	59	41	70	57	34	55	50	36	30	41	54	54	40	70	62	70	65	56	53	43	77	48	31	33	66	54	65	65	63	34	34	57	79	50	54	39	60	60	49	30	35	31	79	66	30	59	57	70	59	70	52	64	40	48	38	32	50	30	52
65	32	51	61	80	60	45	48	68	73	32	36	44	31	76	67	71	44	76	72	70	42	32	36	64	42	32	30	31	73	40	61	62	44	70	75	45	0	36	73	62	63	30	41	45	49	35	55	64	34	76	53	32	30	39	62	78	62	55	43	66	66	68	31	55	72	38	36	39	71	30	47	55	75	38	45	48	75	49	42	48	69	73	44	60	69	44	38	73	58	53	30	60	64	57	68	68	52	63	60
56	64	80	43	41	39	39	37	41	45	39	70	45	39	59	53	52	64	48	60	80	58	42	35	57	53	36	55	67	53	53	76	69	36	34	39	43	36	0	60	40	31	35	56	80	69	35	66	74	78	60	58	75	69	52	55	31	42	50	35	44	44	79	56	62	37	68	66	30	35	62	66	34	76	41	58	76	41	76	65	51	58	52	52	59	44	67	71	41	54	62	64	43	44	62	30	80	72	36	48
31	75	74	63	61	61	43	44	79	49	60	46	52	55	44	34	58	76	55	42	54	40	37	30	72	70	61	36	40	52	31	63	60	70	43	59	78	73	60	0	53	71	69	30	78	34	79	64	39	35	37	68	71	49	67	73	31	80	55	43	71	76	71	47	66	56	79	62	57	57	33	76	39	71	66	76	73	60	31	78	33	34	63	31	33	59	74	42	54	44	66	77	35	55	53	33	77	72	30	45
71	78	68	57	38	30	37	79	74	71	79	42	55	52	65	42	78	51	32	46	54	76	62	65	40	52	60	62	54	49	80	60	32	53	49	67	66	62	40	53	0	50	42	58	69	69	71	59	75	63	63	61	67	34	76	44	42	35	33	41	41	47	32	80	66	42	44	48	31	43	60	36	69	34	45	34	45	49	60	39	51	71	39	80	31	49	67	42	32	40	68	34	51	60	74	32	69	36	79	50
40	34	68	80	51	57	47	37	64	77	61	57	42	64	64	76	50	80	42	41	40	40	51	46	36	69	77	60	33	65	48	43	68	51	45	54	59	63	31	71	50	0	74	30	47	71	69	80	43	44	41	47	68	67	71	77	35	63	31	69	67	38	60	37	43	59	63	70	70	72	79	36	58	67	44	59	52	58	46	57	71	77	65	66	37	40	59	55	30	39	37	57	37	74	73	31	33	47	76	78
33	49	61	72	51	42	77	45	76	30	32	57	77	66	31	63	70	63	42	49	70	30	61	79	47	78	67	38	64	77	33	65	77	70	62	53	41	30	35	69	42	74	0	64	48	66	62	66	79	30	79	59	63	75	75	45	73	77	62	40	40	40	71	33	53	42	68	49	32	75	74	61	56	77	32	54	48	76	42	36	42	72	65	43	68	38	75	34	43	79	74	47	75	55	66	39	71	35	30	31
37	45	73	52	48	33	54	34	75	41	42	72	32	55	44	42	73	50	54	71	77	33	42	63	41	67	36	40	55	78	43	67	70	31	54	30	70	41	56	30	58	30	64	0	44	47	77	75	64	40	62	72	56	59	62	71	46	77	45	37	71	57	73	53	43	49	68	76	61	75	59	40	63	42	50	76	62	62	74	69	46	50	39	69	69	59	44	64	48	46	64	35	50	49	46	60	36	71	47	55
34	72	63	52	46	38	78	40	48	31	30	45	46	57	67	63	53	45	71	62	34	69	34	52	79	69	64	46	69	56	65	42	69	35	41	33	57	45	80	78	69	47	48	44	0	66	65	69	31	47	41	45	49	46	33	57	46	42	63	37	46	44	35	62	64	49	42	37	61	48	50	45	61	46	73	39	68	31	60	63	56	67	35	41	41	49	57	80	44	68	77	33	77	76	77	33	66	51	70	60
66	46	54	74	74	62	36	39	52	78	59	76	78	50	69	52	66	44	70	74	78	50	32	57	30	66	62	58	58	50	34	31	59	64	51	39	34	49	69	34	69	71	66	47	66	0	39	70	35	74	40	80	57	65	44	56	63	62	57	50	34	43	69	53	53	72	73	48	49	42	66	36	43	31	35	52	53	41	57	33	38	33	65	55	34	64	33	64	72	52	60	49	46	49	32	52	76	66	58	65
52	68	74	71	67	49	65	72	70	42	53	56	54	31	63	78	80	49	74	60	75	79	47	69	67	75	58	65	43	68	61	32	44	47	54	65	55	35	35	79	71	69	62	77	65	39	0	74	54	63	52	36	79	45	77	42	63	30	59	49	65	61	64	68	45	74	66	74	46	74	67	60	63	75	38	39	37	63	76	66	36	70	77	46	62	44	56	73	46	75	65	51	45	73	71	41	70	55	31	57
45	37	68	40	31	73	76	73	60	39	78	72	58	50	68	51	44	67	60	73	32	30	77	63	72	72	62	45	50	75	48	76	69	36	61	71	50	55	66	64	59	80	66	75	69	70	74	0	58	47	65	45	75	62	42	37	48	80	69	57	64	42	50	39	58	36	79	52	40	44	70	49	55	36	35	53	77	73	51	49	32	68	67	80	52	41	78	39	78	73	58	70	70	38	38	58	43	36	79	48
43	60	45	74	32	63	50	73	76	54	63	62	55	45	56	49	64	78	34	56	64	68	58	66	58	37	37	73	43	44	40	60	70	80	45	31	36	64	74	39	75	43	79	64	31	35	54	58	0	78	60	33	71	43	69	39	48	60	39	73	64	79	34	71	31	34	49	67	53	34	72	55	32	32	56	77	60	57	37	65	47	56	55	62	48	41	37	35	66	77	78	36	44	50	75	43	33	79	43	56
61	32	49	32	52	44	60	75	72	73	70	60	36	44	44	61	59	41	48	43	38	32	51	71	68	35	61	42	54	58	59	69	39	52	76	58	30	34	78	35	63	44	30	40	47	74	63	47	78	0	45	32	47	61	37	37	52	65	78	68	42	75	69	60	79	80	62	79	79	68	66	33	56	54	49	35	70	73	60	53	40	78	78	30	79	39	55	39	56	59	63	35	34	76	57	72	65	48	63	54
48	36	39	35	42	36	48	78	35	43	77	37	49	68	31	61	78	40	70	75	68	66	45	55	67	61	61	45	69	52	79	77	46	67	77	50	41	76	60	37	63	41	79	62	41	40	52	65	60	45	0	74	36	61	37	71	41	47	73	59	47	56	66	44	31	77	57	54	60	57	74	53	57	68	41	53	56	54	80	63	32	36	65	58	39	46	69	79	44	80	51	62	60	49	58	48	57	71	73	44
65	39	64	32	46	75	34	55	49	59	67	40	52	45	55	44	36	60	65	52	30	51	31	44	60	38	57	80	30	57	42	35	39	40	39	59	54	53	58	68	61	47	59	72	45	80	36	45	33	32	74	0	72	52	53	72	70	48	60	52	71	56	67	64	34	30	66	78	52	70	72	35	35	76	71	50	61	35	30	39	50	40	47	32	51	48	54	73	43	34	57	43	31	54	68	37	78	38	40	60
46	46	42	31	73	53	64	80	53	30	39	49	35	41	46	45	70	36	41	63	48	37	73	39	67	74	74	49	37	39	52	80	67	74	56	43	54	32	75	71	67	68	63	56	49	57	79	75	71	47	36	72	0	42	59	40	67	34	34	38	68	77	68	47	47	51	61	49	30	64	44	60	45	49	68	42	79	67	34	62	74	59	71	76	72	42	33	38	41	35	39	71	43	41	65	64	37	73	71	43
80	32	74	60	51	79	39	66	76	37	48	52	30	34	62	31	61	68	63	79	70	80	35	50	55	73	51	30	41	54	71	33	78	65	54	53	40	30	69	49	34	67	75	59	46	65	45	62	43	61	61	52	42	0	30	68	58	46	78	80	76	75	31	44	57	65	38	68	71	51	32	72	32	79	73	32	61	72	38	57	41	64	78	51	37	30	67	65	51	35	64	65	55	49	42	67	53	59	53	33
40	35	37	62	50	47	78	43	39	52	67	68	43	46	40	40	37	45	68	36	42	48	38	45	69	43	42	31	43	61	73	42	72	64	46	39	70	39	52	67	76	71	75	62	33	44	77	42	69	37	37	53	59	30	0	72	30	79	39	68	70	58	61	35	73	36	40	52	35	37	32	71	56	69	62	65	48	49	68	59	41	57	46	59	62	79	33	72	68	34	36	41	80	65	69	40	38	72	47	75
31	44	60	64	78	77	62	70	41	63	65	60	34	55	47	75	32	58	63	49	62	61	49	72	79	50	77	30	46	50	48	36	55	39	46	73	62	62	55	73	44	77	45	71	57	56	42	37	39	37	71	72	40	68	72	0	49	64	61	45	31	35	72	77	66	64	52	46	64	32	55	73	60	67	43	62	34	64	40	47	75	36	51	36	59	61	79	74	60	35	43	58	43	70	42	44	55	46	35	36
55	80	42	40	70	77	78	35	61	32	37	55	42	59	52	33	79	35	43	74	53	37	38	53	35	73	52	31	70	45	52	37	76	66	64	79	70	78	31	31	42	35	73	46	46	63	63	48	48	52	41	70	67	58	30	49	0	34	48	65	70	80	60	63	73	63	31	65	40	77	36	45	43	39	50	56	63	51	46	39	47	39	70	60	47	32	59	54	52	56	58	51	79	73	71	69	32	52	71	61
62	74	45	45	44	77	73	44	48	61	53	75	79	66	71	58	55	46	71	32	34	47	65	72	62	52	60	49	49	53	50	45	46	53	70	49	65	62	42	80	35	63	77	77	42	62	30	80	60	65	47	48	34	46	79	64	34	0	31	47	33	51	57	55	48	72	77	56	45	42	71	49	32	53	65	65	30	68	45	53	68	71	69	52	71	62	31	34	46	66	69	35	31	59	39	78	78	44	46	58
48	56	79	41	49	31	34	35	53	73	75	52	67	60	65	42	77	62	49	72	45	58	53	47	69	46	80	39	34	54	52	73	66	71	73	58	56	55	50	55	33	31	62	45	63	57	59	69	39	78	73	60	34	78	39	61	48	31	0	30	30	77	41	63	65	78	69	31	43	31	72	32	40	61	60	69	43	43	30	68	38	52	51	73	44	61	80	59	53	75	40	38	32	74	76	71	61	80	30	61
75	35	38	77	63	36	80	78	74	80	48	53	48	66	56	40	73	78	32	63	41	71	72	63	32	80	30	55	59	56	35	75	42	33	62	58	53	43	35	43	41	69	40	37	37	50	49	57	73	68	59	52	38	80	68	45	65	47	30	0	49	72	44	37	45	73	35	36	54	35	32	70	57	42	66	52	69	57	62	38	69	47	62	34	53	65	76	73	37	64	53	39	52	76	57	76	66	76	66	32
80	52	64	70	56	78	38	60	39	65	38	72	38	40	69	55	76	40	53	63	30	52	35	68	76	77	73	55	41	68	73	57	36	35	32	49	43	66	44	71	41	67	40	71	46	34	65	64	64	42	47	71	68	76	70	31	70	33	30	49	0	69	47	70	55	65	52	45	64	77	33	62	55	49	76	71	52	50	47	41	54	67	60	62	42	39	55	69	53	70	73	37	75	42	30	54	42	79	44	66
34	54	49	43	31	40	55	61	55	46	31	49	80	48	31	33	34	59	72	80	63	76	67	52	35	62	47	62	47	78	69	54	53	77	48	40	77	66	44	76	47	38	40	57	44	43	61	42	79	75	56	56	77	75	58	35	80	51	77	72	69	0	71	80	62	76	74	30	44	68	58	56	35	60	32	39	57	45	62	35	38	76	34	46	44	52	78	30	44	76	47	68	74	31	35	38	78	71	69	50
47	47	45	58	30	60	51	37	79	73	66	75	40	38	75	66	64	39	70	53	53	33	76	31	65	79	48	78	57	36	66	52	77	51	60	43	48	68	79	71	32	60	71	73	35	69	64	50	34	69	66	67	68	31	61	72	60	57	41	44	47	71	0	49	69	58	61	78	33	54	66	49	75	76	78	31	56	34	72	60	62	50	76	43	60	53	75	79	67	68	57	45	57	80	65	43	38	53	43	71
79	80	55	77	67	43	80	63	47	65	70	34	42	38	45	51	76	49	74	37	40	61	51	58	66	70	68	50	73	65	64	30	32	51	59	55	31	31	56	47	80	37	33	53	62	53	68	39	71	60	44	64	47	44	35	77	63	55	63	37	70	80	49	0	37	67	72	68	65	37	44	45	53	39	72	63	38	33	43	80	34	35	43	44	55	66	76	33	57	57	48	30	46	63	76	32	77	33	35	38
54	54	40	73	31	34	45	38	68	65	71	33	33	59	66	46	31	52	72	70	53	63	47	62	68	71	58	68	61	43	31	59	68	32	31	69	33	55	62	66	66	43	53	43	64	53	45	58	31	79	31	34	47	57	73	66	73	48	65	45	55	62	69	37	0	46	34	54	57	51	39	40	42	43	45	50	46	35	57	52	32	50	58	57	72	38	70	68	58	75	61	34	66	46	52	75	45	63	57	39
56	48	60	49	74	47	77	42	73	46	44	68	32	63	69	80	75	73	57	53	64	74	35	66	73	56	63	53	76	57	34	65	36	56	68	39	66	72	37	56	42	59	42	49	49	72	74	36	34	80	77	30	51	65	36	64	63	72	78	73	65	76	58	67	46	0	35	42	35	47	64	66	74	68	61	31	49	59	76	70	39	50	41	68	42	54	46	41	43	34	52	79	32	64	68	45	43	54	49	80
51	49	69	35	60	71	56	53	75	60	48	39	68	42	34	73	69	39	80	71	77	47	74	46	40	50	42	76	31	68	49	69	62	73	74	36	54	38	68	79	44	63	68	68	42	73	66	79	49	62	57	66	61	38	40	52	31	77	69	35	52	74	61	72	34	35	0	30	58	32	79	56	48	49	52	78	69	45	47	71	75	71	38	70	35	44	54	45	33	51	30	50	52	66	32	58	52	49	34	58
33	65	67	55	49	62	63	34	46	74	32	36	41	71	40	58	69	45	64	60	40	46	59	76	70	51	66	63	59	62	39	65	62	58	33	37	65	36	66	62	48	70	49	76	37	48	74	52	67	79	54	78	49	68	52	46	65	56	31	36	45	30	78	68	54	42	30	0	38	78	64	52	49	63	57	44	47	76	49	33	63	64	56	30	55	71	38	44	54	55	65	37	35	32	74	58	71	31	79	54
56	71	30	70	34	72	32	31	36	40	71	51	60	55	71	45	34	31	71	70	64	51	61	61	36	59	61	78	78	52	50	39	63	70	45	34	65	39	30	57	31	70	32	61	61	49	46	40	53	79	60	52	30	71	35	64	40	45	43	54	64	44	33	65	57	35	58	38	0	56	53	35	51	48	40	43	53	74	43	53	77	40	80	71	65	75	44	43	76	31	80	37	50	38	62	80	56	56	36	78
80	44	69	46	49	44	39	52	34	36	60	69	77	64	62	57	47	67	54	76	49	52	65	62	37	34	67	58	45	62	46	63	64	76	72	43	63	71	35	57	43	72	75	75	48	42	74	44	34	68	57	70	64	51	37	32	77	42	31	35	77	68	54	37	51	47	32	78	56	0	56	30	41	32	70	63	56	59	78	78	31	48	46	71	65	49	71	45	52	43	36	67	38	42	53	76	60	73	60	70
40	73	71	77	43	63	69	69	31	79	53	39	61	40	47	48	31	34	73	74	52	53	32	75	67	73	53	62	40	77	73	34	40	80	71	35	34	30	62	33	60	79	74	59	50	66	67	70	72	66	74	72	44	32	32	55	36	71	72	32	33	58	66	44	39	64	79	64	53	56	0	33	44	64	61	64	46	32	63	50	58	45	73	42	50	58	37	58	53	59	59	42	72	41	30	49	34	44	31	53
61	69	34	57	67	75	78	77	74	77	73	39	38	43	74	38	37	55	33	54	79	70	74	42	45	34	52	53	37	32	69	30	76	59	75	40	34	47	66	76	36	36	61	40	45	36	60	49	55	33	53	35	60	72	71	73	45	49	32	70	62	56	49	45	40	66	56	52	35	30	33	0	50	68	32	69	65	43	53	30	31	53	44	43	38	36	52	79	30	80	70	76	39	72	79	75	33	53	59	53
72	63	51	63	58	61	66	77	33	77	56	73	62	42	37	37	64	43	51	47	31	77	74	79	68	77	68	79	57	42	42	44	40	75	45	49	57	55	34	39	69	58	56	63	61	43	63	55	32	56	57	35	45	32	56	60	43	32	40	57	55	35	75	53	42	74	48	49	51	41	44	50	0	43	67	62	50	45	38	67	33	36	43	79	71	30	55	34	34	43	34	61	71	48	60	76	43	57	34	47
45	70	34	48	50	60	75	68	61	36	48	52	80	68	37	66	43	59	47	73	36	78	62	79	50	72	58	71	45	64	33	62	74	66	38	52	79	75	76	71	34	67	77	42	46	31	75	36	32	54	68	76	49	79	69	67	39	53	61	42	49	60	76	39	43	68	49	63	48	32	64	68	43	0	47	62	52	65	54	68	47	72	79	44	56	50	56	46	63	63	30	67	56	53	46	58	51	60	51	49
49	40	70	31	73	76	54	64	33	45	41	56	64	39	50	62	77	65	76	50	54	79	34	31	57	60	49	30	75	60	44	50	69	67	65	75	50	38	41	66	45	44	32	50	73	35	38	35	56	49	41	71	68	73	62	43	50	65	60	66	76	32	78	72	45	61	52	57	40	70	61	32	67	47	0	42	56	75	44	33	57	78	62	39	80	40	57	73	39	37	36	66	50	54	40	34	42	42	60	52
50	46	61	47	63	63	77	37	57	39	46	78	78	42	65	50	47	40	59	50	49	52	50	33	65	48	34	49	69	52	70	40	49	69	34	53	54	45	58	76	34	59	54	76	39	52	39	53	77	35	53	50	42	32	65	62	56	65	69	52	71	39	31	63	50	31	78	44	43	63	64	69	62	62	42	0	33	78	61	68	68	33	48	53	76	35	40	35	56	49	74	58	72	73	49	75	46	66	34	30
58	33	59	46	42	31	71	51	50	59	74	55	73	57	80	54	64	72	72	33	76	66	32	37	54	69	62	71	73	61	55	80	79	45	57	57	39	48	76	73	45	52	48	62	68	53	37	77	60	70	56	61	79	61	48	34	63	30	43	69	52	57	56	38	46	49	69	47	53	56	46	65	50	52	56	33	0	37	50	37	51	37	38	63	53	46	55	46	45	80	57	78	80	63	46	75	35	75	34	46
49	66	69	69	68	57	73	71	37	75	30	75	66	45	39	79	74	33	30	41	72	57	54	60	39	34	65	47	62	71	41	54	62	39	55	53	60	75	41	60	49	58	76	62	31	41	63	73	57	73	54	35	67	72	49	64	51	68	43	57	50	45	34	33	35	59	45	76	74	59	32	43	45	65	75	78	37	0	75	76	41	63	57	31	48	80	67	37	72	79	72	62	38	62	67	67	73	59	79	36
37	76	73	52	68	38	65	40	77	77	34	32	58	78	49	67	57	56	62	50	44	49	49	47	44	61	48	53	30	30	47	31	52	65	69	51	60	49	76	31	60	46	42	74	60	57	76	51	37	60	80	30	34	38	68	40	46	45	30	62	47	62	72	43	57	76	47	49	43	78	63	53	38	54	44	61	50	75	0	60	64	80	59	61	49	54	53	32	76	65	43	76	76	77	78	73	39	62	72	49
72	38	44	59	52	69	61	67	39	42	76	54	46	66	56	32	62	34	43	40	33	66	46	32	37	50	68	47	70	47	56	73	42	46	58	56	49	42	65	78	39	57	36	69	63	33	66	49	65	53	63	39	62	57	59	47	39	53	68	38	41	35	60	80	52	70	71	33	53	78	50	30	67	68	33	68	37	76	60	0	51	47	69	51	56	50	42	58	47	55	54	50	47	30	63	49	75	65	66	57
68	55	39	67	60	64	42	74	69	66	52	80	41	54	63	63	55	58	57	60	53	65	67	38	47	31	69	73	67	77	65	48	57	69	76	62	30	48	51	33	51	71	42	46	56	38	36	32	47	40	32	50	74	41	41	75	47	68	38	69	54	38	62	34	32	39	75	63	77	31	58	31	33	47	57	68	51	41	64	51	0	54	62	43	34	62	77	37	62	38	77	78	61	61	79	53	58	66	54	70
33	37	30	74	31	73	66	48	35	34	36	36	40	54	76	37	50	75	37	30	49	51	39	78	60	62	49	68	80	57	60	72	68	61	34	49	35	69	58	34	71	77	72	50	67	33	70	68	56	78	36	40	59	64	57	36	39	71	52	47	67	76	50	35	50	50	71	64	40	48	45	53	36	72	78	33	37	63	80	47	54	0	65	36	44	54	80	37	37	41	30	57	55	48	63	71	52	46	47	54
45	35	80	75	69	31	43	60	72	49	78	39	45	37	69	43	47	40	49	62	54	72	62	61	54	64	44	41	47	78	71	34	34	72	60	31	31	73	52	63	39	65	65	39	35	65	77	67	55	78	65	47	71	78	46	51	70	69	51	62	60	34	76	43	58	41	38	56	80	46	73	44	43	79	62	48	38	57	59	69	62	65	0	61	47	46	32	32	68	35	62	33	33	44	63	47	48	60	72	42
31	73	59	73	73	57	62	37	68	71	48	69	55	55	35	43	47	44	37	77	49	30	59	60	73	53	79	35	47	61	52	34	76	37	48	40	79	44	52	31	80	66	43	69	41	55	46	80	62	30	58	32	76	51	59	36	60	52	73	34	62	46	43	44	57	68	70	30	71	71	42	43	79	44	39	53	63	31	61	51	43	36	61	0	44	49	33	35	61	70	41	31	78	64	65	79	39	34	72	58
30	59	41	44	66	36	49	77	39	38	56	45	70	65	31	61	37	65	35	43	80	52	50	33	34	51	30	40	74	66	40	77	72	33	66	41	66	60	59	33	31	37	68	69	41	34	62	52	48	79	39	51	72	37	62	59	47	71	44	53	42	44	60	55	72	42	35	55	65	65	50	38	71	56	80	76	53	48	49	56	34	44	47	44	0	58	63	69	63	48	47	67	46	72	58	46	77	72	71	59
57	63	53	37	51	58	64	76	54	74	68	41	59	35	31	66	46	41	37	80	69	49	58	72	33	37	63	31	74	73	59	69	61	71	50	70	30	69	44	59	49	40	38	59	49	64	44	41	41	39	46	48	42	30	79	61	32	62	61	65	39	52	53	66	38	54	44	71	75	49	58	36	30	50	40	35	46	80	54	50	62	54	46	49	58	0	40	31	45	72	35	50	40	55	47	72	30	41	47	77
49	61	55	71	55	65	67	77	78	33	33	80	68	37	77	61	69	58	32	80	72	39	58	33	37	80	33	68	58	78	74	53	31	38	37	32	59	44	67	74	67	59	75	44	57	33	56	78	37	55	69	54	33	67	33	79	59	31	80	76	55	78	75	76	70	46	54	38	44	71	37	52	55	56	57	40	55	67	53	42	77	80	32	33	63	40	0	42	72	32	32	42	41	57	36	72	70	59	67	61
37	41	41	61	75	75	63	62	63	52	46	77	80	70	73	58	34	40	70	65	60	79	76	55	56	41	80	70	67	74	59	54	45	34	77	35	57	38	71	42	42	55	34	64	80	64	73	39	35	39	79	73	38	65	72	74	54	34	59	73	69	30	79	33	68	41	45	44	43	45	58	79	34	46	73	35	46	37	32	58	37	37	32	35	69	31	42	0	35	80	53	32	76	43	76	59	76	58	65	65
69	72	67	78	60	60	54	49	45	58	60	43	60	62	44	72	75	67	52	70	40	64	64	46	33	80	65	36	31	63	52	39	53	40	69	78	70	73	41	54	32	30	43	48	44	72	46	78	66	56	44	43	41	51	68	60	52	46	53	37	53	44	67	57	58	43	33	54	76	52	53	30	34	63	39	56	45	72	76	47	62	37	68	61	63	45	72	35	0	63	51	32	78	51	37	77	32	47	66	45
37	67	37	36	79	34	71	78	49	51	66	62	52	80	63	50	78	55	66	79	77	65	64	66	45	78	32	75	64	72	44	68	54	31	56	73	59	58	54	44	40	39	79	46	68	52	75	73	77	59	80	34	35	35	34	35	56	66	75	64	70	76	68	57	75	34	51	55	31	43	59	80	43	63	37	49	80	79	65	55	38	41	35	70	48	72	32	80	63	0	45	71	51	34	72	64	51	75	35	79
31	64	37	60	67	32	33	58	33	41	37	47	55	35	45	66	62	74	74	64	50	58	62	74	31	32	61	58	33	53	37	33	41	42	64	50	70	53	62	66	68	37	74	64	77	60	65	58	78	63	51	57	39	64	36	43	58	69	40	53	73	47	57	48	61	52	30	65	80	36	59	70	34	30	36	74	57	72	43	54	77	30	62	41	47	35	32	53	51	45	0	37	75	33	69	52	30	33	52	31
56	59	75	30	77	49	42	47	80	66	48	80	50	38	80	55	43	74	44	31	54	52	76	55	80	65	37	37	69	56	53	45	35	40	54	38	52	30	64	77	34	57	47	35	33	49	51	70	36	35	62	43	71	65	41	58	51	35	38	39	37	68	45	30	34	79	50	37	37	67	42	76	61	67	66	58	78	62	76	50	78	57	33	31	67	50	42	32	32	71	37	0	36	30	77	30	76	77	50	75
33	33	76	51	71	54	49	32	73	60	43	56	55	33	74	71	69	38	65	72	66	65	67	60	37	70	58	42	56	72	72	55	43	72	56	54	64	60	43	35	51	37	75	50	77	46	45	70	44	34	60	31	43	55	80	43	79	31	32	52	75	74	57	46	66	32	52	35	50	38	72	39	71	56	50	72	80	38	76	47	61	55	33	78	46	40	41	76	78	51	75	36	0	73	32	67	42	59	64	62
73	67	34	59	67	33	51	51	41	69	34	72	77	53	66	53	34	54	55	60	61	39	70	36	80	40	61	35	58	56	64	59	30	67	51	58	40	64	44	55	60	74	55	49	76	49	73	38	50	76	49	54	41	49	65	70	73	59	74	76	42	31	80	63	46	64	66	32	38	42	41	72	48	53	54	73	63	62	77	30	61	48	44	64	72	55	57	43	51	34	33	30	73	0	35	37	54	37	69	44
54	30	55	59	57	60	75	78	30	49	37	31	73	79	52	30	58	30	79	41	45	69	57	36	40	70	32	34	40	64	61	72	75	30	59	56	48	57	62	53	74	73	66	46	77	32	71	38	75	57	58	68	65	42	69	42	71	39	76	57	30	35	65	76	52	68	32	74	62	53	30	79	60	46	40	49	46	67	78	63	79	63	63	65	58	47	36	76	37	72	69	77	32	35	0	33	60	79	73	35
43	58	64	45	34	52	77	31	79	45	46	77	43	74	33	47	48	38	55	66	64	70	38	45	79	38	31	56	56	50	31	37	51	72	31	76	38	68	30	33	32	31	39	60	33	52	41	58	43	72	48	37	64	67	40	44	69	78	71	76	54	38	43	32	75	45	58	58	80	76	49	75	76	58	34	75	75	67	73	49	53	71	47	79	46	72	72	59	77	64	52	30	67	37	33	0	79	73	67	53
74	64	34	74	45	50	42	44	49	56	73	36	43	40	61	74	30	47	54	60	76	45	70	80	69	64	74	41	70	71	48	43	31	40	74	30	32	68	80	77	69	33	71	36	66	76	70	43	33	65	57	78	37	53	38	55	32	78	61	66	42	78	38	77	45	43	52	71	56	60	34	33	43	51	42	46	35	73	39	75	58	52	48	39	77	30	70	76	32	51	30	76	42	54	60	79	0	52	79	74
72	80	55	62	60	60	66	34	36	51	54	73	57	73	65	79	35	48	46	32	30	60	42	74	32	61	80	74	50	80	67	54	40	30	67	48	50	52	72	72	36	47	35	71	51	66	55	36	79	48	71	38	73	59	72	46	52	44	80	76	79	71	53	33	63	54	49	31	56	73	44	53	57	60	42	66	75	59	62	65	66	46	60	34	72	41	59	58	47	75	33	77	59	37	79	73	52	0	33	61
78	80	45	46	55	35	58	45	58	38	64	63	50	64	62	58	46	50	72	77	73	48	63	41	40	58	58	55	39	35	53	80	58	38	69	47	30	63	36	30	79	76	30	47	70	58	31	79	43	63	73	40	71	53	47	35	71	46	30	66	44	69	43	35	57	49	34	79	36	60	31	59	34	51	60	34	34	79	72	66	54	47	72	72	71	47	67	65	66	35	52	50	64	69	73	67	79	33	0	59
58	44	40	51	71	39	76	73	44	60	31	40	46	34	78	48	78	43	47	42	42	60	42	77	43	69	52	37	63	72	73	76	50	62	45	39	52	60	48	45	50	78	31	55	60	65	57	48	56	54	44	60	43	33	75	36	61	58	61	32	66	50	71	38	39	80	58	54	78	70	53	53	47	49	52	30	46	36	49	57	70	54	42	58	59	77	61	65	45	79	31	75	62	44	35	53	74	61	59	0

Initial health value of each distributed equipment: 
(Where columns denote demand points: 1 to 100.)
385.28	254.79	219.03	401.94	288.29	196.68	338.14	153.47	178.80	176.28	650.56	320.76	489.28	374.12	204.13	190.72	311.50	566.25	415.00	813.45	535.80	347.30	743.91	500.22	280.80	575.31	364.32	245.85	391.96	596.80	205.62	355.74	309.60	295.96	718.40	492.26	417.36	174.33	718.62	499.46	452.88	414.72	292.04	445.30	478.02	731.44	435.87	594.94	470.82	762.93	325.78	245.85	426.02	629.28	499.14	360.57	522.88	321.30	256.28	327.66	486.00	572.85	537.60	641.48	174.80	907.44	169.83	201.15	531.38	472.15	470.77	663.60	741.28	432.50	223.50	315.63	612.02	610.09	230.95	502.40	411.06	408.10	225.72	543.40	238.58	412.16	686.14	576.00	536.00	465.37	563.16	679.44	631.45	275.60	570.00	276.64	470.64	447.15	808.89	309.42

Spare parts types of different demand points: 
(where columns denote demand points: 1 to 100.)
1	8	11	2	5	6	10	9	9	9	15	4	8	6	15	8	13	8	2	1	4	14	1	15	7	7	2	4	3	14	10	14	10	15	12	2	8	15	9	2	12	4	3	2	2	12	10	14	8	11	14	13	6	14	14	12	14	2	8	6	8	15	3	3	3	10	9	3	6	14	11	14	10	14	2	6	15	8	5	9	3	6	10	13	10	11	3	3	15	6	6	2	8	1	4	9	12	8	3	14

inventory management cost per unit time of different types of orders: 
(where columns denote types of orders: 1 to 15.)
1.5	2.4	2.6	2.4	2.9	2.3	2.3	3	1.4	2	2.7	2.9	1.4	1.8	2.7

Maintenance cost per unit time of different worker: 
(Where rows denote strategy: 1 to 4,and columns denote available worker of each strategy: 1 to 3.)
3.8	3.9	4.2	4.5
4.4	4.9	4.9	4.8
4.3	3.5	4.9	4.4

The weight of tardiness cost of different demand points: 
(where columns denote demand points: 1 to 100.)
4.2	3.9	4.1	3.6	3.8	5.7	4.8	3.3	5	3.7	5.2	4.9	4.6	3.2	4.2	4.4	5.8	4.1	5.3	5.5	3.7	5.4	5.5	5.8	5.3	3.7	5.4	3.1	5	5.9	4.1	4.7	5.8	3.2	5.8	3.7	3.8	5.6	4.4	5.3	4.4	4.1	5.2	3.4	5.2	4.1	4.2	3.6	3.7	5.4	3.3	5.3	3.3	4.3	4.7	4.3	5.9	4.5	4.9	4	5.8	5.2	5.7	5.2	5.1	4.1	5.7	5.6	5.7	4.3	3.4	5.7	4.3	3.8	3.9	5.8	4.5	4.6	4.1	3.8	3.6	4.8	5	5.1	3.1	4.7	4.3	3.8	5.3	5.5	3.9	3.5	5.7	3.9	5.1	5.7	4.3	4.5	3.2	4.6

The waste of old spare part per unit time of each distributed equipment: 
(where columns denote demand points: 1 to 100.)
6.2	5.8	7.9	6.9	5.4	7.5	7.3	7	5.2	7.2	5.1	6.6	5.7	7.9	7.6	7.1	6.3	7.6	6.1	5.9	6	6.6	6.5	6.7	5.7	6.4	5.1	6.9	6	7.9	5.7	5.4	5.6	5.4	6.9	5.2	5	7.2	6.4	7.3	5.4	7.4	5.9	7.7	6.8	5.6	6	7.7	7	6.9	5.2	6.9	8	7.9	6.4	6.1	6.8	6.8	7.2	6	5.3	6.5	7.2	6.9	6.3	6.1	7.5	6.6	5.6	7.3	7.8	5.8	6.9	7.1	5.8	7.3	7	6.3	6.5	6.2	5.6	6.7	5.3	7.3	6.2	6.1	6	6.6	5.6	6.5	5.9	5.9	5.5	5.4	5.3	7.5	7	7.6	7	5.4

shutdown cost per unit time of each distributed equipment: 
(where columns denote demand points: 1 to 100.)
22.7	20.2	24.1	21.6	23	23.6	20.6	23.4	24.6	21.8	21.9	24.3	24.8	20	23.4	20.4	25	22.5	24.3	23.8	21.4	23.9	21.8	24.7	20.6	23.9	22.9	22.5	24.4	22.5	23.6	24.4	21.8	20.7	20.1	21.5	22.7	21.1	22.9	24.1	20.2	20.7	23.5	20.2	20.8	22.7	23.8	22.7	21.7	23	20.2	23.5	24.3	23.6	24.2	24.7	25	23.1	22.5	21.1	24.6	20.6	22.8	20.2	20.9	20.8	22.7	21.9	20.5	24.2	22.8	24	21.6	20.9	22.3	23	23.1	21.9	22.6	22.9	21	21.7	21.2	21.9	22.3	23.8	21.1	20.7	22.1	21.5	21.1	24.8	24.4	22.5	20.8	22.5	22.3	22.5	23.3	22.5

Deterioration rate of each piece of equipment:
(Where columns denote distributed equipment: 1 to 100.)
1.72	1.71	1.47	1.98	1.27	1.32	1.06	1.03	1.2	1.13	1.52	1.98	1.39	1.99	1.37	1.28	1.78	1.25	1.25	1.87	1.88	1.15	1.81	1.26	1.3	1.27	1.32	1.65	1.64	1.6	1.38	1.54	1.8	1.51	1.6	1.51	1.41	1.17	1.74	1.13	1.02	1.08	1.96	1.22	1.86	1.64	1.67	1.97	1.18	1.73	1.82	1.65	1.19	1.71	1.41	1.01	1.52	1.53	1.72	1.27	1.35	1.71	1.28	1.58	1.15	1.99	1.11	1.35	1.63	1.33	1.79	1.68	1.64	1.73	1.5	1.67	1.42	1.69	1.55	1.6	1.02	1.54	1.08	1.43	1.51	1.84	1.69	1.44	1.34	1.73	1.56	1.49	1.73	1.06	1.52	1.82	1.48	1.65	1.77	1.62

The processing time of different types of spare parts: 
(Where rows denote machines: 1 to 5,and columns denote types: 1 to 15.)
16	24	10	16	19	29	24	24	27	29	24	19	12	14	22
29	17	18	14	24	18	14	14	21	11	18	12	28	10	21
16	16	28	11	10	10	23	21	14	26	28	17	14	22	24
26	29	15	25	27	21	16	27	20	25	12	24	25	26	19
19	13	23	24	23	22	16	12	25	18	13	18	26	13	16

The maintenance time of different workers: 
(Where rows denote strategy: 1 to 4,and columns denote available worker of each strategy: 1 to 3.)
48	35	35	39
32	31	31	34
42	41	34	44

Repair degree of different strategies: 
(Where rows denote strategy: 1 to 43.)
0.52	0.69	0.56	0.61

Quantity of spare parts of each type reserved in each warehouse: 
(where rows denote warehouses£º1 to 6,and columns denote types£º1 to 15.)
1	2	3	4	5	6	7	10	11	15
1	1	1	1	1	2	1	1	1	1
4	5	8	11	13	14
2	1	1	1	3	1
6	8	13	15
1	1	2	1

Initial due date of each order: 
(Where columns denote order: 1 to 100.)
224	149	149	203	227	149	319	149	149	156	428	162	352	188	149	149	175	453	332	435	285	302	411	397	216	453	276	149	239	373	149	231	172	196	449	326	296	149	413	442	444	384	149	365	257	446	261	302	399	441	179	149	358	368	354	357	344	210	149	258	360	335	420	406	152	456	153	149	326	355	263	395	452	250	149	189	431	361	149	314	403	265	209	380	158	224	406	400	400	269	361	456	365	260	375	152	318	271	457	191

Maintenance starting time window of each piece of equipment: 
(Where rows denote Lower and Upper bounds of Maintenance starting time window: 1 to 2,and columns denote distributed equipment: 1 to 100.)
156.8	104.3	104.3	142.1	158.9	104.3	223.3	104.3	104.3	109.2	299.6	113.4	246.4	131.6	104.3	104.3	122.5	317.1	232.4	304.5	199.5	211.4	287.7	277.9	151.2	317.1	193.2	104.3	167.3	261.1	104.3	161.7	120.4	137.2	314.3	228.2	207.2	104.3	289.1	309.4	310.8	268.8	104.3	255.5	179.9	312.2	182.7	211.4	279.3	308.7	125.3	104.3	250.6	257.6	247.8	249.9	240.8	147	104.3	180.6	252	234.5	294	284.2	106.4	319.2	107.1	104.3	228.2	248.5	184.1	276.5	316.4	175	104.3	132.3	301.7	252.7	104.3	219.8	282.1	185.5	146.3	266	110.6	156.8	284.2	280	280	188.3	252.7	319.2	255.5	182	262.5	106.4	222.6	189.7	319.9	133.7
201.6	134.1	134.1	182.7	204.3	134.1	287.1	134.1	134.1	140.4	385.2	145.8	316.8	169.2	134.1	134.1	157.5	407.7	298.8	391.5	256.5	271.8	369.9	357.3	194.4	407.7	248.4	134.1	215.1	335.7	134.1	207.9	154.8	176.4	404.1	293.4	266.4	134.1	371.7	397.8	399.6	345.6	134.1	328.5	231.3	401.4	234.9	271.8	359.1	396.9	161.1	134.1	322.2	331.2	318.6	321.3	309.6	189	134.1	232.2	324	301.5	378	365.4	136.8	410.4	137.7	134.1	293.4	319.5	236.7	355.5	406.8	225	134.1	170.1	387.9	324.9	134.1	282.6	362.7	238.5	188.1	342	142.2	201.6	365.4	360	360	242.1	324.9	410.4	328.5	234	337.5	136.8	286.2	243.9	411.3	171.9

