Number of orders: 
100

Number of factories\warehouses: 
5

Number of machines per factory: 
8

Number of types of spare parts: 
5

Number of maintenance strategies: 
3

Number of available workers per strategy: 
4

Transportation cost per unit time: 
3

Transprotation time between factories/warehouses and demand points: 
(Where rows denote factories: 1 to 5 ,and columns denote demand points: 1 to 100.)
74	108	130	39	112	63	126	142	148	60	88	66	142	95	89	59	122	66	35	122	144	105	47	148	108	53	130	53	148	141	40	69	126	70	126	111	65	48	99	59	115	135	75	62	95	39	66	124	58	35	74	119	101	99	94	91	127	88	134	71	121	122	113	107	138	147	99	113	58	71	78	103	104	40	121	108	131	86	122	121	125	137	123	148	38	112	67	73	103	71	35	57	127	65	99	85	57	49	128	117
101	76	136	32	59	33	88	85	140	149	71	69	104	88	35	122	135	95	149	148	37	132	75	94	84	52	92	124	106	36	128	31	142	97	104	74	71	104	55	95	113	34	103	131	72	77	32	92	100	107	133	74	148	60	38	140	38	76	92	60	95	85	114	63	93	109	69	48	112	128	41	62	103	106	62	142	132	39	80	65	104	40	120	58	39	117	83	113	138	34	82	58	121	148	91	74	69	33	97	53
140	38	141	32	125	53	88	35	56	113	125	50	32	140	48	55	54	39	58	128	100	135	43	54	147	52	52	111	95	108	141	147	54	145	91	88	45	111	31	36	105	45	66	70	109	56	65	148	71	107	106	31	112	58	137	131	34	106	61	30	135	49	110	52	31	93	53	88	105	109	45	114	98	74	115	79	42	57	140	105	130	43	30	127	130	135	96	95	128	53	67	99	131	98	55	138	143	109	70	55
101	111	105	133	148	144	118	32	73	53	95	128	69	116	57	96	98	95	125	61	86	138	41	87	58	81	143	132	144	74	141	120	117	114	138	63	41	76	66	37	75	60	47	146	125	94	147	104	113	88	45	68	147	114	45	138	93	67	110	35	90	76	126	90	144	107	129	66	80	69	110	86	138	48	89	32	41	138	116	110	37	90	148	105	108	36	86	121	56	103	120	87	40	42	86	114	123	93	140	36
99	36	116	49	117	49	74	63	47	148	30	45	47	91	148	33	106	39	148	105	147	42	34	31	42	80	129	125	82	65	59	97	43	75	63	134	115	120	99	104	114	117	47	90	145	123	116	34	146	68	92	147	74	97	52	54	123	85	141	137	84	78	125	144	45	91	148	115	61	123	71	62	104	77	40	129	76	141	147	134	82	91	75	122	123	34	80	115	47	63	70	33	87	51	148	133	135	30	90	70

Tranfer time of each worker between two different demand points: 
(Where rows and columns both denote demands points: 1 to 100.)
0	48	64	65	43	73	30	42	63	44	69	63	67	73	56	38	41	49	38	32	32	35	52	43	43	78	52	78	69	73	56	45	56	54	42	70	46	53	68	33	45	64	52	42	79	55	52	59	42	54	65	53	65	40	46	32	58	42	76	51	32	39	74	30	61	62	68	75	73	79	30	44	64	38	64	37	55	69	68	40	58	33	36	66	54	55	38	40	64	61	71	62	80	68	69	40	78	42	62	48
48	0	71	36	72	71	38	31	57	40	65	79	49	70	30	41	51	71	62	66	49	37	65	62	35	53	63	74	37	78	58	33	63	53	65	45	40	42	48	42	55	42	51	47	36	57	61	33	33	50	63	78	67	64	33	73	53	70	67	52	77	65	72	59	75	60	52	61	71	38	53	58	40	67	42	74	64	72	31	72	35	37	61	53	49	75	42	61	58	54	67	48	49	31	48	68	60	79	78	66
64	71	0	78	76	76	50	65	33	73	36	50	56	35	51	47	63	41	76	52	40	64	80	43	76	34	69	46	70	45	48	47	58	41	42	51	37	49	62	44	58	52	76	42	71	58	59	43	54	66	34	35	53	74	69	54	31	50	33	51	31	53	31	67	60	65	68	40	59	38	66	76	60	51	46	61	78	68	55	62	74	51	39	67	39	43	53	80	68	44	44	67	50	49	45	71	79	72	67	32
65	36	78	0	31	45	67	73	43	74	31	50	57	79	80	60	63	35	42	44	46	45	34	34	41	62	51	72	62	56	42	69	52	43	45	79	69	56	59	70	31	73	42	31	44	46	79	44	44	47	41	63	70	48	61	72	73	47	58	62	49	49	47	36	36	65	77	67	73	44	61	32	60	80	72	59	55	72	58	48	34	50	43	70	64	69	65	41	69	33	48	50	65	37	73	33	80	53	49	74
43	72	76	31	0	80	71	54	33	60	52	73	39	68	78	63	75	71	55	79	52	44	67	51	43	62	67	60	46	30	67	77	49	73	75	72	32	51	38	79	72	48	42	59	57	65	66	53	49	44	53	31	45	46	79	68	57	36	40	61	78	67	80	50	50	47	30	70	60	50	76	62	34	73	74	38	53	62	76	77	71	33	55	56	60	42	68	54	53	59	30	55	45	39	36	40	64	77	41	66
73	71	76	45	80	0	43	67	40	51	67	70	43	76	66	37	50	79	36	30	33	76	41	45	80	34	61	36	80	74	61	42	68	45	56	77	57	66	52	59	38	76	41	73	45	77	30	80	58	56	56	76	74	72	59	40	62	55	41	60	42	30	49	42	30	80	41	56	67	48	71	78	76	77	31	68	32	52	40	66	37	75	77	48	40	32	68	43	64	35	40	77	37	76	48	48	43	51	73	62
30	38	50	67	71	43	0	33	69	66	59	63	58	62	33	58	65	42	66	31	70	59	44	43	46	56	60	62	31	56	30	72	39	30	58	43	31	51	36	80	34	45	38	59	69	63	57	53	49	35	68	46	52	38	61	30	40	69	31	67	51	69	71	57	48	67	37	62	34	53	70	38	76	30	44	39	37	34	73	66	38	54	69	39	32	76	80	62	57	80	73	65	69	40	44	30	59	61	71	65
42	31	65	73	54	67	33	0	79	79	72	55	50	74	59	79	34	62	66	30	57	77	45	46	57	44	60	76	35	50	34	55	66	40	32	59	74	74	68	68	48	44	30	79	78	40	51	80	74	36	49	57	51	43	38	34	74	57	35	69	48	78	51	36	34	62	41	66	73	49	32	71	34	49	74	56	30	75	39	34	64	80	31	51	43	49	30	57	32	77	46	56	34	78	39	34	48	30	79	67
63	57	33	43	33	40	69	79	0	61	33	38	38	76	76	36	64	69	45	53	51	50	53	59	35	37	65	73	76	57	38	74	44	60	74	46	37	49	38	65	72	43	50	74	70	36	73	76	37	62	72	39	70	78	58	74	65	30	30	44	31	79	60	39	47	78	79	31	39	62	74	73	34	45	71	47	37	46	39	75	38	56	46	62	77	61	77	33	68	55	45	41	72	39	60	30	51	51	73	68
44	40	73	74	60	51	66	79	61	0	72	36	68	68	67	41	62	39	66	74	68	60	73	38	64	47	35	51	44	73	36	68	75	65	47	51	68	60	34	73	79	44	62	70	32	75	46	48	76	78	46	74	79	70	56	63	78	80	32	72	34	58	61	30	39	79	31	40	80	46	49	53	30	41	57	67	80	35	58	66	34	59	49	32	33	30	61	69	36	50	75	69	61	53	60	49	30	58	37	68
69	65	36	31	52	67	59	72	33	72	0	40	58	32	54	71	35	74	39	51	50	36	36	66	74	76	52	71	70	69	61	44	34	57	69	73	71	43	36	46	57	30	36	79	67	68	59	61	57	78	58	30	52	47	38	58	48	52	39	66	68	30	71	31	40	67	49	45	79	54	68	41	71	42	64	46	60	31	57	65	47	55	78	79	46	34	43	77	54	62	49	49	30	75	50	58	61	70	71	60
63	79	50	50	73	70	63	55	38	36	40	0	55	76	80	57	78	46	44	54	34	80	32	48	69	31	77	39	43	52	78	36	59	77	46	62	45	52	64	48	53	56	72	48	68	53	58	36	31	61	40	47	46	31	41	52	59	78	70	69	44	37	41	52	79	65	31	62	35	53	59	69	79	69	46	33	46	62	46	65	78	58	52	69	63	37	50	65	74	67	54	69	57	31	57	68	63	43	60	47
67	49	56	57	39	43	58	50	38	68	58	55	0	35	76	55	50	33	77	71	67	63	43	42	32	37	47	52	37	45	61	49	67	35	57	75	40	71	47	64	63	71	45	32	53	44	75	70	56	45	41	75	33	40	41	45	78	30	54	49	68	39	36	47	35	70	51	34	69	53	49	37	40	48	80	50	77	78	31	30	37	67	41	40	69	79	37	68	64	54	50	68	51	63	47	45	57	33	61	50
73	70	35	79	68	76	62	74	76	68	32	76	35	0	43	35	38	43	65	75	63	36	45	51	52	45	74	49	75	78	71	30	32	43	34	71	42	34	50	34	35	65	58	72	53	79	54	38	61	36	58	63	35	57	37	38	72	60	67	72	48	45	59	51	38	69	57	53	43	32	64	30	60	48	59	36	80	76	75	35	72	39	51	56	34	50	44	36	79	34	76	37	35	35	51	58	45	39	42	77
56	30	51	80	78	66	33	59	76	67	54	80	76	43	0	52	59	50	76	32	36	47	50	69	71	54	49	73	55	61	63	50	39	39	63	61	54	72	70	47	60	31	67	64	30	55	51	44	57	69	36	54	44	58	46	74	66	60	30	37	39	53	34	30	30	57	68	63	53	45	45	33	50	73	32	39	62	73	36	47	46	54	54	55	46	75	61	52	68	44	51	46	65	68	61	49	56	68	46	39
38	41	47	60	63	37	58	79	36	41	71	57	55	35	52	0	35	42	60	48	62	44	47	80	72	40	54	80	77	78	52	74	74	50	43	63	52	54	80	58	75	63	38	40	48	35	66	50	70	42	79	43	32	47	68	70	50	57	42	33	59	46	60	68	40	60	78	33	67	68	62	31	43	59	77	51	51	52	44	53	51	56	61	38	64	46	57	63	57	72	61	62	71	55	72	66	41	47	30	53
41	51	63	63	75	50	65	34	64	62	35	78	50	38	59	35	0	79	63	49	67	53	66	65	42	49	57	36	66	33	79	79	39	49	79	60	70	53	50	40	37	57	30	78	56	31	76	51	40	69	72	54	68	72	78	73	62	39	75	45	30	61	48	34	67	75	70	54	30	55	50	54	74	52	42	76	59	62	67	57	35	37	31	60	47	68	54	31	31	79	72	33	37	48	67	66	49	31	59	46
49	71	41	35	71	79	42	62	69	39	74	46	33	43	50	42	79	0	43	58	62	47	45	66	72	47	74	55	32	47	45	31	44	36	32	65	80	75	32	32	35	44	64	61	65	46	34	56	66	73	33	59	67	38	45	74	40	42	61	77	44	65	78	57	33	67	68	38	33	38	66	74	55	51	73	42	61	39	37	33	64	32	72	64	31	77	44	69	73	61	62	63	52	67	58	36	54	40	44	64
38	62	76	42	55	36	66	66	45	66	39	44	77	65	76	60	63	43	0	39	79	57	68	31	38	45	43	54	62	79	49	34	48	46	39	76	57	73	72	75	34	43	70	54	40	31	68	54	54	31	48	55	58	75	75	39	78	30	46	33	33	76	65	49	35	38	34	40	68	47	31	75	30	66	64	78	41	69	70	39	59	39	59	42	33	73	33	51	67	46	65	77	38	56	50	31	64	72	60	37
32	66	52	44	79	30	31	30	53	74	51	54	71	75	32	48	49	58	39	0	32	44	62	71	35	43	53	64	51	43	35	70	50	52	68	61	43	43	37	44	51	46	78	58	60	77	72	67	51	56	68	56	36	47	40	48	38	74	68	35	57	45	78	50	58	32	61	31	64	30	32	33	64	53	59	54	69	42	77	52	49	39	78	69	45	46	38	32	67	72	32	58	71	48	78	52	40	34	54	53
32	49	40	46	52	33	70	57	51	68	50	34	67	63	36	62	67	62	79	32	0	39	61	80	62	50	75	76	54	53	65	75	33	61	35	39	54	37	34	65	75	36	47	74	42	44	66	77	51	49	39	61	64	76	65	51	76	59	59	38	31	34	59	73	65	73	70	39	64	50	71	65	64	47	75	79	55	71	57	67	56	55	55	80	70	53	62	73	45	45	43	79	77	37	63	35	40	57	68	31
35	37	64	45	44	76	59	77	50	60	36	80	63	36	47	44	53	47	57	44	39	0	72	40	37	55	57	51	53	42	71	49	68	57	56	48	46	47	70	55	47	32	56	54	71	32	80	70	30	66	77	71	67	35	58	38	71	57	51	45	56	57	62	78	53	62	66	57	30	45	39	33	42	48	70	78	46	50	47	73	58	44	68	78	75	59	32	46	40	74	57	63	79	61	45	42	68	57	51	54
52	65	80	34	67	41	44	45	53	73	36	32	43	45	50	47	66	45	68	62	61	72	0	56	34	36	41	64	53	34	57	39	35	59	34	45	71	40	36	62	57	48	43	45	60	59	32	38	68	46	40	46	69	52	34	53	52	34	64	44	49	36	51	40	51	78	64	65	47	51	39	35	55	76	69	35	59	78	77	63	51	33	64	31	66	79	66	31	43	35	36	57	57	71	48	75	41	67	62	54
43	62	43	34	51	45	43	46	59	38	66	48	42	51	69	80	65	66	31	71	80	40	56	0	32	78	72	48	54	32	63	66	50	41	62	55	32	77	37	57	41	75	68	63	38	53	45	64	70	46	72	39	50	41	53	35	71	76	62	73	75	35	72	70	75	44	34	37	63	53	64	37	32	65	30	62	62	63	58	67	79	47	71	39	67	37	54	61	60	49	40	41	76	63	39	59	67	70	35	41
43	35	76	41	43	80	46	57	35	64	74	69	32	52	71	72	42	72	38	35	62	37	34	32	0	76	51	34	32	65	52	67	57	47	73	69	75	34	33	61	73	52	76	57	52	61	41	32	35	51	35	71	44	38	67	75	62	65	66	35	57	39	56	49	51	56	61	49	45	54	58	79	74	31	36	75	73	66	52	57	70	39	80	42	75	74	75	32	40	48	58	38	34	62	30	47	34	58	77	55
78	53	34	62	62	34	56	44	37	47	76	31	37	45	54	40	49	47	45	43	50	55	36	78	76	0	79	53	36	65	45	52	61	68	48	35	32	50	57	63	35	67	57	47	77	36	74	55	42	74	71	68	77	55	32	32	57	35	56	65	62	42	64	59	57	72	76	65	37	80	44	60	74	63	75	47	70	73	51	67	36	72	48	44	50	67	78	70	57	55	38	77	63	79	63	60	46	68	53	35
52	63	69	51	67	61	60	60	65	35	52	77	47	74	49	54	57	74	43	53	75	57	41	72	51	79	0	75	39	33	68	61	75	55	55	35	30	36	50	64	63	58	59	51	73	46	56	54	41	60	48	51	43	69	36	33	52	52	69	56	38	49	74	77	77	42	50	45	72	66	57	70	79	68	80	59	32	43	64	52	46	54	41	30	51	34	49	34	59	52	55	73	76	67	72	75	30	37	74	39
78	74	46	72	60	36	62	76	73	51	71	39	52	49	73	80	36	55	54	64	76	51	64	48	34	53	75	0	33	47	37	78	46	65	66	67	79	75	68	40	63	61	64	37	44	42	42	61	33	40	54	63	59	62	52	79	43	39	42	57	69	63	68	68	70	69	71	55	41	79	67	71	53	47	69	69	34	48	73	57	72	57	35	64	80	30	57	62	60	55	62	52	69	65	54	69	38	58	75	59
69	37	70	62	46	80	31	35	76	44	70	43	37	75	55	77	66	32	62	51	54	53	53	54	32	36	39	33	0	41	44	72	52	34	66	54	65	46	73	37	46	48	41	53	48	78	46	37	60	33	51	52	40	61	74	45	67	48	60	31	58	49	56	63	51	57	75	56	53	69	66	57	79	65	67	77	34	53	36	32	52	35	34	64	49	45	34	80	63	54	58	39	80	76	63	66	75	53	50	41
73	78	45	56	30	74	56	50	57	73	69	52	45	78	61	78	33	47	79	43	53	42	34	32	65	65	33	47	41	0	54	36	61	37	49	62	37	35	51	44	54	30	35	56	32	42	50	72	70	45	41	38	75	76	74	38	47	53	40	44	75	52	77	68	44	44	62	65	59	45	46	45	33	78	71	64	67	71	59	75	44	62	48	79	52	69	46	58	59	38	49	71	32	42	52	49	33	35	44	43
56	58	48	42	67	61	30	34	38	36	61	78	61	71	63	52	79	45	49	35	65	71	57	63	52	45	68	37	44	54	0	78	54	38	55	63	48	38	30	42	66	38	35	75	47	68	43	73	75	53	50	38	51	79	34	71	76	67	57	43	54	72	72	33	71	42	64	54	80	73	59	65	47	44	66	46	69	53	75	50	61	46	41	60	36	77	42	45	58	74	76	64	53	34	64	63	63	72	68	73
45	33	47	69	77	42	72	55	74	68	44	36	49	30	50	74	79	31	34	70	75	49	39	66	67	52	61	78	72	36	78	0	59	68	60	63	69	42	36	59	76	35	53	80	80	60	56	67	53	35	58	39	51	69	38	56	37	71	70	48	56	48	71	73	76	39	66	33	57	41	59	31	44	63	42	58	51	76	34	34	31	54	38	73	38	68	43	55	46	49	60	59	57	62	35	47	37	55	66	56
56	63	58	52	49	68	39	66	44	75	34	59	67	32	39	74	39	44	48	50	33	68	35	50	57	61	75	46	52	61	54	59	0	62	47	43	44	54	44	62	32	51	63	72	44	78	75	62	53	66	46	64	75	73	31	65	70	39	45	60	69	65	36	75	56	71	45	59	62	43	39	37	32	61	65	33	70	49	71	50	30	77	51	71	69	31	54	52	51	41	67	51	47	42	33	33	46	43	80	49
54	53	41	43	73	45	30	40	60	65	57	77	35	43	39	50	49	36	46	52	61	57	59	41	47	68	55	65	34	37	38	68	62	0	73	34	46	30	56	71	76	62	46	59	37	40	60	70	34	80	51	34	42	57	45	70	71	45	49	55	42	38	64	72	77	74	54	54	73	47	40	47	64	50	34	39	42	50	75	39	30	65	43	50	51	41	48	50	75	43	63	32	78	77	75	80	79	37	41	57
42	65	42	45	75	56	58	32	74	47	69	46	57	34	63	43	79	32	39	68	35	56	34	62	73	48	55	66	66	49	55	60	47	73	0	68	48	53	50	50	54	60	63	37	61	42	50	76	42	31	70	77	57	48	39	66	52	41	73	78	74	79	57	30	76	34	41	73	50	55	74	62	36	64	61	76	38	59	35	66	48	48	36	59	51	69	71	37	36	51	59	53	36	32	74	36	57	40	67	62
70	45	51	79	72	77	43	59	46	51	73	62	75	71	61	63	60	65	76	61	39	48	45	55	69	35	35	67	54	62	63	63	43	34	68	0	79	50	39	44	58	47	79	72	63	51	43	39	37	34	56	52	70	49	78	32	53	34	68	60	43	62	32	50	35	61	59	65	35	31	30	78	78	55	71	74	72	39	66	60	76	79	40	30	73	72	34	64	44	42	33	77	60	52	49	33	33	41	42	62
46	40	37	69	32	57	31	74	37	68	71	45	40	42	54	52	70	80	57	43	54	46	71	32	75	32	30	79	65	37	48	69	44	46	48	79	0	69	62	57	37	53	71	36	71	52	48	65	72	49	49	62	64	78	35	76	64	47	43	56	33	58	53	73	34	78	80	64	60	51	49	35	46	47	58	72	54	40	38	62	43	50	43	40	42	40	64	75	41	30	51	41	69	77	52	40	38	42	55	74
53	42	49	56	51	66	51	74	49	60	43	52	71	34	72	54	53	75	73	43	37	47	40	77	34	50	36	75	46	35	38	42	54	30	53	50	69	0	74	39	34	31	40	46	70	37	71	45	76	58	80	43	45	30	44	50	49	77	55	45	78	32	45	58	75	57	57	35	50	38	63	66	38	39	68	40	75	67	48	54	75	51	54	77	55	56	59	62	48	56	47	52	75	68	45	30	34	46	70	54
68	48	62	59	38	52	36	68	38	34	36	64	47	50	70	80	50	32	72	37	34	70	36	37	33	57	50	68	73	51	30	36	44	56	50	39	62	74	0	61	62	41	73	69	60	51	78	58	42	47	63	63	36	51	33	33	32	78	57	60	71	57	78	59	80	74	52	57	65	64	65	68	48	49	31	30	37	69	40	74	57	60	71	47	79	74	41	31	66	61	41	47	63	75	61	68	73	65	53	64
33	42	44	70	79	59	80	68	65	73	46	48	64	34	47	58	40	32	75	44	65	55	62	57	61	63	64	40	37	44	42	59	62	71	50	44	57	39	61	0	59	63	62	35	66	60	50	42	70	37	53	79	43	61	53	64	42	76	53	73	67	33	54	40	46	35	66	75	62	60	40	38	49	40	76	79	63	55	45	48	66	34	58	41	34	37	66	44	70	65	44	80	49	73	69	34	42	64	58	56
45	55	58	31	72	38	34	48	72	79	57	53	63	35	60	75	37	35	34	51	75	47	57	41	73	35	63	63	46	54	66	76	32	76	54	58	37	34	62	59	0	63	43	63	51	72	32	44	73	74	73	44	49	51	80	72	30	52	33	44	63	41	44	66	56	54	35	59	57	64	40	33	33	74	61	35	63	80	72	77	75	46	62	70	35	64	61	58	66	73	57	40	72	37	37	30	36	53	56	67
64	42	52	73	48	76	45	44	43	44	30	56	71	65	31	63	57	44	43	46	36	32	48	75	52	67	58	61	48	30	38	35	51	62	60	47	53	31	41	63	63	0	58	32	36	69	66	38	60	37	63	67	71	43	54	66	48	59	33	46	72	65	55	41	50	32	65	50	52	41	47	53	40	61	66	34	75	51	74	45	66	64	57	61	75	34	43	32	51	76	79	64	38	57	72	47	72	34	32	73
52	51	76	42	42	41	38	30	50	62	36	72	45	58	67	38	30	64	70	78	47	56	43	68	76	57	59	64	41	35	35	53	63	46	63	79	71	40	73	62	43	58	0	58	77	75	32	64	74	64	56	53	65	38	54	57	61	78	73	36	33	73	30	39	65	34	54	46	57	59	74	65	58	32	37	36	40	38	43	48	32	58	44	77	56	61	67	44	42	71	38	76	60	61	48	62	37	35	63	53
42	47	42	31	59	73	59	79	74	70	79	48	32	72	64	40	78	61	54	58	74	54	45	63	57	47	51	37	53	56	75	80	72	59	37	72	36	46	69	35	63	32	58	0	71	51	45	68	73	68	62	63	62	48	60	47	75	77	74	37	75	76	61	56	66	46	33	40	50	60	61	40	41	62	71	73	38	61	51	63	69	66	35	67	33	73	32	38	79	47	66	68	61	65	31	30	41	30	53	44
79	36	71	44	57	45	69	78	70	32	67	68	53	53	30	48	56	65	40	60	42	71	60	38	52	77	73	44	48	32	47	80	44	37	61	63	71	70	60	66	51	36	77	71	0	75	56	47	30	64	41	77	69	54	31	78	54	36	79	72	31	71	66	75	33	32	79	66	70	31	58	58	42	67	46	73	48	65	68	70	73	46	38	65	33	75	30	55	36	59	75	46	69	63	44	73	33	34	30	71
55	57	58	46	65	77	63	40	36	75	68	53	44	79	55	35	31	46	31	77	44	32	59	53	61	36	46	42	78	42	68	60	78	40	42	51	52	37	51	60	72	69	75	51	75	0	39	38	47	59	65	77	35	69	33	79	36	35	71	43	49	48	66	37	38	50	41	44	68	41	59	66	53	37	61	75	64	80	33	69	54	41	48	32	42	39	72	63	44	65	63	52	65	34	36	46	69	34	71	39
52	61	59	79	66	30	57	51	73	46	59	58	75	54	51	66	76	34	68	72	66	80	32	45	41	74	56	42	46	50	43	56	75	60	50	43	48	71	78	50	32	66	32	45	56	39	0	63	77	67	61	80	30	47	62	60	52	50	33	38	36	44	35	56	63	37	74	61	78	44	44	32	51	74	60	63	59	79	60	49	71	73	31	74	30	40	71	50	73	80	59	60	56	56	79	31	77	76	77	76
59	33	43	44	53	80	53	80	76	48	61	36	70	38	44	50	51	56	54	67	77	70	38	64	32	55	54	61	37	72	73	67	62	70	76	39	65	45	58	42	44	38	64	68	47	38	63	0	49	54	33	51	38	39	68	55	58	53	65	35	45	73	67	54	56	56	38	68	64	80	48	56	55	70	45	39	44	62	59	49	67	46	60	62	80	66	67	64	74	67	78	59	43	79	53	49	36	66	58	34
42	33	54	44	49	58	49	74	37	76	57	31	56	61	57	70	40	66	54	51	51	30	68	70	35	42	41	33	60	70	75	53	53	34	42	37	72	76	42	70	73	60	74	73	30	47	77	49	0	72	48	33	34	35	62	53	71	69	33	69	48	72	31	73	38	32	41	53	78	76	39	44	39	46	59	45	60	77	71	50	47	30	71	67	60	80	53	34	31	79	57	40	73	42	38	60	76	73	63	70
54	50	66	47	44	56	35	36	62	78	78	61	45	36	69	42	69	73	31	56	49	66	46	46	51	74	60	40	33	45	53	35	66	80	31	34	49	58	47	37	74	37	64	68	64	59	67	54	72	0	60	61	68	54	58	68	53	37	36	66	64	34	48	74	56	80	32	71	47	77	38	49	50	47	51	43	60	47	64	66	43	50	41	42	33	72	37	60	34	38	72	52	36	45	69	64	67	48	45	52
65	63	34	41	53	56	68	49	72	46	58	40	41	58	36	79	72	33	48	68	39	77	40	72	35	71	48	54	51	41	50	58	46	51	70	56	49	80	63	53	73	63	56	62	41	65	61	33	48	60	0	38	46	49	31	36	65	38	75	31	47	80	59	44	42	60	64	63	71	37	46	77	75	50	57	31	58	57	69	41	57	50	66	74	65	68	37	80	37	74	75	59	64	63	56	63	39	73	47	77
53	78	35	63	31	76	46	57	39	74	30	47	75	63	54	43	54	59	55	56	61	71	46	39	71	68	51	63	52	38	38	39	64	34	77	52	62	43	63	79	44	67	53	63	77	77	80	51	33	61	38	0	54	69	37	36	36	36	77	77	78	58	44	44	36	31	34	59	30	40	64	80	79	63	53	70	76	57	55	42	36	60	65	39	33	48	60	57	78	53	40	64	32	46	31	53	69	74	51	79
65	67	53	70	45	74	52	51	70	79	52	46	33	35	44	32	68	67	58	36	64	67	69	50	44	77	43	59	40	75	51	51	75	42	57	70	64	45	36	43	49	71	65	62	69	35	30	38	34	68	46	54	0	33	67	73	45	64	54	62	44	40	76	40	52	41	51	56	32	30	72	44	64	35	53	69	46	34	64	75	51	34	54	50	56	58	80	62	49	45	74	35	43	54	53	80	69	67	50	57
40	64	74	48	46	72	38	43	78	70	47	31	40	57	58	47	72	38	75	47	76	35	52	41	38	55	69	62	61	76	79	69	73	57	48	49	78	30	51	61	51	43	38	48	54	69	47	39	35	54	49	69	33	0	61	63	55	58	33	55	45	62	37	41	36	65	43	61	62	39	61	43	77	78	34	41	63	61	74	78	50	80	77	36	68	47	40	40	52	76	40	58	39	80	79	45	71	72	63	60
46	33	69	61	79	59	61	38	58	56	38	41	41	37	46	68	78	45	75	40	65	58	34	53	67	32	36	52	74	74	34	38	31	45	39	78	35	44	33	53	80	54	54	60	31	33	62	68	62	58	31	37	67	61	0	38	36	76	55	31	50	43	76	38	35	65	62	33	65	51	70	46	51	57	46	72	53	34	56	63	71	71	46	37	69	70	58	60	31	34	55	76	77	33	31	72	59	31	71	31
32	73	54	72	68	40	30	34	74	63	58	52	45	38	74	70	73	74	39	48	51	38	53	35	75	32	33	79	45	38	71	56	65	70	66	32	76	50	33	64	72	66	57	47	78	79	60	55	53	68	36	36	73	63	38	0	70	54	64	33	80	50	48	64	39	62	78	78	49	75	39	61	45	50	64	46	50	65	46	62	61	50	50	73	62	55	79	71	41	69	51	73	62	68	45	31	58	30	71	66
58	53	31	73	57	62	40	74	65	78	48	59	78	72	66	50	62	40	78	38	76	71	52	71	62	57	52	43	67	47	76	37	70	71	52	53	64	49	32	42	30	48	61	75	54	36	52	58	71	53	65	36	45	55	36	70	0	55	73	46	64	62	42	56	69	52	55	79	36	53	76	69	38	31	80	36	39	57	62	80	62	41	47	75	50	59	76	51	30	71	70	69	49	50	64	69	69	74	33	55
42	70	50	47	36	55	69	57	30	80	52	78	30	60	60	57	39	42	30	74	59	57	34	76	65	35	52	39	48	53	67	71	39	45	41	34	47	77	78	76	52	59	78	77	36	35	50	53	69	37	38	36	64	58	76	54	55	0	78	45	67	33	73	72	71	68	52	50	56	60	30	36	33	54	68	55	54	61	75	37	39	67	36	46	55	62	79	59	43	38	53	73	67	79	31	58	67	49	57	72
76	67	33	58	40	41	31	35	30	32	39	70	54	67	30	42	75	61	46	68	59	51	64	62	66	56	69	42	60	40	57	70	45	49	73	68	43	55	57	53	33	33	73	74	79	71	33	65	33	36	75	77	54	33	55	64	73	78	0	34	34	76	32	43	71	64	35	78	34	60	65	33	41	59	60	46	54	65	31	79	39	39	39	43	36	77	69	78	48	65	55	49	63	43	30	42	69	44	49	62
51	52	51	62	61	60	67	69	44	72	66	69	49	72	37	33	45	77	33	35	38	45	44	73	35	65	56	57	31	44	43	48	60	55	78	60	56	45	60	73	44	46	36	37	72	43	38	35	69	66	31	77	62	55	31	33	46	45	34	0	47	56	44	37	80	69	64	34	56	69	40	70	47	65	43	63	63	78	42	77	61	47	70	41	67	39	48	71	30	37	73	36	65	45	45	56	71	33	45	36
32	77	31	49	78	42	51	48	31	34	68	44	68	48	39	59	30	44	33	57	31	56	49	75	57	62	38	69	58	75	54	56	69	42	74	43	33	78	71	67	63	72	33	75	31	49	36	45	48	64	47	78	44	45	50	80	64	67	34	47	0	60	77	46	80	53	50	33	36	43	58	51	39	61	31	46	78	40	46	33	52	30	60	51	70	68	46	42	35	78	41	33	38	51	58	77	74	72	40	63
39	65	53	49	67	30	69	78	79	58	30	37	39	45	53	46	61	65	76	45	34	57	36	35	39	42	49	63	49	52	72	48	65	38	79	62	58	32	57	33	41	65	73	76	71	48	44	73	72	34	80	58	40	62	43	50	62	33	76	56	60	0	64	62	44	43	75	31	70	67	70	34	58	78	74	43	56	33	67	69	78	50	63	72	70	46	30	69	55	36	45	43	48	40	80	78	75	72	32	59
74	72	31	47	80	49	71	51	60	61	71	41	36	59	34	60	48	78	65	78	59	62	51	72	56	64	74	68	56	77	72	71	36	64	57	32	53	45	78	54	44	55	30	61	66	66	35	67	31	48	59	44	76	37	76	48	42	73	32	44	77	64	0	70	76	55	65	41	50	70	32	62	30	55	35	31	34	47	77	44	40	58	65	59	76	80	62	49	43	33	39	49	60	43	71	38	43	30	67	65
30	59	67	36	50	42	57	36	39	30	31	52	47	51	30	68	34	57	49	50	73	78	40	70	49	59	77	68	63	68	33	73	75	72	30	50	73	58	59	40	66	41	39	56	75	37	56	54	73	74	44	44	40	41	38	64	56	72	43	37	46	62	70	0	49	59	57	59	68	45	51	52	74	73	53	53	77	55	71	75	71	75	33	50	49	73	52	46	49	40	57	77	49	58	70	40	80	51	39	64
61	75	60	36	50	30	48	34	47	39	40	79	35	38	30	40	67	33	35	58	65	53	51	75	51	57	77	70	51	44	71	76	56	77	76	35	34	75	80	46	56	50	65	66	33	38	63	56	38	56	42	36	52	36	35	39	69	71	71	80	80	44	76	49	0	68	45	61	80	72	66	52	75	80	48	34	41	39	61	41	61	54	50	77	73	62	35	65	76	39	51	70	77	62	30	57	31	61	36	42
62	60	65	65	47	80	67	62	78	79	67	65	70	69	57	60	75	67	38	32	73	62	78	44	56	72	42	69	57	44	42	39	71	74	34	61	78	57	74	35	54	32	34	46	32	50	37	56	32	80	60	31	41	65	65	62	52	68	64	69	53	43	55	59	68	0	30	68	40	32	30	70	73	69	64	78	54	68	71	77	71	50	30	52	45	79	57	44	47	70	30	54	31	43	79	75	72	63	73	34
68	52	68	77	30	41	37	41	79	31	49	31	51	57	68	78	70	68	34	61	70	66	64	34	61	76	50	71	75	62	64	66	45	54	41	59	80	57	52	66	35	65	54	33	79	41	74	38	41	32	64	34	51	43	62	78	55	52	35	64	50	75	65	57	45	30	0	45	41	69	40	62	60	68	46	51	76	78	51	68	38	74	40	39	77	73	79	31	73	78	65	31	59	80	73	55	30	75	72	36
75	61	40	67	70	56	62	66	31	40	45	62	34	53	63	33	54	38	40	31	39	57	65	37	49	65	45	55	56	65	54	33	59	54	73	65	64	35	57	75	59	50	46	40	66	44	61	68	53	71	63	59	56	61	33	78	79	50	78	34	33	31	41	59	61	68	45	0	34	36	70	66	79	39	75	62	49	52	47	80	80	54	60	74	53	30	52	61	69	70	42	40	45	40	71	50	31	78	43	57
73	71	59	73	60	67	34	73	39	80	79	35	69	43	53	67	30	33	68	64	64	30	47	63	45	37	72	41	53	59	80	57	62	73	50	35	60	50	65	62	57	52	57	50	70	68	78	64	78	47	71	30	32	62	65	49	36	56	34	56	36	70	50	68	80	40	41	34	0	48	62	47	52	40	70	31	32	75	62	43	57	71	72	60	77	80	58	76	64	44	79	51	37	59	51	47	42	55	70	34
79	38	38	44	50	48	53	49	62	46	54	53	53	32	45	68	55	38	47	30	50	45	51	53	54	80	66	79	69	45	73	41	43	47	55	31	51	38	64	60	64	41	59	60	31	41	44	80	76	77	37	40	30	39	51	75	53	60	60	69	43	67	70	45	72	32	69	36	48	0	78	45	63	67	47	40	50	58	75	60	55	78	53	41	36	44	38	69	44	68	63	50	76	41	31	68	77	46	32	42
30	53	66	61	76	71	70	32	74	49	68	59	49	64	45	62	50	66	31	32	71	39	39	64	58	44	57	67	66	46	59	59	39	40	74	30	49	63	65	40	40	47	74	61	58	59	44	48	39	38	46	64	72	61	70	39	76	30	65	40	58	70	32	51	66	30	40	70	62	78	0	56	60	54	50	77	60	39	43	55	54	75	53	46	46	75	41	44	44	48	72	73	62	30	44	44	56	68	67	43
44	58	76	32	62	78	38	71	73	53	41	69	37	30	33	31	54	74	75	33	65	33	35	37	79	60	70	71	57	45	65	31	37	47	62	78	35	66	68	38	33	53	65	40	58	66	32	56	44	49	77	80	44	43	46	61	69	36	33	70	51	34	62	52	52	70	62	66	47	45	56	0	70	33	71	56	58	58	38	36	35	67	30	54	55	57	80	49	36	66	68	33	37	31	45	71	37	76	37	78
64	40	60	60	34	76	76	34	34	30	71	79	40	60	50	43	74	55	30	64	64	42	55	32	74	74	79	53	79	33	47	44	32	64	36	78	46	38	48	49	33	40	58	41	42	53	51	55	39	50	75	79	64	77	51	45	38	33	41	47	39	58	30	74	75	73	60	79	52	63	60	70	0	33	31	50	65	32	33	40	64	52	45	36	54	65	75	75	63	75	66	30	76	63	77	77	65	50	38	65
38	67	51	80	73	77	30	49	45	41	42	69	48	48	73	59	52	51	66	53	47	48	76	65	31	63	68	47	65	78	44	63	61	50	64	55	47	39	49	40	74	61	32	62	67	37	74	70	46	47	50	63	35	78	57	50	31	54	59	65	61	78	55	73	80	69	68	39	40	67	54	33	33	0	32	33	53	52	54	41	72	54	37	39	75	34	72	76	77	44	48	76	55	75	31	45	61	80	31	50
64	42	46	72	74	31	44	74	71	57	64	46	80	59	32	77	42	73	64	59	75	70	69	30	36	75	80	69	67	71	66	42	65	34	61	71	58	68	31	76	61	66	37	71	46	61	60	45	59	51	57	53	53	34	46	64	80	68	60	43	31	74	35	53	48	64	46	75	70	47	50	71	31	32	0	44	53	78	74	52	53	43	71	78	59	73	57	60	53	62	34	71	55	34	44	35	73	67	63	47
37	74	61	59	38	68	39	56	47	67	46	33	50	36	39	51	76	42	78	54	79	78	35	62	75	47	59	69	77	64	46	58	33	39	76	74	72	40	30	79	35	34	36	73	73	75	63	39	45	43	31	70	69	41	72	46	36	55	46	63	46	43	31	53	34	78	51	62	31	40	77	56	50	33	44	0	37	44	31	59	63	67	34	73	73	33	39	57	42	31	44	47	70	72	53	54	43	45	41	76
55	64	78	55	53	32	37	30	37	80	60	46	77	80	62	51	59	61	41	69	55	46	59	62	73	70	32	34	34	67	69	51	70	42	38	72	54	75	37	63	63	75	40	38	48	64	59	44	60	60	58	76	46	63	53	50	39	54	54	63	78	56	34	77	41	54	76	49	32	50	60	58	65	53	53	37	0	45	59	48	54	41	77	32	72	72	31	38	64	63	68	59	64	55	64	47	43	69	52	32
69	72	68	72	62	52	34	75	46	35	31	62	78	76	73	52	62	39	69	42	71	50	78	63	66	73	43	48	53	71	53	76	49	50	59	39	40	67	69	55	80	51	38	61	65	80	79	62	77	47	57	57	34	61	34	65	57	61	65	78	40	33	47	55	39	68	78	52	75	58	39	58	32	52	78	44	45	0	30	38	68	55	58	35	53	69	44	78	54	36	42	53	32	50	79	55	30	47	30	78
68	31	55	58	76	40	73	39	39	58	57	46	31	75	36	44	67	37	70	77	57	47	77	58	52	51	64	73	36	59	75	34	71	75	35	66	38	48	40	45	72	74	43	51	68	33	60	59	71	64	69	55	64	74	56	46	62	75	31	42	46	67	77	71	61	71	51	47	62	75	43	38	33	54	74	31	59	30	0	77	80	41	51	57	59	49	36	62	34	75	65	33	55	45	63	55	54	41	59	52
40	72	62	48	77	66	66	34	75	66	65	65	30	35	47	53	57	33	39	52	67	73	63	67	57	67	52	57	32	75	50	34	50	39	66	60	62	54	74	48	77	45	48	63	70	69	49	49	50	66	41	42	75	78	63	62	80	37	79	77	33	69	44	75	41	77	68	80	43	60	55	36	40	41	52	59	48	38	77	0	57	75	79	58	78	71	54	67	60	61	37	54	59	50	45	30	33	31	51	47
58	35	74	34	71	37	38	64	38	34	47	78	37	72	46	51	35	64	59	49	56	58	51	79	70	36	46	72	52	44	61	31	30	30	48	76	43	75	57	66	75	66	32	69	73	54	71	67	47	43	57	36	51	50	71	61	62	39	39	61	52	78	40	71	61	71	38	80	57	55	54	35	64	72	53	63	54	68	80	57	0	36	62	53	78	68	60	35	50	75	75	48	65	74	36	31	54	58	34	40
33	37	51	50	33	75	54	80	56	59	55	58	67	39	54	56	37	32	39	39	55	44	33	47	39	72	54	57	35	62	46	54	77	65	48	79	50	51	60	34	46	64	58	66	46	41	73	46	30	50	50	60	34	80	71	50	41	67	39	47	30	50	58	75	54	50	74	54	71	78	75	67	52	54	43	67	41	55	41	75	36	0	80	38	35	57	36	36	40	39	59	79	36	74	76	38	34	68	53	36
36	61	39	43	55	77	69	31	46	49	78	52	41	51	54	61	31	72	59	78	55	68	64	71	80	48	41	35	34	48	41	38	51	43	36	40	43	54	71	58	62	57	44	35	38	48	31	60	71	41	66	65	54	77	46	50	47	36	39	70	60	63	65	33	50	30	40	60	72	53	53	30	45	37	71	34	77	58	51	79	62	80	0	60	48	71	48	55	53	37	80	57	30	79	60	32	75	76	74	61
66	53	67	70	56	48	39	51	62	32	79	69	40	56	55	38	60	64	42	69	80	78	31	39	42	44	30	64	64	79	60	73	71	50	59	30	40	77	47	41	70	61	77	67	65	32	74	62	67	42	74	39	50	36	37	73	75	46	43	41	51	72	59	50	77	52	39	74	60	41	46	54	36	39	78	73	32	35	57	58	53	38	60	0	77	80	51	61	67	74	72	63	74	46	61	63	35	58	55	68
54	49	39	64	60	40	32	43	77	33	46	63	69	34	46	64	47	31	33	45	70	75	66	67	75	50	51	80	49	52	36	38	69	51	51	73	42	55	79	34	35	75	56	33	33	42	30	80	60	33	65	33	56	68	69	62	50	55	36	67	70	70	76	49	73	45	77	53	77	36	46	55	54	75	59	73	72	53	59	78	78	35	48	77	0	46	36	59	77	52	75	73	36	76	63	36	79	38	42	42
55	75	43	69	42	32	76	49	61	30	34	37	79	50	75	46	68	77	73	46	53	59	79	37	74	67	34	30	45	69	77	68	31	41	69	72	40	56	74	37	64	34	61	73	75	39	40	66	80	72	68	48	58	47	70	55	59	62	77	39	68	46	80	73	62	79	73	30	80	44	75	57	65	34	73	33	72	69	49	71	68	57	71	80	46	0	56	80	80	67	43	34	71	66	35	38	46	63	72	38
38	42	53	65	68	68	80	30	77	61	43	50	37	44	61	57	54	44	33	38	62	32	66	54	75	78	49	57	34	46	42	43	54	48	71	34	64	59	41	66	61	43	67	32	30	72	71	67	53	37	37	60	80	40	58	79	76	79	69	48	46	30	62	52	35	57	79	52	58	38	41	80	75	72	57	39	31	44	36	54	60	36	48	51	36	56	0	80	68	42	53	57	75	65	65	30	38	52	74	48
40	61	80	41	54	43	62	57	33	69	77	65	68	36	52	63	31	69	51	32	73	46	31	61	32	70	34	62	80	58	45	55	52	50	37	64	75	62	31	44	58	32	44	38	55	63	50	64	34	60	80	57	62	40	60	71	51	59	78	71	42	69	49	46	65	44	31	61	76	69	44	49	75	76	60	57	38	78	62	67	35	36	55	61	59	80	80	0	74	36	47	66	56	63	71	37	48	42	35	72
64	58	68	69	53	64	57	32	68	36	54	74	64	79	68	57	31	73	67	67	45	40	43	60	40	57	59	60	63	59	58	46	51	75	36	44	41	48	66	70	66	51	42	79	36	44	73	74	31	34	37	78	49	52	31	41	30	43	48	30	35	55	43	49	76	47	73	69	64	44	44	36	63	77	53	42	64	54	34	60	50	40	53	67	77	80	68	74	0	46	50	73	51	73	70	57	68	49	68	67
61	54	44	33	59	35	80	77	55	50	62	67	54	34	44	72	79	61	46	72	45	74	35	49	48	55	52	55	54	38	74	49	41	43	51	42	30	56	61	65	73	76	71	47	59	65	80	67	79	38	74	53	45	76	34	69	71	38	65	37	78	36	33	40	39	70	78	70	44	68	48	66	75	44	62	31	63	36	75	61	75	39	37	74	52	67	42	36	46	0	67	52	55	75	52	75	75	65	43	59
71	67	44	48	30	40	73	46	45	75	49	54	50	76	51	61	72	62	65	32	43	57	36	40	58	38	55	62	58	49	76	60	67	63	59	33	51	47	41	44	57	79	38	66	75	63	59	78	57	72	75	40	74	40	55	51	70	53	55	73	41	45	39	57	51	30	65	42	79	63	72	68	66	48	34	44	68	42	65	37	75	59	80	72	75	43	53	47	50	67	0	77	56	62	43	68	71	52	40	51
62	48	67	50	55	77	65	56	41	69	49	69	68	37	46	62	33	63	77	58	79	63	57	41	38	77	73	52	39	71	64	59	51	32	53	77	41	52	47	80	40	64	76	68	46	52	60	59	40	52	59	64	35	58	76	73	69	73	49	36	33	43	49	77	70	54	31	40	51	50	73	33	30	76	71	47	59	53	33	54	48	79	57	63	73	34	57	66	73	52	77	0	40	50	78	57	70	54	65	36
80	49	50	65	45	37	69	34	72	61	30	57	51	35	65	71	37	52	38	71	77	79	57	76	34	63	76	69	80	32	53	57	47	78	36	60	69	75	63	49	72	38	60	61	69	65	56	43	73	36	64	32	43	39	77	62	49	67	63	65	38	48	60	49	77	31	59	45	37	76	62	37	76	55	55	70	64	32	55	59	65	36	30	74	36	71	75	56	51	55	56	40	0	77	80	44	48	73	51	64
68	31	49	37	39	76	40	78	39	53	75	31	63	35	68	55	48	67	56	48	37	61	71	63	62	79	67	65	76	42	34	62	42	77	32	52	77	68	75	73	37	57	61	65	63	34	56	79	42	45	63	46	54	80	33	68	50	79	43	45	51	40	43	58	62	43	80	40	59	41	30	31	63	75	34	72	55	50	45	50	74	74	79	46	76	66	65	63	73	75	62	50	77	0	79	80	80	40	59	31
69	48	45	73	36	48	44	39	60	60	50	57	47	51	61	72	67	58	50	78	63	45	48	39	30	63	72	54	63	52	64	35	33	75	74	49	52	45	61	69	37	72	48	31	44	36	79	53	38	69	56	31	53	79	31	45	64	31	30	45	58	80	71	70	30	79	73	71	51	31	44	45	77	31	44	53	64	79	63	45	36	76	60	61	63	35	65	71	70	52	43	78	80	79	0	65	65	63	51	40
40	68	71	33	40	48	30	34	30	49	58	68	45	58	49	66	66	36	31	52	35	42	75	59	47	60	75	69	66	49	63	47	33	80	36	33	40	30	68	34	30	47	62	30	73	46	31	49	60	64	63	53	80	45	72	31	69	58	42	56	77	78	38	40	57	75	55	50	47	68	44	71	77	45	35	54	47	55	55	30	31	38	32	63	36	38	30	37	57	75	68	57	44	80	65	0	32	53	40	70
78	60	79	80	64	43	59	48	51	30	61	63	57	45	56	41	49	54	64	40	40	68	41	67	34	46	30	38	75	33	63	37	46	79	57	33	38	34	73	42	36	72	37	41	33	69	77	36	76	67	39	69	69	71	59	58	69	67	69	71	74	75	43	80	31	72	30	31	42	77	56	37	65	61	73	43	43	30	54	33	54	34	75	35	79	46	38	48	68	75	71	70	48	80	65	32	0	77	70	65
42	79	72	53	77	51	61	30	51	58	70	43	33	39	68	47	31	40	72	34	57	57	67	70	58	68	37	58	53	35	72	55	43	37	40	41	42	46	65	64	53	34	35	30	34	34	76	66	73	48	73	74	67	72	31	30	74	49	44	33	72	72	30	51	61	63	75	78	55	46	68	76	50	80	67	45	69	47	41	31	58	68	76	58	38	63	52	42	49	65	52	54	73	40	63	53	77	0	66	49
62	78	67	49	41	73	71	79	73	37	71	60	61	42	46	30	59	44	60	54	68	51	62	35	77	53	74	75	50	44	68	66	80	41	67	42	55	70	53	58	56	32	63	53	30	71	77	58	63	45	47	51	50	63	71	71	33	57	49	45	40	32	67	39	36	73	72	43	70	32	67	37	38	31	63	41	52	30	59	51	34	53	74	55	42	72	74	35	68	43	40	65	51	59	51	40	70	66	0	73
48	66	32	74	66	62	65	67	68	68	60	47	50	77	39	53	46	64	37	53	31	54	54	41	55	35	39	59	41	43	73	56	49	57	62	62	74	54	64	56	67	73	53	44	71	39	76	34	70	52	77	79	57	60	31	66	55	72	62	36	63	59	65	64	42	34	36	57	34	42	43	78	65	50	47	76	32	78	52	47	40	36	61	68	42	38	48	72	67	59	51	36	64	31	40	70	65	49	73	0

Initial health value of each distributed equipment: 
(Where columns denote demand points: 1 to 100.)
244.36	208.60	444.00	615.60	259.92	298.32	299.72	298.20	290.82	219.03	471.28	160.92	150.49	190.72	360.59	619.36	263.32	413.63	382.80	315.98	301.92	436.60	187.25	433.32	165.39	582.33	209.04	241.38	427.50	531.90	470.64	309.96	547.95	278.63	180.29	223.50	320.35	385.84	398.16	195.30	292.37	202.64	168.37	323.64	363.14	250.80	224.99	603.10	288.61	183.38	309.70	439.92	294.92	360.24	565.49	290.45	500.20	402.57	250.04	153.47	242.87	392.37	265.22	165.39	268.55	222.00	407.40	463.59	309.75	217.54	193.70	306.16	684.56	245.85	270.84	342.72	250.32	289.06	243.36	443.88	185.40	429.26	208.75	186.00	379.44	416.64	257.77	303.69	259.26	256.10	201.15	467.17	360.76	233.10	353.10	403.92	361.76	446.40	287.57	420.00

Spare parts types of different demand points: 
(where columns denote demand points: 1 to 100.)
1	5	4	3	3	2	4	3	2	1	1	4	1	5	2	4	4	4	4	2	1	1	3	1	4	1	4	3	1	5	5	4	3	4	2	1	5	3	1	5	5	5	4	1	1	3	2	5	5	1	4	2	4	3	4	4	2	2	3	3	2	3	2	1	2	4	1	3	4	3	3	4	5	5	2	4	3	5	4	3	2	4	5	1	1	2	5	2	3	2	2	5	1	3	1	5	4	3	5	5

inventory management cost per unit time of different types of orders: 
(where columns denote types of orders: 1 to 5.)
1	2.7	1.3	2.9	1.6

Maintenance cost per unit time of different worker: 
(Where rows denote strategy: 1 to 3,and columns denote available worker of each strategy: 1 to 4.)
3.4	3.9	4.6
4.1	4.4	3.5
3.8	3	4.1
4	4.2	3.2

The weight of tardiness cost of different demand points: 
(where columns denote demand points: 1 to 100.)
3.6	3.2	3.9	5.8	3.7	3.5	4.2	4.8	5.3	4.4	5.3	6	5.5	3.7	5.6	4.4	4.8	4.9	4.9	4.6	5.9	3.7	3	3.2	3.9	3	3.3	6	5.5	4.4	5.2	4.1	3	3.3	4	3.5	4.4	5.9	5.2	5.5	3.7	3.1	4.5	5.3	4.3	5.1	4.7	3.9	4	5.7	3.2	3	3.6	4.5	5	5	3.9	5.1	3.5	3.3	4.9	5.5	3.2	5.6	5.2	4.1	5.5	4.6	5.6	4.1	4.2	5.3	5.1	4.3	3.3	3.8	4.8	3.9	5.7	5.2	5.6	4.8	4.1	5.2	5.3	5.1	4.8	3.5	3.5	5.6	4.4	4.4	5.8	4.3	5	4	3.8	4	3.3	4.8

The waste of old spare part per unit time of each distributed equipment: 
(where columns denote demand points: 1 to 100.)
6.6	6.4	7.1	6.9	6.6	6.2	5.1	6.5	7.1	5.8	7.4	7.7	5.8	5.8	6.9	5.1	6.9	6.9	5.6	7.9	5.7	7.9	5.7	6.6	5.6	7.9	5.4	6.6	7.4	7.5	7.8	7.4	7.5	7.4	7	7.5	6	6.6	5.7	7.7	6.1	7.4	5.1	5.5	6.1	7.2	7.9	6.7	5.1	5.8	5.5	7.4	5.8	6.7	7	6.1	5.8	5.5	5.1	6.4	7.7	7.6	8	6.8	5.8	7	5.8	6.2	5.1	5.9	7.8	6.7	5.1	6.3	6.2	7.6	7.8	7.4	8	7.9	8	7.8	7.5	6.3	6.6	5.6	7	7	7.7	6.1	6.6	5.5	6.5	6.4	7.5	7	7.9	6.1	5.9	7.1

shutdown cost per unit time of each distributed equipment: 
(where columns denote demand points: 1 to 100.)
24.7	21.1	21.9	20.3	22.1	20.6	20.3	21.2	22.4	21.6	24.5	24.5	23.8	20.5	21.4	24.7	22	24.6	23.3	20.2	24.1	21.2	22.4	21.3	22.8	24.4	23.2	23.8	21.2	24.8	24.9	20.1	24.1	24.9	23.1	20.8	20.2	23.9	21.5	25	20.9	23.2	24.3	21.7	22.6	20.3	24.3	21	23.1	23.4	21.3	24.5	20.3	22.2	24	24.5	21.1	20.2	21.2	24.4	23.6	22.2	21.8	23.1	24.4	24.2	24.6	20.8	24.6	23.7	21.8	24.1	24.3	22.2	22.2	24.1	21.6	23.4	22.6	24.6	21.7	24.8	22.5	20.7	24.8	23.5	21.9	24.2	21.5	20.8	23.1	20.6	20.8	23.2	20.9	23.9	20.6	20.2	22.6	23.6

Deterioration rate of each piece of equipment:
(Where columns denote distributed equipment: 1 to 100.)
1.64	1.4	1.85	1.8	1.14	1.32	1.27	1.42	1.31	1.47	1.37	1.08	1.01	1.28	1.07	1.96	1.16	1.33	1.45	1.22	1.11	1.85	1.07	1.38	1.11	1.77	1.04	1.62	1.9	1.97	1.59	1.26	1.95	1.87	1.21	1.5	1.49	1.82	1.26	1.26	1.73	1.36	1.13	1.16	1.34	1.1	1.51	1.85	1.33	1.06	1.63	1.41	1.46	1.58	1.93	1.57	1.64	1.89	1.33	1.03	1.63	1.23	1.78	1.11	1.31	1.11	1.4	1.53	1.77	1.46	1.3	1.78	1.99	1.65	1.11	1.12	1.68	1.94	1.44	1.62	1.03	1.27	1.25	1.2	1.86	1.24	1.73	1.59	1.74	1.3	1.35	1.37	1.16	1.11	1.07	1.98	1.19	1.86	1.93	1.2

The processing time of different types of spare parts: 
(Where rows denote machines: 1 to 8,and columns denote types: 1 to 5.)
28	27	13	29	29
12	25	15	29	29
11	25	16	18	20
13	18	19	21	27
25	17	22	23	24
12	16	13	18	29
11	15	15	10	26
28	29	24	21	22

The maintenance time of different workers: 
(Where rows denote strategy: 1 to 3,and columns denote available worker of each strategy: 1 to 4.)
45	40	34
30	35	35
44	48	34
34	38	47

Repair degree of different strategies: 
(Where rows denote strategy: 1 to 34.)
0.65	0.54	0.56

Quantity of spare parts of each type reserved in each warehouse: 
(where rows denote warehouses£º1 to 10,and columns denote types£º1 to 5.)
2	3	5
1	2	1
3	5
2	2
1	3	4
1	3	2
2	4
1	2

Initial due date of each order: 
(Where columns denote order: 1 to 100.)
149	149	240	342	228	226	236	210	222	149	344	149	149	149	337	316	227	311	264	259	272	236	175	314	149	329	201	149	225	270	296	246	281	149	149	149	215	212	316	155	169	149	149	279	271	228	149	326	217	173	190	312	202	228	293	185	305	213	188	149	149	319	149	149	205	200	291	303	175	149	149	172	344	149	244	306	149	149	169	274	180	338	167	155	204	336	149	191	149	197	149	341	311	210	330	204	304	240	149	350

Maintenance starting time window of each piece of equipment: 
(Where rows denote Lower and Upper bounds of Maintenance starting time window: 1 to 2,and columns denote distributed equipment: 1 to 100.)
104.3	104.3	168	239.4	159.6	158.2	165.2	147	155.4	104.3	240.8	104.3	104.3	104.3	235.9	221.2	158.9	217.7	184.8	181.3	190.4	165.2	122.5	219.8	104.3	230.3	140.7	104.3	157.5	189	207.2	172.2	196.7	104.3	104.3	104.3	150.5	148.4	221.2	108.5	118.3	104.3	104.3	195.3	189.7	159.6	104.3	228.2	151.9	121.1	133	218.4	141.4	159.6	205.1	129.5	213.5	149.1	131.6	104.3	104.3	223.3	104.3	104.3	143.5	140	203.7	212.1	122.5	104.3	104.3	120.4	240.8	104.3	170.8	214.2	104.3	104.3	118.3	191.8	126	236.6	116.9	108.5	142.8	235.2	104.3	133.7	104.3	137.9	104.3	238.7	217.7	147	231	142.8	212.8	168	104.3	245
134.1	134.1	216	307.8	205.2	203.4	212.4	189	199.8	134.1	309.6	134.1	134.1	134.1	303.3	284.4	204.3	279.9	237.6	233.1	244.8	212.4	157.5	282.6	134.1	296.1	180.9	134.1	202.5	243	266.4	221.4	252.9	134.1	134.1	134.1	193.5	190.8	284.4	139.5	152.1	134.1	134.1	251.1	243.9	205.2	134.1	293.4	195.3	155.7	171	280.8	181.8	205.2	263.7	166.5	274.5	191.7	169.2	134.1	134.1	287.1	134.1	134.1	184.5	180	261.9	272.7	157.5	134.1	134.1	154.8	309.6	134.1	219.6	275.4	134.1	134.1	152.1	246.6	162	304.2	150.3	139.5	183.6	302.4	134.1	171.9	134.1	177.3	134.1	306.9	279.9	189	297	183.6	273.6	216	134.1	315

