Number of orders: 
100

Number of factories\warehouses: 
3

Number of machines per factory: 
5

Number of types of spare parts: 
15

Number of maintenance strategies: 
3

Number of available workers per strategy: 
4

Transportation cost per unit time: 
3

Transprotation time between factories/warehouses and demand points: 
(Where rows denote factories: 1 to 3 ,and columns denote demand points: 1 to 100.)
148	88	90	125	59	106	123	133	39	63	102	90	54	118	125	54	40	82	141	76	143	73	113	68	138	91	105	77	105	141	40	62	45	53	64	48	110	111	148	50	92	127	58	140	51	41	66	95	148	136	122	56	46	143	70	123	107	36	114	109	81	142	93	99	48	51	128	108	69	116	70	103	123	149	71	85	40	148	85	136	117	32	108	130	148	69	103	131	48	94	147	32	110	60	37	56	83	139	78	147
35	98	130	142	59	113	98	104	70	126	44	110	88	44	92	95	105	42	57	103	82	126	64	121	55	131	118	70	99	147	85	54	118	141	47	77	106	98	42	83	119	79	83	142	87	80	103	46	77	86	90	40	54	104	141	125	51	100	116	141	124	66	131	85	62	81	132	74	38	115	55	97	139	99	114	99	124	73	115	102	89	145	33	73	130	71	129	102	37	70	109	30	127	30	41	41	69	107	143	82
70	32	101	97	45	70	67	66	61	134	99	140	83	60	142	47	60	59	133	84	139	100	47	116	82	120	103	34	62	56	81	65	81	132	123	96	86	101	56	50	46	104	118	82	30	43	106	87	84	137	36	107	41	91	120	144	61	50	57	51	133	72	32	129	81	33	144	49	35	99	73	64	147	40	99	62	132	98	47	32	145	147	106	131	120	74	41	93	32	110	136	49	105	81	145	131	137	57	119	88

Tranfer time of each worker between two different demand points: 
(Where rows and columns both denote demands points: 1 to 100.)
0	60	41	64	42	75	31	61	41	58	67	37	77	31	64	71	61	77	59	68	44	40	50	66	60	32	61	53	40	76	40	76	55	51	64	67	63	53	63	64	42	43	33	53	53	42	30	66	31	78	55	69	46	34	36	48	51	71	77	51	34	70	72	49	42	49	64	53	49	41	42	77	55	79	80	67	46	50	40	79	31	30	47	57	40	49	48	68	51	80	78	43	70	51	53	64	66	53	79	71
60	0	58	56	79	64	40	66	76	42	53	59	31	68	73	60	70	68	42	59	53	36	72	43	40	43	80	73	38	80	56	61	46	70	72	63	66	60	39	75	46	53	40	41	36	62	44	74	71	49	43	64	65	72	60	74	70	59	61	56	32	34	76	67	30	39	77	76	61	36	51	39	75	52	74	50	38	37	51	35	60	65	47	36	60	54	66	57	60	66	62	78	73	50	78	77	53	34	59	36
41	58	0	66	56	47	71	43	71	52	35	41	41	59	57	58	50	44	36	36	66	57	50	33	30	41	72	58	43	37	71	49	51	79	33	77	33	55	36	40	78	39	32	58	65	47	64	65	42	78	75	34	71	53	66	35	76	62	38	39	54	63	77	43	55	61	31	49	47	56	48	78	53	71	38	69	62	51	49	79	59	65	70	38	43	54	54	30	66	33	43	79	73	57	62	59	58	48	38	32
64	56	66	0	34	75	31	39	54	44	47	77	44	34	39	37	66	32	32	53	40	72	60	50	43	66	68	70	58	63	54	36	60	77	78	65	55	44	77	69	80	43	64	52	64	43	55	79	46	59	57	47	70	40	30	56	32	53	33	45	30	52	49	47	41	68	71	32	44	36	59	70	42	51	49	59	46	53	62	62	55	32	80	60	30	45	64	71	72	33	57	36	66	54	78	37	45	40	75	72
42	79	56	34	0	63	35	57	76	79	66	30	44	48	53	76	41	43	78	64	38	68	37	47	51	59	33	55	42	39	45	51	77	68	66	31	46	38	35	58	62	36	68	64	72	68	75	36	61	48	44	42	37	36	54	40	41	73	37	47	31	33	71	46	66	72	35	69	43	61	55	74	41	66	64	67	36	40	72	64	35	58	49	75	34	34	35	35	46	65	43	76	66	72	44	40	78	37	75	53
75	64	47	75	63	0	36	56	39	31	79	41	80	69	50	67	74	58	44	30	78	44	53	39	66	49	35	33	77	41	31	74	40	68	37	72	56	57	62	52	31	60	51	55	54	36	41	46	33	74	58	75	53	63	33	74	47	77	70	44	37	80	69	45	67	42	70	78	56	66	58	78	59	65	80	79	33	41	35	74	48	73	35	73	69	41	61	58	76	63	72	53	32	59	33	62	39	63	57	49
31	40	71	31	35	36	0	78	67	69	64	37	71	55	51	55	30	49	67	68	34	38	45	51	74	58	50	59	73	59	35	42	34	74	42	77	57	76	78	36	48	48	76	68	31	43	55	40	59	59	78	61	34	72	47	53	45	49	57	55	33	57	55	42	60	70	30	41	32	53	60	58	38	32	63	34	76	76	53	66	53	36	79	43	54	66	53	68	46	31	37	62	63	31	66	49	48	62	45	77
61	66	43	39	57	56	78	0	35	75	54	57	64	56	55	45	49	32	77	44	61	70	50	58	75	32	79	65	50	71	39	80	36	40	80	34	37	73	35	60	41	45	78	68	60	55	64	37	56	42	78	75	67	79	48	51	77	31	69	37	40	70	66	35	37	32	45	49	66	45	41	58	65	64	68	35	68	69	56	45	43	68	79	61	30	44	51	63	78	34	39	74	77	48	49	50	60	32	74	74
41	76	71	54	76	39	67	35	0	54	70	49	31	49	49	64	31	46	41	63	60	50	55	47	59	36	37	63	71	63	60	36	42	72	66	51	75	80	38	49	44	69	38	77	78	42	52	37	70	78	68	39	46	64	49	46	36	34	31	65	32	56	77	48	68	76	50	54	59	30	41	50	66	44	78	53	47	43	34	63	44	46	60	80	50	66	57	30	39	36	71	43	44	67	80	62	55	49	55	55
58	42	52	44	79	31	69	75	54	0	64	69	63	70	37	80	72	33	72	63	70	47	44	56	79	44	34	44	34	52	58	77	78	40	56	63	54	44	70	38	57	43	65	60	47	50	67	58	76	34	69	71	69	49	58	39	55	64	42	43	56	37	57	79	46	39	46	65	58	41	63	36	72	35	30	67	73	45	56	80	54	46	70	70	40	61	46	56	36	59	54	46	60	56	78	50	35	34	73	47
67	53	35	47	66	79	64	54	70	64	0	67	61	38	34	43	46	35	73	68	48	63	39	77	41	41	45	45	40	42	74	62	66	62	31	49	59	69	32	53	59	43	42	34	54	49	69	34	48	55	44	45	31	66	73	74	71	52	42	48	49	48	38	79	34	55	66	47	75	73	31	47	67	49	30	63	76	51	54	79	34	70	56	44	41	51	74	51	68	61	62	39	80	76	65	40	45	52	67	42
37	59	41	77	30	41	37	57	49	69	67	0	46	71	46	30	61	71	47	52	42	39	39	48	34	62	45	36	57	62	80	58	42	73	54	71	70	55	59	48	43	58	41	71	75	38	67	33	42	40	62	76	39	55	45	59	69	60	66	71	52	47	66	71	80	60	52	48	54	80	54	42	68	64	49	53	74	55	30	80	50	41	51	71	60	68	31	30	51	35	71	76	77	31	32	65	62	79	78	65
77	31	41	44	44	80	71	64	31	63	61	46	0	62	56	53	55	67	47	51	37	74	63	54	72	55	53	60	71	58	71	39	74	77	72	55	72	47	67	30	44	70	31	77	42	30	60	46	54	57	79	31	48	74	46	30	35	35	36	48	54	37	57	51	68	39	78	63	48	51	59	72	61	49	52	49	48	52	62	46	76	30	40	59	62	46	41	68	35	63	47	51	32	30	51	62	69	39	65	53
31	68	59	34	48	69	55	56	49	70	38	71	62	0	33	48	76	70	56	67	79	49	75	42	44	33	55	75	38	50	55	38	78	58	49	75	31	41	59	77	69	38	54	49	73	71	55	48	65	67	41	53	58	42	40	66	66	33	35	31	32	62	74	37	30	51	77	66	77	74	77	55	36	52	39	78	75	33	62	43	39	47	45	68	42	31	47	45	37	76	42	52	65	53	41	75	36	61	51	38
64	73	57	39	53	50	51	55	49	37	34	46	56	33	0	67	59	60	75	50	37	42	33	71	31	49	32	50	58	75	60	73	63	42	80	50	80	60	73	38	62	78	58	61	59	67	49	57	47	68	57	71	54	43	32	57	80	62	37	61	79	30	70	45	77	67	33	36	40	41	33	36	76	70	62	45	30	40	56	32	64	64	67	64	79	37	78	61	72	62	72	67	71	43	52	30	71	67	52	55
71	60	58	37	76	67	55	45	64	80	43	30	53	48	67	0	42	65	63	55	65	50	72	38	64	34	69	54	40	76	41	30	46	74	55	63	53	62	37	72	42	67	50	52	31	40	65	43	46	53	37	40	64	55	59	39	31	48	76	52	41	73	69	60	44	52	66	69	74	66	52	60	68	76	51	31	42	62	72	70	69	42	42	79	39	66	59	40	36	72	40	68	50	33	36	80	42	80	49	66
61	70	50	66	41	74	30	49	31	72	46	61	55	76	59	42	0	70	65	33	33	78	64	49	41	46	54	77	32	31	31	30	42	31	43	50	66	70	74	35	61	66	41	69	57	56	38	69	73	60	47	44	70	61	64	51	67	50	79	62	77	58	67	59	52	55	53	33	48	37	53	55	76	78	71	34	57	68	73	45	31	37	54	75	55	49	68	57	65	52	50	71	55	48	45	45	46	77	71	75
77	68	44	32	43	58	49	32	46	33	35	71	67	70	60	65	70	0	46	56	76	72	34	33	58	64	64	54	76	70	59	44	43	56	80	34	53	66	57	78	50	64	57	75	45	72	80	47	78	48	30	63	36	59	57	76	77	54	80	43	62	54	67	34	77	55	42	55	56	74	65	30	34	79	43	41	53	48	60	38	80	34	72	61	53	33	43	46	80	37	62	51	62	46	35	56	55	36	53	48
59	42	36	32	78	44	67	77	41	72	73	47	47	56	75	63	65	46	0	41	70	32	52	33	68	34	42	41	73	55	75	39	74	61	72	30	69	74	44	77	36	43	60	78	45	54	58	61	50	31	45	64	36	50	57	80	69	63	61	72	61	65	44	57	31	54	37	65	67	36	58	57	60	41	45	66	73	39	67	75	76	64	55	32	77	44	39	66	68	69	36	60	57	74	33	50	40	73	61	61
68	59	36	53	64	30	68	44	63	63	68	52	51	67	50	55	33	56	41	0	56	50	80	43	51	48	80	55	70	60	58	80	34	31	58	71	76	62	63	31	40	51	69	47	59	41	60	76	58	48	69	75	47	45	42	41	36	70	38	37	63	56	43	51	34	43	48	37	44	58	44	60	33	34	49	41	80	46	75	46	40	48	41	63	76	51	37	43	59	51	34	63	47	55	62	56	71	48	55	45
44	53	66	40	38	78	34	61	60	70	48	42	37	79	37	65	33	76	70	56	0	45	76	46	52	70	66	75	50	40	54	75	77	76	48	76	33	63	53	30	78	67	55	79	44	68	44	76	35	64	49	80	56	56	78	70	77	51	55	50	44	73	71	71	73	59	70	37	36	49	66	39	68	32	54	58	34	49	71	56	61	61	72	33	56	50	45	48	75	76	32	44	58	46	66	54	48	79	41	50
40	36	57	72	68	44	38	70	50	47	63	39	74	49	42	50	78	72	32	50	45	0	60	45	47	56	67	34	52	34	51	36	70	80	52	76	38	75	53	57	39	48	76	46	30	52	42	35	65	64	45	32	52	62	38	67	74	66	52	71	47	49	37	59	32	71	74	63	53	78	72	47	30	39	79	71	38	32	60	63	74	50	51	63	56	79	48	57	73	42	63	39	46	33	44	76	32	43	54	76
50	72	50	60	37	53	45	50	55	44	39	39	63	75	33	72	64	34	52	80	76	60	0	34	57	71	67	60	59	44	69	67	55	35	64	76	62	40	42	60	70	54	56	46	69	34	39	74	40	64	78	76	54	38	58	48	70	38	61	65	63	78	66	38	49	52	51	55	76	70	34	78	60	64	67	56	58	55	76	35	52	38	59	51	50	36	35	63	79	58	38	56	50	55	45	53	77	57	63	70
66	43	33	50	47	39	51	58	47	56	77	48	54	42	71	38	49	33	33	43	46	45	34	0	69	47	38	48	37	79	78	69	59	63	48	74	56	44	47	75	49	45	34	80	49	39	68	57	80	69	44	39	62	64	57	62	74	72	44	72	53	39	59	36	51	71	48	37	71	76	55	71	54	70	39	32	47	79	44	35	58	42	40	62	76	68	79	79	62	43	76	68	76	43	66	79	45	63	35	52
60	40	30	43	51	66	74	75	59	79	41	34	72	44	31	64	41	58	68	51	52	47	57	69	0	31	30	59	79	67	56	55	31	47	67	58	54	36	35	71	53	57	30	78	72	66	49	39	36	51	65	55	73	60	32	56	64	34	37	76	60	79	54	65	73	67	51	49	77	53	63	79	42	31	48	74	47	73	36	46	51	60	72	79	55	72	36	64	62	77	62	30	69	72	78	40	32	60	80	34
32	43	41	66	59	49	58	32	36	44	41	62	55	33	49	34	46	64	34	48	70	56	71	47	31	0	37	62	67	39	70	49	42	43	52	68	64	73	69	80	53	64	30	45	51	79	65	62	39	30	63	78	51	50	53	73	32	34	58	47	39	77	62	52	56	78	40	75	59	42	54	63	42	48	71	35	69	70	68	48	34	73	57	51	32	63	64	73	42	35	43	40	49	74	80	75	78	58	57	62
61	80	72	68	33	35	50	79	37	34	45	45	53	55	32	69	54	64	42	80	66	67	67	38	30	37	0	64	45	70	30	51	60	48	63	45	55	71	38	62	51	47	53	36	53	55	36	33	33	61	38	63	40	59	39	38	75	54	31	77	78	31	71	71	61	47	40	68	76	60	44	61	78	73	63	72	41	70	58	65	42	58	55	56	56	72	60	64	40	53	78	77	60	42	63	44	30	63	41	69
53	73	58	70	55	33	59	65	63	44	45	36	60	75	50	54	77	54	41	55	75	34	60	48	59	62	64	0	54	75	43	54	77	44	64	77	30	57	32	32	41	54	40	43	65	37	32	36	31	77	65	71	77	79	39	48	51	57	36	64	47	48	73	64	67	66	61	62	73	62	68	73	77	75	48	32	72	35	40	50	31	68	48	69	69	76	44	60	47	37	77	61	34	39	50	66	73	60	49	48
40	38	43	58	42	77	73	50	71	34	40	57	71	38	58	40	32	76	73	70	50	52	59	37	79	67	45	54	0	39	56	77	41	33	31	67	40	39	43	76	32	33	74	63	31	69	77	51	70	78	35	37	38	57	51	37	51	59	52	52	76	70	68	65	53	60	59	67	48	52	77	43	45	67	74	61	58	45	31	79	39	40	32	67	39	49	48	33	47	41	56	69	70	36	71	80	57	74	42	55
76	80	37	63	39	41	59	71	63	52	42	62	58	50	75	76	31	70	55	60	40	34	44	79	67	39	70	75	39	0	44	70	70	69	50	51	61	38	31	62	43	80	55	52	48	32	38	43	78	54	50	54	78	44	48	75	47	46	48	76	70	71	30	62	48	49	50	44	40	34	57	67	69	71	32	72	60	55	77	62	36	74	74	66	56	54	64	30	64	40	41	41	69	44	38	62	59	66	77	65
40	56	71	54	45	31	35	39	60	58	74	80	71	55	60	41	31	59	75	58	54	51	69	78	56	70	30	43	56	44	0	66	66	52	53	35	64	50	57	47	59	74	72	48	68	65	33	35	53	41	42	48	72	47	73	69	68	37	78	68	42	78	75	65	71	58	70	33	68	68	72	59	55	51	74	74	34	42	35	51	51	48	70	67	68	70	38	36	32	80	55	71	41	58	77	76	79	31	76	54
76	61	49	36	51	74	42	80	36	77	62	58	39	38	73	30	30	44	39	80	75	36	67	69	55	49	51	54	77	70	66	0	56	52	37	37	63	50	72	56	54	63	76	54	74	68	58	76	30	51	59	35	32	59	59	55	66	47	74	68	77	44	31	80	33	38	69	80	69	72	50	70	73	67	68	35	62	64	65	42	61	58	78	56	73	49	48	76	53	60	44	35	80	52	30	67	59	33	45	31
55	46	51	60	77	40	34	36	42	78	66	42	74	78	63	46	42	43	74	34	77	70	55	59	31	42	60	77	41	70	66	56	0	71	64	70	34	53	44	57	51	44	74	39	80	51	31	54	32	30	37	73	37	53	55	59	42	37	50	50	32	55	67	47	35	60	56	41	75	58	54	49	36	32	64	39	63	49	78	66	49	59	76	63	62	79	40	45	43	56	79	52	38	68	64	80	44	74	44	31
51	70	79	77	68	68	74	40	72	40	62	73	77	58	42	74	31	56	61	31	76	80	35	63	47	43	48	44	33	69	52	52	71	0	41	71	73	36	61	71	67	67	77	50	42	32	64	37	39	33	73	50	48	61	44	47	60	44	45	32	67	74	38	60	80	34	37	47	37	45	57	47	44	42	36	60	43	57	63	55	52	42	50	56	67	48	56	50	51	76	68	67	76	71	33	66	55	60	76	58
64	72	33	78	66	37	42	80	66	56	31	54	72	49	80	55	43	80	72	58	48	52	64	48	67	52	63	64	31	50	53	37	64	41	0	64	61	75	69	76	38	67	75	42	36	59	33	76	79	55	65	60	74	45	51	38	50	70	46	50	64	78	31	60	58	51	47	80	57	41	58	70	50	49	78	78	45	80	58	51	37	54	36	76	31	31	35	73	56	63	46	51	53	65	77	41	67	46	77	32
67	63	77	65	31	72	77	34	51	63	49	71	55	75	50	63	50	34	30	71	76	76	76	74	58	68	45	77	67	51	35	37	70	71	64	0	53	72	67	42	71	65	75	78	64	73	61	39	78	54	80	65	40	52	50	59	58	79	56	68	37	62	39	61	30	69	54	32	71	45	36	66	72	75	53	78	36	59	75	45	47	77	48	30	58	68	43	47	80	80	30	58	39	51	72	40	42	55	75	73
63	66	33	55	46	56	57	37	75	54	59	70	72	31	80	53	66	53	69	76	33	38	62	56	54	64	55	30	40	61	64	63	34	73	61	53	0	64	44	30	56	65	65	77	36	33	50	45	70	73	73	49	37	79	43	45	66	71	57	31	40	41	74	49	44	73	62	78	38	64	40	77	52	58	50	74	31	30	46	54	73	52	78	72	52	40	70	79	71	39	49	75	33	36	61	50	76	33	58	36
53	60	55	44	38	57	76	73	80	44	69	55	47	41	60	62	70	66	74	62	63	75	40	44	36	73	71	57	39	38	50	50	53	36	75	72	64	0	62	73	47	66	62	74	70	75	63	41	54	44	40	34	80	55	57	75	74	55	40	71	30	70	37	55	71	80	49	64	66	67	76	76	54	56	75	59	76	32	34	33	30	64	69	79	39	74	56	72	62	56	55	79	46	58	69	39	50	67	36	35
63	39	36	77	35	62	78	35	38	70	32	59	67	59	73	37	74	57	44	63	53	53	42	47	35	69	38	32	43	31	57	72	44	61	69	67	44	62	0	31	72	53	43	66	77	75	53	60	53	61	64	32	37	30	63	48	37	35	35	73	41	47	72	70	76	63	47	38	31	39	80	48	68	35	50	39	63	72	79	53	46	66	47	78	57	67	54	67	44	30	42	60	52	58	65	61	63	52	55	31
64	75	40	69	58	52	36	60	49	38	53	48	30	77	38	72	35	78	77	31	30	57	60	75	71	80	62	32	76	62	47	56	57	71	76	42	30	73	31	0	36	76	67	67	65	74	61	74	69	37	72	76	41	68	71	54	30	78	34	54	70	54	61	79	37	48	43	51	46	59	75	76	57	61	56	32	62	40	54	70	57	52	55	48	61	57	30	43	31	40	68	59	77	65	36	76	51	57	74	63
42	46	78	80	62	31	48	41	44	57	59	43	44	69	62	42	61	50	36	40	78	39	70	49	53	53	51	41	32	43	59	54	51	67	38	71	56	47	72	36	0	78	67	33	44	34	57	51	49	72	78	78	66	57	77	46	61	54	75	67	71	73	67	79	76	56	41	42	43	44	43	63	61	76	45	47	80	34	35	41	51	58	35	69	62	51	61	73	31	47	73	65	52	73	42	64	39	74	37	59
43	53	39	43	36	60	48	45	69	43	43	58	70	38	78	67	66	64	43	51	67	48	54	45	57	64	47	54	33	80	74	63	44	67	67	65	65	66	53	76	78	0	36	64	61	46	49	55	52	76	52	30	31	36	78	73	57	66	34	52	66	72	70	76	33	77	62	67	38	63	37	51	35	41	43	44	65	55	49	41	65	65	58	45	66	44	78	76	42	46	62	67	66	37	55	40	31	40	32	36
33	40	32	64	68	51	76	78	38	65	42	41	31	54	58	50	41	57	60	69	55	76	56	34	30	30	53	40	74	55	72	76	74	77	75	75	65	62	43	67	67	36	0	43	66	47	52	65	70	76	63	44	38	52	38	43	68	54	39	73	53	71	36	33	53	71	38	38	79	43	69	75	40	48	61	39	80	47	58	47	57	43	64	37	56	38	63	36	33	80	72	66	78	71	61	65	76	57	75	43
53	41	58	52	64	55	68	68	77	60	34	71	77	49	61	52	69	75	78	47	79	46	46	80	78	45	36	43	63	52	48	54	39	50	42	78	77	74	66	67	33	64	43	0	64	51	76	47	73	41	50	58	56	67	62	60	37	75	70	63	66	48	65	46	76	43	79	37	73	73	50	78	80	71	63	41	56	78	67	69	53	53	36	51	76	48	63	51	62	69	33	44	76	52	33	66	33	30	44	34
53	36	65	64	72	54	31	60	78	47	54	75	42	73	59	31	57	45	45	59	44	30	69	49	72	51	53	65	31	48	68	74	80	42	36	64	36	70	77	65	44	61	66	64	0	67	65	79	64	79	41	37	32	61	65	60	46	53	75	36	68	61	52	35	68	58	35	64	76	37	61	69	58	53	80	35	66	55	59	51	50	40	47	41	57	59	75	55	75	57	30	50	38	76	59	67	78	72	65	44
42	62	47	43	68	36	43	55	42	50	49	38	30	71	67	40	56	72	54	41	68	52	34	39	66	79	55	37	69	32	65	68	51	32	59	73	33	75	75	74	34	46	47	51	67	0	53	60	64	62	30	74	75	30	55	54	78	77	79	74	74	48	68	37	70	49	33	38	58	58	46	61	72	77	73	67	71	30	32	48	51	73	52	72	31	44	78	41	68	53	80	73	67	60	58	43	66	45	56	73
30	44	64	55	75	41	55	64	52	67	69	67	60	55	49	65	38	80	58	60	44	42	39	68	49	65	36	32	77	38	33	58	31	64	33	61	50	63	53	61	57	49	52	76	65	53	0	40	50	42	73	75	56	70	55	38	32	68	58	32	49	63	37	67	35	68	68	61	36	56	41	40	40	66	77	53	68	41	34	69	30	66	38	49	46	68	60	35	68	64	45	80	48	76	69	69	38	63	31	70
66	74	65	79	36	46	40	37	37	58	34	33	46	48	57	43	69	47	61	76	76	35	74	57	39	62	33	36	51	43	35	76	54	37	76	39	45	41	60	74	51	55	65	47	79	60	40	0	40	64	33	71	60	74	55	70	55	72	49	78	64	55	78	57	46	75	55	45	54	39	65	65	50	37	42	41	48	39	78	63	60	57	53	72	40	42	52	47	34	66	78	53	54	74	69	44	33	72	47	43
31	71	42	46	61	33	59	56	70	76	48	42	54	65	47	46	73	78	50	58	35	65	40	80	36	39	33	31	70	78	53	30	32	39	79	78	70	54	53	69	49	52	70	73	64	64	50	40	0	44	31	32	62	38	43	65	53	42	40	51	43	60	46	33	66	36	74	77	61	76	69	72	43	57	41	60	75	78	31	60	59	52	44	67	49	67	44	41	40	53	77	61	54	56	75	75	57	73	61	61
78	49	78	59	48	74	59	42	78	34	55	40	57	67	68	53	60	48	31	48	64	64	64	69	51	30	61	77	78	54	41	51	30	33	55	54	73	44	61	37	72	76	76	41	79	62	42	64	44	0	67	42	75	78	61	38	42	70	31	36	58	43	34	78	61	38	35	75	34	67	31	57	48	74	32	50	39	74	36	33	36	41	59	59	31	45	68	67	41	37	33	64	51	50	76	54	39	52	74	72
55	43	75	57	44	58	78	78	68	69	44	62	79	41	57	37	47	30	45	69	49	45	78	44	65	63	38	65	35	50	42	59	37	73	65	80	73	40	64	72	78	52	63	50	41	30	73	33	31	67	0	66	32	36	36	31	55	72	44	44	63	39	56	34	45	77	46	45	30	50	66	41	79	48	68	39	80	73	44	79	55	80	60	76	64	42	41	61	30	71	47	78	36	39	47	43	62	51	43	45
69	64	34	47	42	75	61	75	39	71	45	76	31	53	71	40	44	63	64	75	80	32	76	39	55	78	63	71	37	54	48	35	73	50	60	65	49	34	32	76	78	30	44	58	37	74	75	71	32	42	66	0	70	57	67	61	68	62	44	54	74	63	71	44	31	73	36	80	55	53	50	39	47	33	76	35	59	73	66	64	65	45	42	68	75	57	36	78	71	66	66	79	76	66	63	47	63	68	38	43
46	65	71	70	37	53	34	67	46	69	31	39	48	58	54	64	70	36	36	47	56	52	54	62	73	51	40	77	38	78	72	32	37	48	74	40	37	80	37	41	66	31	38	56	32	75	56	60	62	75	32	70	0	80	33	58	61	66	37	66	80	53	30	61	76	63	36	42	35	78	74	67	78	61	57	39	48	61	61	33	76	50	62	43	51	72	35	58	64	64	42	77	36	45	31	47	34	59	59	44
34	72	53	40	36	63	72	79	64	49	66	55	74	42	43	55	61	59	50	45	56	62	38	64	60	50	59	79	57	44	47	59	53	61	45	52	79	55	30	68	57	36	52	67	61	30	70	74	38	78	36	57	80	0	72	34	32	73	73	58	71	37	66	47	76	65	37	67	78	62	67	32	43	45	36	48	51	80	71	80	68	57	52	31	72	74	78	63	32	69	44	38	39	52	32	78	31	35	61	57
36	60	66	30	54	33	47	48	49	58	73	45	46	40	32	59	64	57	57	42	78	38	58	57	32	53	39	39	51	48	73	59	55	44	51	50	43	57	63	71	77	78	38	62	65	55	55	55	43	61	36	67	33	72	0	45	52	74	61	57	58	38	34	33	56	53	52	68	51	58	40	37	63	57	74	53	67	31	72	49	44	38	58	68	51	69	72	34	72	31	77	36	34	41	41	74	48	41	46	74
48	74	35	56	40	74	53	51	46	39	74	59	30	66	57	39	51	76	80	41	70	67	48	62	56	73	38	48	37	75	69	55	59	47	38	59	45	75	48	54	46	73	43	60	60	54	38	70	65	38	31	61	58	34	45	0	34	33	76	67	75	75	71	62	49	63	42	66	48	44	32	57	67	35	60	56	65	46	30	64	37	52	36	43	42	78	57	74	72	79	31	57	73	46	78	56	63	80	38	36
51	70	76	32	41	47	45	77	36	55	71	69	35	66	80	31	67	77	69	36	77	74	70	74	64	32	75	51	51	47	68	66	42	60	50	58	66	74	37	30	61	57	68	37	46	78	32	55	53	42	55	68	61	32	52	34	0	50	54	63	59	49	46	66	60	80	51	36	42	61	51	37	41	34	54	61	63	48	74	72	57	34	41	46	72	70	48	58	78	61	54	69	73	67	31	31	78	38	52	58
71	59	62	53	73	77	49	31	34	64	52	60	35	33	62	48	50	54	63	70	51	66	38	72	34	34	54	57	59	46	37	47	37	44	70	79	71	55	35	78	54	66	54	75	53	77	68	72	42	70	72	62	66	73	74	33	50	0	48	31	60	34	66	51	73	41	70	32	62	40	64	68	79	67	73	69	80	60	36	45	54	78	30	45	74	70	73	37	31	73	59	42	37	41	78	52	73	71	59	39
77	61	38	33	37	70	57	69	31	42	42	66	36	35	37	76	79	80	61	38	55	52	61	44	37	58	31	36	52	48	78	74	50	45	46	56	57	40	35	34	75	34	39	70	75	79	58	49	40	31	44	44	37	73	61	76	54	48	0	39	51	80	31	49	49	77	43	73	78	67	53	66	65	38	52	61	31	46	34	43	75	36	68	69	65	75	77	47	31	70	43	30	46	50	80	68	75	69	54	37
51	56	39	45	47	44	55	37	65	43	48	71	48	31	61	52	62	43	72	37	50	71	65	72	76	47	77	64	52	76	68	68	50	32	50	68	31	71	73	54	67	52	73	63	36	74	32	78	51	36	44	54	66	58	57	67	63	31	39	0	55	51	53	50	73	44	79	80	76	37	40	67	62	38	57	45	61	31	59	37	51	69	62	58	63	57	78	38	56	72	79	71	74	66	76	50	72	57	42	40
34	32	54	30	31	37	33	40	32	56	49	52	54	32	79	41	77	62	61	63	44	47	63	53	60	39	78	47	76	70	42	77	32	67	64	37	40	30	41	70	71	66	53	66	68	74	49	64	43	58	63	74	80	71	58	75	59	60	51	55	0	31	36	44	49	35	77	56	49	79	66	45	42	34	78	75	66	73	74	71	75	48	55	79	41	66	76	59	59	53	61	58	68	46	60	43	59	70	43	75
70	34	63	52	33	80	57	70	56	37	48	47	37	62	30	73	58	54	65	56	73	49	78	39	79	77	31	48	70	71	78	44	55	74	78	62	41	70	47	54	73	72	71	48	61	48	63	55	60	43	39	63	53	37	38	75	49	34	80	51	31	0	32	78	33	64	64	40	78	47	53	47	40	75	71	48	70	75	42	60	54	35	69	35	61	63	63	40	43	31	40	77	41	50	37	54	53	71	76	77
72	76	77	49	71	69	55	66	77	57	38	66	57	74	70	69	67	67	44	43	71	37	66	59	54	62	71	73	68	30	75	31	67	38	31	39	74	37	72	61	67	70	36	65	52	68	37	78	46	34	56	71	30	66	34	71	46	66	31	53	36	32	0	78	60	68	73	68	37	53	68	41	52	47	71	72	44	36	51	67	57	69	44	74	45	53	74	80	73	71	65	58	80	57	54	70	49	56	30	48
49	67	43	47	46	45	42	35	48	79	79	71	51	37	45	60	59	34	57	51	71	59	38	36	65	52	71	64	65	62	65	80	47	60	60	61	49	55	70	79	79	76	33	46	35	37	67	57	33	78	34	44	61	47	33	62	66	51	49	50	44	78	78	0	30	36	60	66	71	80	36	73	48	73	76	36	56	34	49	68	55	74	78	75	70	33	62	31	71	59	72	48	66	39	71	80	71	48	42	50
42	30	55	41	66	67	60	37	68	46	34	80	68	30	77	44	52	77	31	34	73	32	49	51	73	56	61	67	53	48	71	33	35	80	58	30	44	71	76	37	76	33	53	76	68	70	35	46	66	61	45	31	76	76	56	49	60	73	49	73	49	33	60	30	0	33	63	44	32	66	78	36	48	41	56	36	49	77	39	35	61	45	43	61	74	67	50	71	68	60	32	70	75	40	69	46	70	73	61	66
49	39	61	68	72	42	70	32	76	39	55	60	39	51	67	52	55	55	54	43	59	71	52	71	67	78	47	66	60	49	58	38	60	34	51	69	73	80	63	48	56	77	71	43	58	49	68	75	36	38	77	73	63	65	53	63	80	41	77	44	35	64	68	36	33	0	39	73	30	72	36	46	80	50	66	69	41	42	41	55	73	80	58	37	57	53	34	80	61	45	67	51	78	49	49	75	35	46	74	60
64	77	31	71	35	70	30	45	50	46	66	52	78	77	33	66	53	42	37	48	70	74	51	48	51	40	40	61	59	50	70	69	56	37	47	54	62	49	47	43	41	62	38	79	35	33	68	55	74	35	46	36	36	37	52	42	51	70	43	79	77	64	73	60	63	39	0	49	79	79	30	58	77	38	49	71	50	54	80	68	42	71	31	38	48	74	53	76	52	58	59	69	42	78	30	58	54	71	63	44
53	76	49	32	69	78	41	49	54	65	47	48	63	66	36	69	33	55	65	37	37	63	55	37	49	75	68	62	67	44	33	80	41	47	80	32	78	64	38	51	42	67	38	37	64	38	61	45	77	75	45	80	42	67	68	66	36	32	73	80	56	40	68	66	44	73	49	0	37	69	50	36	38	49	52	72	62	44	54	40	50	48	55	71	52	38	36	41	80	65	65	38	79	33	43	80	61	36	35	32
49	61	47	44	43	56	32	66	59	58	75	54	48	77	40	74	48	56	67	44	36	53	76	71	77	59	76	73	48	40	68	69	75	37	57	71	38	66	31	46	43	38	79	73	76	58	36	54	61	34	30	55	35	78	51	48	42	62	78	76	49	78	37	71	32	30	79	37	0	70	61	64	70	61	36	63	37	57	44	37	34	35	63	63	50	52	68	53	31	46	50	53	72	50	61	30	59	39	80	31
41	36	56	36	61	66	53	45	30	41	73	80	51	74	41	66	37	74	36	58	49	78	70	76	53	42	60	62	52	34	68	72	58	45	41	45	64	67	39	59	44	63	43	73	37	58	56	39	76	67	50	53	78	62	58	44	61	40	67	37	79	47	53	80	66	72	79	69	70	0	36	53	48	54	68	60	41	69	61	71	45	72	50	52	40	72	73	55	79	69	55	78	44	60	68	62	52	36	61	52
42	51	48	59	55	58	60	41	41	63	31	54	59	77	33	52	53	65	58	44	66	72	34	55	63	54	44	68	77	57	72	50	54	57	58	36	40	76	80	75	43	37	69	50	61	46	41	65	69	31	66	50	74	67	40	32	51	64	53	40	66	53	68	36	78	36	30	50	61	36	0	61	38	50	46	34	59	41	63	75	42	55	59	79	80	35	67	38	74	48	78	79	40	36	58	33	67	48	30	70
77	39	78	70	74	78	58	58	50	36	47	42	72	55	36	60	55	30	57	60	39	47	78	71	79	63	61	73	43	67	59	70	49	47	70	66	77	76	48	76	63	51	75	78	69	61	40	65	72	57	41	39	67	32	37	57	37	68	66	67	45	47	41	73	36	46	58	36	64	53	61	0	32	61	76	71	79	48	51	45	39	47	39	76	41	43	39	77	60	75	59	69	64	72	71	36	61	73	59	61
55	75	53	42	41	59	38	65	66	72	67	68	61	36	76	68	76	34	60	33	68	30	60	54	42	42	78	77	45	69	55	73	36	44	50	72	52	54	68	57	61	35	40	80	58	72	40	50	43	48	79	47	78	43	63	67	41	79	65	62	42	40	52	48	48	80	77	38	70	48	38	32	0	78	46	56	43	34	30	73	80	75	71	77	71	43	54	64	60	30	68	52	63	71	54	61	71	31	51	68
79	52	71	51	66	65	32	64	44	35	49	64	49	52	70	76	78	79	41	34	32	39	64	70	31	48	73	75	67	71	51	67	32	42	49	75	58	56	35	61	76	41	48	71	53	77	66	37	57	74	48	33	61	45	57	35	34	67	38	38	34	75	47	73	41	50	38	49	61	54	50	61	78	0	42	30	67	74	36	33	72	69	73	45	41	55	34	51	78	67	32	76	32	38	57	47	39	46	70	36
80	74	38	49	64	80	63	68	78	30	30	49	52	39	62	51	71	43	45	49	54	79	67	39	48	71	63	48	74	32	74	68	64	36	78	53	50	75	50	56	45	43	61	63	80	73	77	42	41	32	68	76	57	36	74	60	54	73	52	57	78	71	71	76	56	66	49	52	36	68	46	76	46	42	0	33	68	57	58	38	51	55	72	48	78	58	56	31	71	34	47	59	67	62	47	55	38	36	40	79
67	50	69	59	67	79	34	35	53	67	63	53	49	78	45	31	34	41	66	41	58	71	56	32	74	35	72	32	61	72	74	35	39	60	78	78	74	59	39	32	47	44	39	41	35	67	53	41	60	50	39	35	39	48	53	56	61	69	61	45	75	48	72	36	36	69	71	72	63	60	34	71	56	30	33	0	67	52	37	66	64	75	46	48	40	80	65	40	66	56	57	71	37	77	48	44	78	55	79	66
46	38	62	46	36	33	76	68	47	73	76	74	48	75	30	42	57	53	73	80	34	38	58	47	47	69	41	72	58	60	34	62	63	43	45	36	31	76	63	62	80	65	80	56	66	71	68	48	75	39	80	59	48	51	67	65	63	80	31	61	66	70	44	56	49	41	50	62	37	41	59	79	43	67	68	67	0	65	43	44	65	55	78	72	63	33	53	40	78	64	50	60	46	35	53	73	45	60	49	54
50	37	51	53	40	41	76	69	43	45	51	55	52	33	40	62	68	48	39	46	49	32	55	79	73	70	70	35	45	55	42	64	49	57	80	59	30	32	72	40	34	55	47	78	55	30	41	39	78	74	73	73	61	80	31	46	48	60	46	31	73	75	36	34	77	42	54	44	57	69	41	48	34	74	57	52	65	0	42	60	55	51	67	36	46	36	46	75	75	34	36	64	45	43	65	74	37	50	37	53
40	51	49	62	72	35	53	56	34	56	54	30	62	62	56	72	73	60	67	75	71	60	76	44	36	68	58	40	31	77	35	65	78	63	58	75	46	34	79	54	35	49	58	67	59	32	34	78	31	36	44	66	61	71	72	30	74	36	34	59	74	42	51	49	39	41	80	54	44	61	63	51	30	36	58	37	43	42	0	79	61	67	61	76	60	36	52	46	61	51	40	40	45	34	77	62	73	62	77	55
79	35	79	62	64	74	66	45	63	80	79	80	46	43	32	70	45	38	75	46	56	63	35	35	46	48	65	50	79	62	51	42	66	55	51	45	54	33	53	70	41	41	47	69	51	48	69	63	60	33	79	64	33	80	49	64	72	45	43	37	71	60	67	68	35	55	68	40	37	71	75	45	73	33	38	66	44	60	79	0	36	65	43	43	63	62	33	31	57	37	34	69	67	37	62	70	45	64	71	31
31	60	59	55	35	48	53	43	44	54	34	50	76	39	64	69	31	80	76	40	61	74	52	58	51	34	42	31	39	36	51	61	49	52	37	47	73	30	46	57	51	65	57	53	50	51	30	60	59	36	55	65	76	68	44	37	57	54	75	51	75	54	57	55	61	73	42	50	34	45	42	39	80	72	51	64	65	55	61	36	0	59	76	39	75	38	42	34	61	79	70	48	47	47	72	70	74	75	64	57
30	65	65	32	58	73	36	68	46	46	70	41	30	47	64	42	37	34	64	48	61	50	38	42	60	73	58	68	40	74	48	58	59	42	54	77	52	64	66	52	58	65	43	53	40	73	66	57	52	41	80	45	50	57	38	52	34	78	36	69	48	35	69	74	45	80	71	48	35	72	55	47	75	69	55	75	55	51	67	65	59	0	51	48	46	45	48	68	31	77	51	53	73	73	49	44	32	63	58	71
47	47	70	80	49	35	79	79	60	70	56	51	40	45	67	42	54	72	55	41	72	51	59	40	72	57	55	48	32	74	70	78	76	50	36	48	78	69	47	55	35	58	64	36	47	52	38	53	44	59	60	42	62	52	58	36	41	30	68	62	55	69	44	78	43	58	31	55	63	50	59	39	71	73	72	46	78	67	61	43	76	51	0	51	51	63	63	41	68	72	40	62	69	42	77	79	58	78	61	74
57	36	38	60	75	73	43	61	80	70	44	71	59	68	64	79	75	61	32	63	33	63	51	62	79	51	56	69	67	66	67	56	63	56	76	30	72	79	78	48	69	45	37	51	41	72	49	72	67	59	76	68	43	31	68	43	46	45	69	58	79	35	74	75	61	37	38	71	63	52	79	76	77	45	48	48	72	36	76	43	39	48	51	0	61	73	57	32	37	59	67	34	70	53	46	65	51	34	66	47
40	60	43	30	34	69	54	30	50	40	41	60	62	42	79	39	55	53	77	76	56	56	50	76	55	32	56	69	39	56	68	73	62	67	31	58	52	39	57	61	62	66	56	76	57	31	46	40	49	31	64	75	51	72	51	42	72	74	65	63	41	61	45	70	74	57	48	52	50	40	80	41	71	41	78	40	63	46	60	63	75	46	51	61	0	41	58	42	44	62	35	31	56	53	72	57	66	42	31	49
49	54	54	45	34	41	66	44	66	61	51	68	46	31	37	66	49	33	44	51	50	79	36	68	72	63	72	76	49	54	70	49	79	48	31	68	40	74	67	57	51	44	38	48	59	44	68	42	67	45	42	57	72	74	69	78	70	70	75	57	66	63	53	33	67	53	74	38	52	72	35	43	43	55	58	80	33	36	36	62	38	45	63	73	41	0	54	80	65	49	75	44	80	63	44	79	58	68	70	60
48	66	54	64	35	61	53	51	57	46	74	31	41	47	78	59	68	43	39	37	45	48	35	79	36	64	60	44	48	64	38	48	40	56	35	43	70	56	54	30	61	78	63	63	75	78	60	52	44	68	41	36	35	78	72	57	48	73	77	78	76	63	74	62	50	34	53	36	68	73	67	39	54	34	56	65	53	46	52	33	42	48	63	57	58	54	0	63	68	69	69	55	56	65	42	67	66	42	77	50
68	57	30	71	35	58	68	63	30	56	51	30	68	45	61	40	57	46	66	43	48	57	63	79	64	73	64	60	33	30	36	76	45	50	73	47	79	72	67	43	73	76	36	51	55	41	35	47	41	67	61	78	58	63	34	74	58	37	47	38	59	40	80	31	71	80	76	41	53	55	38	77	64	51	31	40	40	75	46	31	34	68	41	32	42	80	63	0	73	61	46	46	57	61	40	41	45	31	72	65
51	60	66	72	46	76	46	78	39	36	68	51	35	37	72	36	65	80	68	59	75	73	79	62	62	42	40	47	47	64	32	53	43	51	56	80	71	62	44	31	31	42	33	62	75	68	68	34	40	41	30	71	64	32	72	72	78	31	31	56	59	43	73	71	68	61	52	80	31	79	74	60	60	78	71	66	78	75	61	57	61	31	68	37	44	65	68	73	0	53	48	31	74	40	67	71	36	71	31	63
80	66	33	33	65	63	31	34	36	59	61	35	63	76	62	72	52	37	69	51	76	42	58	43	77	35	53	37	41	40	80	60	56	76	63	80	39	56	30	40	47	46	80	69	57	53	64	66	53	37	71	66	64	69	31	79	61	73	70	72	53	31	71	59	60	45	58	65	46	69	48	75	30	67	34	56	64	34	51	37	79	77	72	59	62	49	69	61	53	0	63	32	74	64	57	53	51	59	71	78
78	62	43	57	43	72	37	39	71	54	62	71	47	42	72	40	50	62	36	34	32	63	38	76	62	43	78	77	56	41	55	44	79	68	46	30	49	55	42	68	73	62	72	33	30	80	45	78	77	33	47	66	42	44	77	31	54	59	43	79	61	40	65	72	32	67	59	65	50	55	78	59	68	32	47	57	50	36	40	34	70	51	40	67	35	75	69	46	48	63	0	37	59	33	33	50	32	51	48	73
43	78	79	36	76	53	62	74	43	46	39	76	51	52	67	68	71	51	60	63	44	39	56	68	30	40	77	61	69	41	71	35	52	67	51	58	75	79	60	59	65	67	66	44	50	73	80	53	61	64	78	79	77	38	36	57	69	42	30	71	58	77	58	48	70	51	69	38	53	78	79	69	52	76	59	71	60	64	40	69	48	53	62	34	31	44	55	46	31	32	37	0	39	56	63	41	73	54	49	64
70	73	73	66	66	32	63	77	44	60	80	77	32	65	71	50	55	62	57	47	58	46	50	76	69	49	60	34	70	69	41	80	38	76	53	39	33	46	52	77	52	66	78	76	38	67	48	54	54	51	36	76	36	39	34	73	73	37	46	74	68	41	80	66	75	78	42	79	72	44	40	64	63	32	67	37	46	45	45	67	47	73	69	70	56	80	56	57	74	74	59	39	0	68	40	52	58	55	61	52
51	50	57	54	72	59	31	48	67	56	76	31	30	53	43	33	48	46	74	55	46	33	55	43	72	74	42	39	36	44	58	52	68	71	65	51	36	58	58	65	73	37	71	52	76	60	76	74	56	50	39	66	45	52	41	46	67	41	50	66	46	50	57	39	40	49	78	33	50	60	36	72	71	38	62	77	35	43	34	37	47	73	42	53	53	63	65	61	40	64	33	56	68	0	51	32	56	32	53	52
53	78	62	78	44	33	66	49	80	78	65	32	51	41	52	36	45	35	33	62	66	44	45	66	78	80	63	50	71	38	77	30	64	33	77	72	61	69	65	36	42	55	61	33	59	58	69	69	75	76	47	63	31	32	41	78	31	78	80	76	60	37	54	71	69	49	30	43	61	68	58	71	54	57	47	48	53	65	77	62	72	49	77	46	72	44	42	40	67	57	33	63	40	51	0	37	71	76	67	54
64	77	59	37	40	62	49	50	62	50	40	65	62	75	30	80	45	56	50	56	54	76	53	79	40	75	44	66	80	62	76	67	80	66	41	40	50	39	61	76	64	40	65	66	67	43	69	44	75	54	43	47	47	78	74	56	31	52	68	50	43	54	70	80	46	75	58	80	30	62	33	36	61	47	55	44	73	74	62	70	70	44	79	65	57	79	67	41	71	53	50	41	52	32	37	0	49	41	58	69
66	53	58	45	78	39	48	60	55	35	45	62	69	36	71	42	46	55	40	71	48	32	77	45	32	78	30	73	57	59	79	59	44	55	67	42	76	50	63	51	39	31	76	33	78	66	38	33	57	39	62	63	34	31	48	63	78	73	75	72	59	53	49	71	70	35	54	61	59	52	67	61	71	39	38	78	45	37	73	45	74	32	58	51	66	58	66	45	36	51	32	73	58	56	71	49	0	53	30	48
53	34	48	40	37	63	62	32	49	34	52	79	39	61	67	80	77	36	73	48	79	43	57	63	60	58	63	60	74	66	31	33	74	60	46	55	33	67	52	57	74	40	57	30	72	45	63	72	73	52	51	68	59	35	41	80	38	71	69	57	70	71	56	48	73	46	71	36	39	36	48	73	31	46	36	55	60	50	62	64	75	63	78	34	42	68	42	31	71	59	51	54	55	32	76	41	53	0	43	31
79	59	38	75	75	57	45	74	55	73	67	78	65	51	52	49	71	53	61	55	41	54	63	35	80	57	41	49	42	77	76	45	44	76	77	75	58	36	55	74	37	32	75	44	65	56	31	47	61	74	43	38	59	61	46	38	52	59	54	42	43	76	30	42	61	74	63	35	80	61	30	59	51	70	40	79	49	37	77	71	64	58	61	66	31	70	77	72	31	71	48	49	61	53	67	58	30	43	0	65
71	36	32	72	53	49	77	74	55	47	42	65	53	38	55	66	75	48	61	45	50	76	70	52	34	62	69	48	55	65	54	31	31	58	32	73	36	35	31	63	59	36	43	34	44	73	70	43	61	72	45	43	44	57	74	36	58	39	37	40	75	77	48	50	66	60	44	32	31	52	70	61	68	36	79	66	54	53	55	31	57	71	74	47	49	60	50	65	63	78	73	64	52	52	54	69	48	31	65	0

Initial health value of each distributed equipment: 
(Where columns denote demand points: 1 to 100.)
280.32	307.28	761.90	475.85	688.54	590.94	265.22	633.93	252.56	488.07	665.00	605.14	256.28	497.94	617.10	661.76	350.76	483.60	245.85	151.98	325.62	422.94	185.64	637.12	346.02	186.25	250.32	286.08	259.00	517.45	311.04	214.88	201.15	306.00	547.17	581.44	488.41	665.28	201.15	324.24	287.57	652.21	248.83	446.25	162.41	473.18	473.28	432.12	244.36	296.51	732.84	213.07	474.50	422.56	312.84	162.41	695.04	737.20	225.38	231.08	321.36	203.00	425.79	239.89	416.76	286.08	223.50	297.85	562.40	580.80	364.17	601.88	523.03	354.85	319.80	436.48	193.70	293.70	361.68	190.30	180.29	160.92	339.84	330.00	336.72	360.59	424.70	562.40	168.37	174.33	284.20	226.48	536.30	642.25	255.75	464.64	219.52	310.44	181.78	295.02

Spare parts types of different demand points: 
(where columns denote demand points: 1 to 100.)
9	15	15	2	5	11	9	8	5	8	12	5	5	12	3	8	14	15	5	13	1	3	12	12	13	15	4	8	15	8	5	2	14	5	2	7	13	14	8	6	12	2	9	10	10	9	9	14	9	5	1	3	2	7	6	13	12	14	3	13	4	12	13	4	8	12	9	14	15	12	9	4	10	5	12	12	12	9	15	11	4	10	8	1	9	13	14	12	6	11	15	6	1	9	15	3	1	9	3	15

inventory management cost per unit time of different types of orders: 
(where columns denote types of orders: 1 to 15.)
1.1	2.3	2.9	1.1	2	1.6	2.3	1.3	2.6	2.2	1.9	1.8	2.2	1.2	1.4

Maintenance cost per unit time of different worker: 
(Where rows denote strategy: 1 to 3,and columns denote available worker of each strategy: 1 to 4.)
4.5	3.6	3.3
3.8	3.1	4.9
4	3.1	4.9
3.5	4.8	3.6

The weight of tardiness cost of different demand points: 
(where columns denote demand points: 1 to 100.)
3.2	5.3	5.4	3.4	3.5	3.7	6	4.6	3.9	5.1	4.6	3.4	4.9	4.3	4.9	3.4	5	3.1	3.4	4.6	5.7	3.5	4	3.6	3.1	5.4	3.6	3.6	5.5	5.3	4.1	5.2	3.7	4.9	4.7	3.1	5.5	3.6	5	5.3	5.6	3.3	5	4.7	3.8	5.7	3.4	3.3	4.8	5.6	5	3.7	4.2	4.7	5	5.7	5.1	4.9	3.2	3.6	4.4	3.5	3.3	5.6	3.9	3.3	4.9	3.2	4.1	3.3	5.1	4.7	4.9	3.4	3.5	3.1	5	4.9	4.4	4.1	6	5.2	3.8	4.3	4	5.4	4.7	5.5	3.6	5.1	3.2	5.3	4.8	5.5	5	5.8	3.9	5.3	4.6	3

The waste of old spare part per unit time of each distributed equipment: 
(where columns denote demand points: 1 to 100.)
5.3	6.8	7.3	6.4	7.9	5.3	5.3	6.2	6.1	5.5	5.3	5	5.8	7.2	5.1	5.1	5.2	6.1	6.4	6.3	7.5	6.3	7.3	5.6	5.9	7	6	7.1	5.4	7.2	6	7.1	6.6	7.7	7.8	5	5.1	5.2	5.9	6.3	7.4	6.5	5.2	6.4	5.7	7	6	6.4	6	7.2	5.1	5.2	6.2	7.7	5.2	5.9	7.5	7.4	7	7.2	7.2	8	6.4	6.2	7.8	6.8	5.8	7.1	5.5	7.7	5.3	6.8	5	6.8	6.9	7.1	6.9	7.7	6.4	5.5	5.9	6.7	6.6	7.3	7.4	7.5	6.5	7.1	5.5	6.5	5.6	7.2	5.8	5.5	7.1	7.2	5	5	7.6	6.6

shutdown cost per unit time of each distributed equipment: 
(where columns denote demand points: 1 to 100.)
20.4	23.9	22.1	24.4	20.4	20.8	24.2	22.6	23.6	21.8	21.5	21.3	21.2	24.7	21.3	24.9	21.8	22.2	20.3	24.3	23	21.2	24	22.7	24.8	21.8	22.8	23.3	23.8	23.7	21.6	22.4	23	21.7	21.2	22	24.8	21.2	20.3	22.1	25	23.5	21.8	20.4	23.9	25	21	20.8	24.2	20.7	23.7	20.5	20.8	21.9	22.7	21.8	24.9	25	21.9	20.1	21.2	21.2	23.7	20.8	24.9	21.8	22.7	23.3	20.8	20.9	23.2	23.9	24.8	22.2	22.2	23.6	23.4	24.3	21.6	21.3	22.7	21.6	23.6	20.4	22.7	24.8	22	20.4	22.6	21.9	20.9	24.3	23.8	22.9	24.7	24.3	21.6	21.7	23.4	21.7

Deterioration rate of each piece of equipment:
(Where columns denote distributed equipment: 1 to 100.)
1.28	1.84	1.9	1.55	1.99	1.47	1.78	1.87	1.64	1.87	1.9	1.58	1.72	1.93	1.65	1.76	1.11	1.24	1.65	1.02	1.34	1.14	1.02	1.76	1.58	1.25	1.68	1.92	1.4	1.31	1.08	1.36	1.35	1.2	1.83	1.84	1.69	1.68	1.35	1.68	1.93	1.73	1.67	1.75	1.09	1.18	1.36	1.56	1.64	1.99	1.86	1.43	1.3	1.52	1.58	1.09	1.92	1.94	1.18	1.06	1.04	1.16	1.71	1.61	1.38	1.92	1.5	1.15	1.52	1.65	1.99	1.64	1.93	1.51	1.95	1.24	1.3	1.78	1.32	1.1	1.21	1.08	1.44	2	1.84	1.07	1.37	1.48	1.13	1.17	1.16	1.52	1.55	1.75	1.65	1.28	1.12	1.99	1.22	1.98

The processing time of different types of spare parts: 
(Where rows denote machines: 1 to 5,and columns denote types: 1 to 15.)
25	28	13	12	20	16	16	19	12	15	17	13	25	13	25
18	23	26	17	16	15	27	10	21	14	10	18	23	23	15
21	23	27	22	22	24	24	20	22	29	10	14	24	15	13
20	22	20	19	25	10	20	24	29	28	16	14	14	17	11
18	13	27	24	25	23	26	17	21	27	13	16	22	19	16

The maintenance time of different workers: 
(Where rows denote strategy: 1 to 3,and columns denote available worker of each strategy: 1 to 4.)
31	42	44
48	43	32
34	42	33
48	41	36

Repair degree of different strategies: 
(Where rows denote strategy: 1 to 34.)
0.51	0.5	0.63

Quantity of spare parts of each type reserved in each warehouse: 
(where rows denote warehouses£º1 to 6,and columns denote types£º1 to 15.)
6	10	14	15
1	2	1	2
1	3	6	7	12	13	14	15
1	2	1	1	1	1	1	1
2	3	4	6	11
1	1	1	1	1

Initial due date of each order: 
(Where columns denote order: 1 to 100.)
219	167	401	307	346	402	149	339	154	261	350	383	149	258	374	376	316	390	149	149	243	371	182	362	219	149	149	149	185	395	288	158	149	255	299	316	289	396	149	193	149	377	149	255	149	401	348	277	149	149	394	149	365	278	198	149	362	380	191	218	309	175	249	149	302	149	149	259	370	352	183	367	271	235	164	352	149	165	274	173	149	149	236	165	183	337	310	380	149	149	245	149	346	367	155	363	196	156	149	149

Maintenance starting time window of each piece of equipment: 
(Where rows denote Lower and Upper bounds of Maintenance starting time window: 1 to 2,and columns denote distributed equipment: 1 to 100.)
153.3	116.9	280.7	214.9	242.2	281.4	104.3	237.3	107.8	182.7	245	268.1	104.3	180.6	261.8	263.2	221.2	273	104.3	104.3	170.1	259.7	127.4	253.4	153.3	104.3	104.3	104.3	129.5	276.5	201.6	110.6	104.3	178.5	209.3	221.2	202.3	277.2	104.3	135.1	104.3	263.9	104.3	178.5	104.3	280.7	243.6	193.9	104.3	104.3	275.8	104.3	255.5	194.6	138.6	104.3	253.4	266	133.7	152.6	216.3	122.5	174.3	104.3	211.4	104.3	104.3	181.3	259	246.4	128.1	256.9	189.7	164.5	114.8	246.4	104.3	115.5	191.8	121.1	104.3	104.3	165.2	115.5	128.1	235.9	217	266	104.3	104.3	171.5	104.3	242.2	256.9	108.5	254.1	137.2	109.2	104.3	104.3
197.1	150.3	360.9	276.3	311.4	361.8	134.1	305.1	138.6	234.9	315	344.7	134.1	232.2	336.6	338.4	284.4	351	134.1	134.1	218.7	333.9	163.8	325.8	197.1	134.1	134.1	134.1	166.5	355.5	259.2	142.2	134.1	229.5	269.1	284.4	260.1	356.4	134.1	173.7	134.1	339.3	134.1	229.5	134.1	360.9	313.2	249.3	134.1	134.1	354.6	134.1	328.5	250.2	178.2	134.1	325.8	342	171.9	196.2	278.1	157.5	224.1	134.1	271.8	134.1	134.1	233.1	333	316.8	164.7	330.3	243.9	211.5	147.6	316.8	134.1	148.5	246.6	155.7	134.1	134.1	212.4	148.5	164.7	303.3	279	342	134.1	134.1	220.5	134.1	311.4	330.3	139.5	326.7	176.4	140.4	134.1	134.1

