Number of orders: 
100

Number of factories\warehouses: 
5

Number of machines per factory: 
8

Number of types of spare parts: 
5

Number of maintenance strategies: 
4

Number of available workers per strategy: 
3

Transportation cost per unit time: 
3

Transprotation time between factories/warehouses and demand points: 
(Where rows denote factories: 1 to 5 ,and columns denote demand points: 1 to 100.)
98	47	76	120	47	42	99	107	94	36	70	49	90	84	102	140	147	124	133	32	66	120	58	62	73	131	109	49	67	103	120	120	51	71	128	83	71	53	149	64	132	149	99	144	96	78	145	140	51	31	47	30	128	147	81	98	121	73	111	46	65	148	53	47	55	89	112	146	142	146	52	129	105	49	76	95	144	66	96	33	85	111	136	91	49	101	69	46	40	86	101	104	80	86	132	44	94	64	32	125
60	105	75	109	34	138	44	132	135	53	68	123	80	60	48	142	55	59	72	41	81	97	33	132	39	30	145	95	116	117	127	106	94	69	58	53	63	136	148	125	114	100	53	104	127	71	74	92	133	55	75	44	85	60	68	146	148	69	88	146	93	37	51	122	115	119	88	94	143	98	65	100	102	30	120	119	134	134	107	144	30	90	59	89	138	84	56	53	131	88	124	53	139	41	48	58	48	138	125	83
41	101	75	75	51	79	48	63	36	32	60	91	83	44	119	73	143	105	141	40	74	105	53	44	81	68	42	147	140	64	126	61	47	98	41	32	105	91	88	53	120	62	44	35	73	47	38	112	76	76	72	120	30	57	103	102	38	41	129	100	55	58	68	108	75	111	77	105	79	127	95	61	63	66	35	69	31	89	30	105	72	32	99	76	41	130	56	115	128	59	47	35	78	32	74	51	121	142	83	80
131	129	113	49	66	132	138	144	68	50	59	98	124	108	75	93	93	32	36	117	65	117	92	38	113	105	68	104	146	60	32	54	41	37	51	73	45	143	50	53	84	147	143	44	93	130	64	47	55	115	33	57	105	94	57	63	96	104	91	103	86	141	49	107	33	93	143	43	39	118	106	109	53	58	36	113	83	66	38	107	81	148	100	131	136	55	85	98	94	126	139	64	45	120	53	56	80	61	126	91
127	149	95	130	146	74	40	59	76	97	50	60	58	39	126	128	110	70	52	49	30	51	147	147	111	108	102	40	101	135	41	47	73	127	143	59	54	130	116	57	73	48	141	109	124	85	51	43	148	99	96	61	43	100	109	115	53	52	34	79	149	120	89	115	143	100	30	129	37	87	138	48	77	43	123	97	52	96	125	102	48	135	103	30	147	149	53	112	61	102	144	81	89	91	132	71	30	74	52	144

Tranfer time of each worker between two different demand points: 
(Where rows and columns both denote demands points: 1 to 100.)
0	60	67	54	44	42	44	67	45	66	49	51	30	45	37	48	57	38	51	33	68	39	52	33	55	32	45	36	66	44	67	80	54	51	66	64	69	76	55	31	74	75	73	62	38	32	32	63	43	70	60	54	44	58	60	64	48	78	32	38	64	31	30	36	51	80	80	50	54	34	56	64	58	30	66	55	73	30	38	66	59	57	41	43	76	46	39	76	44	37	66	50	72	65	64	46	53	71	52	48
60	0	64	63	57	53	30	31	47	57	43	51	31	65	51	54	51	73	32	71	49	36	68	60	64	75	78	71	76	77	58	48	53	37	62	49	53	33	45	53	46	79	68	35	30	77	72	80	51	70	50	70	49	79	65	58	73	45	36	53	55	36	79	41	80	62	58	38	64	75	58	70	33	68	35	39	63	34	80	50	42	61	75	66	65	44	39	73	30	31	36	44	68	63	61	52	34	74	74	30
67	64	0	57	64	38	74	40	34	75	79	69	44	46	72	75	35	64	76	51	77	33	38	44	33	40	73	47	57	44	65	67	46	80	40	71	74	33	80	33	44	60	50	32	33	42	65	45	51	54	65	59	61	43	36	78	67	51	65	52	53	80	49	62	35	73	76	47	75	34	51	76	77	67	70	76	55	40	70	46	34	42	33	59	38	56	35	41	62	39	74	40	60	79	67	41	58	39	42	46
54	63	57	0	57	47	63	45	76	51	38	57	51	57	61	33	46	35	51	37	49	75	51	30	55	33	67	51	61	58	57	31	32	47	32	31	43	55	50	64	42	71	65	74	53	72	69	32	67	54	76	57	56	77	56	72	75	45	45	42	75	49	68	56	68	30	48	60	33	32	61	70	71	53	77	41	44	50	66	33	50	33	79	79	78	52	62	79	35	67	71	70	50	67	77	30	46	31	63	58
44	57	64	57	0	41	46	41	58	62	36	38	62	33	36	69	60	73	36	73	62	41	59	34	44	76	55	67	47	65	63	59	48	76	47	51	30	77	34	41	36	30	45	49	47	65	35	53	60	79	56	74	52	68	78	73	40	33	73	46	32	62	56	33	37	79	30	50	79	65	49	75	50	75	45	72	36	64	50	47	77	59	56	66	47	74	73	65	55	46	72	46	43	61	43	31	59	55	34	31
42	53	38	47	41	0	54	75	77	65	30	51	65	54	53	69	47	78	58	66	30	52	47	66	45	38	74	71	76	68	52	31	45	63	69	47	51	78	80	35	49	56	72	54	80	38	49	60	59	75	53	30	80	40	46	61	62	61	43	75	77	73	69	53	51	73	69	46	65	41	55	42	44	41	45	56	41	77	77	73	61	46	75	36	56	30	35	49	73	59	47	71	75	66	42	67	66	42	80	68
44	30	74	63	46	54	0	35	34	71	58	74	63	60	48	79	67	47	73	77	57	74	45	43	58	54	48	66	75	67	60	36	80	42	73	68	55	73	34	33	65	47	77	72	52	32	39	60	49	45	56	51	56	73	46	59	39	33	50	43	58	45	57	33	39	60	63	40	39	68	79	59	34	36	43	73	66	74	75	40	74	74	65	32	72	38	65	50	70	42	36	38	48	74	74	57	43	53	71	47
67	31	40	45	41	75	35	0	36	38	39	43	33	40	30	79	61	43	66	74	54	43	43	37	51	69	59	33	40	57	58	38	39	59	54	49	61	48	38	78	74	38	44	70	50	57	40	72	47	49	58	78	65	36	40	39	40	56	79	52	56	68	51	38	77	65	74	32	56	42	37	69	61	34	73	78	68	76	67	35	35	54	40	41	36	79	38	61	30	52	53	38	80	60	39	50	69	31	77	75
45	47	34	76	58	77	34	36	0	42	77	30	61	54	38	78	69	49	59	49	65	72	36	74	35	43	75	30	70	41	48	68	53	76	52	40	56	70	48	36	61	51	53	50	48	79	65	58	79	60	76	45	58	45	58	54	73	45	43	67	47	37	37	55	76	31	70	44	72	68	38	55	60	66	50	58	37	64	52	36	58	47	41	32	50	51	78	80	60	31	52	62	43	60	42	35	80	70	57	47
66	57	75	51	62	65	71	38	42	0	80	53	43	41	43	79	55	30	74	45	31	64	38	77	43	66	30	68	42	64	38	44	77	49	57	66	43	60	54	41	66	49	47	57	43	50	65	33	75	80	43	64	63	51	65	59	60	44	79	80	59	53	74	70	54	70	65	62	30	45	74	59	69	73	54	61	41	36	31	42	34	79	40	76	59	40	80	36	79	51	75	41	42	70	57	66	64	35	31	44
49	43	79	38	36	30	58	39	77	80	0	36	34	67	45	43	79	47	57	64	31	56	49	35	31	64	49	69	75	72	45	40	69	32	50	47	65	46	69	55	79	31	50	50	55	40	65	78	41	79	51	80	80	45	48	77	41	36	61	56	47	47	52	49	75	54	74	35	78	74	35	51	71	79	35	45	76	37	42	77	73	38	71	33	33	30	48	69	45	55	63	47	52	33	60	40	30	70	57	40
51	51	69	57	38	51	74	43	30	53	36	0	78	33	49	64	72	36	32	66	30	54	52	64	64	60	50	56	46	79	79	43	66	69	39	64	78	55	73	42	33	52	38	76	77	32	77	67	42	34	78	67	31	36	70	79	34	59	75	38	59	78	41	57	47	75	52	61	78	48	78	68	79	71	67	45	78	46	53	37	49	71	74	71	76	35	61	76	39	47	60	76	33	37	49	33	79	74	79	56
30	31	44	51	62	65	63	33	61	43	34	78	0	60	41	64	53	37	74	41	67	53	76	37	78	75	48	74	77	64	43	47	73	36	64	37	69	56	59	78	69	71	54	49	46	73	59	51	73	70	45	49	40	56	77	60	79	41	80	47	38	66	55	76	64	47	50	57	72	59	64	66	30	54	64	73	48	37	51	52	74	32	68	69	78	49	60	72	54	80	32	70	66	59	51	80	53	46	49	63
45	65	46	57	33	54	60	40	54	41	67	33	60	0	66	70	49	35	57	47	59	43	34	65	41	31	57	37	57	36	72	34	53	78	77	69	68	39	39	60	77	76	63	33	50	30	52	51	42	55	36	33	43	36	52	79	72	64	80	65	58	53	76	43	71	31	70	77	46	47	39	55	73	50	62	61	37	40	44	41	37	39	80	64	67	70	67	66	40	66	65	57	63	77	47	58	65	33	36	56
37	51	72	61	36	53	48	30	38	43	45	49	41	66	0	69	69	56	41	66	38	50	52	34	39	51	33	59	75	77	55	69	39	40	75	35	33	77	61	52	59	61	37	43	59	49	43	63	30	63	72	42	66	30	67	62	65	32	38	58	59	43	50	33	73	55	61	40	57	38	32	56	62	30	60	80	32	48	79	51	69	58	47	56	42	31	77	48	78	47	43	71	68	70	34	65	49	54	49	52
48	54	75	33	69	69	79	79	78	79	43	64	64	70	69	0	68	43	72	66	30	63	39	44	59	80	79	32	80	69	76	78	74	73	33	48	58	53	49	42	33	33	61	55	62	60	75	74	42	77	34	67	68	60	48	48	77	74	32	32	42	61	57	61	46	61	52	49	53	30	38	41	64	64	48	44	53	68	74	53	37	60	48	61	40	63	48	38	47	57	56	73	64	51	43	63	51	53	53	54
57	51	35	46	60	47	67	61	69	55	79	72	53	49	69	68	0	56	47	30	42	79	62	75	41	50	72	72	53	51	31	58	51	39	79	67	80	67	79	32	71	51	44	36	70	43	66	76	79	47	66	73	68	43	60	67	48	57	77	32	38	41	61	69	69	80	66	44	42	62	51	61	79	57	54	54	43	74	57	68	46	37	61	33	71	79	75	31	50	71	55	30	39	62	70	44	69	66	60	51
38	73	64	35	73	78	47	43	49	30	47	36	37	35	56	43	56	0	38	49	60	42	40	51	73	31	41	51	44	51	60	69	72	44	73	80	80	75	57	67	34	43	68	66	38	41	72	32	73	60	33	74	44	67	69	77	32	62	31	49	77	59	56	58	57	55	33	45	33	62	31	34	58	31	34	51	59	64	33	32	60	58	38	53	60	71	72	47	78	30	54	56	69	69	71	80	53	63	41	77
51	32	76	51	36	58	73	66	59	74	57	32	74	57	41	72	47	38	0	57	79	51	80	40	72	69	54	34	38	56	41	46	45	56	32	33	67	64	73	79	32	52	57	42	40	59	60	78	39	54	79	48	37	36	59	38	63	63	44	53	57	72	65	75	70	70	51	49	71	52	66	56	56	42	72	36	43	63	30	39	76	62	32	71	32	44	44	46	59	74	55	33	70	49	71	44	47	71	50	47
33	71	51	37	73	66	77	74	49	45	64	66	41	47	66	66	30	49	57	0	45	75	80	57	58	46	40	41	47	62	59	49	43	55	67	67	50	31	40	65	52	77	60	31	58	35	77	62	53	74	35	57	45	43	63	49	53	75	66	35	49	68	48	61	43	52	70	49	45	48	70	34	62	40	35	80	67	64	60	58	63	56	79	42	39	78	76	74	79	72	70	72	62	62	35	68	64	64	74	63
68	49	77	49	62	30	57	54	65	31	31	30	67	59	38	30	42	60	79	45	0	35	36	68	74	37	33	47	35	41	52	46	49	55	54	47	58	53	36	75	42	71	32	39	37	38	52	45	47	36	43	76	70	59	79	37	59	50	77	67	52	55	50	45	69	76	51	79	40	57	59	62	68	50	74	70	73	43	38	42	58	72	41	68	51	63	55	30	44	32	70	77	32	45	73	41	46	50	43	37
39	36	33	75	41	52	74	43	72	64	56	54	53	43	50	63	79	42	51	75	35	0	48	34	45	61	78	45	64	33	48	47	38	78	71	46	31	67	44	67	34	72	57	69	63	73	45	74	48	70	75	57	69	57	65	51	38	70	66	73	39	76	78	61	42	58	67	60	58	58	44	79	30	31	63	49	45	44	64	34	63	51	33	52	52	80	67	62	53	50	32	67	73	32	73	46	61	70	35	58
52	68	38	51	59	47	45	43	36	38	49	52	76	34	52	39	62	40	80	80	36	48	0	61	60	66	67	50	66	80	32	39	70	66	46	58	47	50	74	78	73	75	51	32	60	66	41	44	33	77	35	58	79	55	66	50	33	73	79	70	71	61	59	57	42	37	59	62	61	69	30	76	60	67	71	68	75	73	72	46	38	76	45	62	56	80	60	34	45	62	48	71	56	53	40	59	50	39	60	32
33	60	44	30	34	66	43	37	74	77	35	64	37	65	34	44	75	51	40	57	68	34	61	0	71	38	49	61	59	39	74	52	72	71	73	49	38	61	76	40	35	61	71	57	48	41	35	49	36	76	74	79	78	75	67	79	66	51	53	71	69	72	65	49	68	48	73	74	32	76	57	37	32	62	44	60	47	43	42	64	37	68	45	37	66	64	75	65	68	65	62	48	80	64	47	57	32	31	61	66
55	64	33	55	44	45	58	51	35	43	31	64	78	41	39	59	41	73	72	58	74	45	60	71	0	36	66	31	40	35	52	43	48	62	51	50	64	47	38	57	78	72	75	34	60	76	39	76	58	41	32	45	52	41	40	40	50	44	38	46	49	59	67	37	30	44	62	77	30	34	52	47	30	52	62	64	39	59	71	74	38	56	48	80	71	50	44	41	63	77	74	66	61	35	79	69	34	48	34	79
32	75	40	33	76	38	54	69	43	66	64	60	75	31	51	80	50	31	69	46	37	61	66	38	36	0	38	60	41	31	70	59	66	66	33	59	65	54	32	56	59	39	63	36	75	53	79	80	74	48	59	77	59	32	35	71	51	46	75	42	39	57	60	59	56	63	39	79	70	55	32	64	44	44	34	71	68	48	59	41	42	31	61	66	71	56	30	71	48	60	51	31	45	67	78	49	31	67	65	75
45	78	73	67	55	74	48	59	75	30	49	50	48	57	33	79	72	41	54	40	33	78	67	49	66	38	0	59	69	43	43	74	79	36	50	73	41	60	74	80	75	79	52	41	59	44	64	36	63	55	58	71	58	40	52	43	76	70	35	63	64	45	40	51	35	38	79	41	61	58	41	67	66	32	76	56	52	41	52	55	74	72	80	67	61	45	50	57	71	51	70	74	78	33	33	67	68	53	58	76
36	71	47	51	67	71	66	33	30	68	69	56	74	37	59	32	72	51	34	41	47	45	50	61	31	60	59	0	49	69	71	33	35	60	46	65	38	53	53	72	32	57	67	79	34	31	61	71	34	59	50	77	73	40	45	56	46	80	69	75	78	74	67	44	77	78	64	67	79	78	79	72	54	43	48	40	34	74	41	72	54	35	55	60	32	55	76	72	80	44	73	41	38	45	63	45	59	41	39	68
66	76	57	61	47	76	75	40	70	42	75	46	77	57	75	80	53	44	38	47	35	64	66	59	40	41	69	49	0	31	67	62	67	34	32	47	52	30	39	50	39	52	60	58	69	31	68	73	71	68	57	57	51	65	33	52	77	75	52	72	48	41	79	80	38	73	53	59	67	63	73	44	66	31	54	71	71	60	35	59	38	35	58	48	47	35	78	43	66	80	40	70	56	39	36	72	70	56	52	30
44	77	44	58	65	68	67	57	41	64	72	79	64	36	77	69	51	51	56	62	41	33	80	39	35	31	43	69	31	0	73	44	79	49	45	61	50	60	30	68	74	60	77	53	32	34	41	72	57	35	66	36	65	42	43	41	35	43	54	72	31	38	49	35	55	52	70	46	30	38	50	59	74	59	74	69	63	31	73	67	52	77	80	37	63	42	63	53	30	32	44	78	57	75	37	50	64	43	41	56
67	58	65	57	63	52	60	58	48	38	45	79	43	72	55	76	31	60	41	59	52	48	32	74	52	70	43	71	67	73	0	71	57	59	76	70	60	49	47	64	69	50	64	69	37	53	60	80	73	40	56	66	46	32	47	35	72	62	33	44	57	36	42	37	48	41	63	41	68	65	47	46	44	75	38	75	39	44	67	40	73	46	63	30	64	69	41	38	54	42	34	44	52	78	80	64	39	45	45	31
80	48	67	31	59	31	36	38	68	44	40	43	47	34	69	78	58	69	46	49	46	47	39	52	43	59	74	33	62	44	71	0	63	42	66	41	45	50	50	60	58	78	55	60	76	52	51	54	52	54	76	40	61	52	67	71	33	42	54	37	67	36	69	31	37	78	46	66	32	76	36	71	33	60	41	80	64	64	49	59	80	50	67	56	51	45	51	53	50	50	73	63	57	43	45	71	76	52	73	40
54	53	46	32	48	45	80	39	53	77	69	66	73	53	39	74	51	72	45	43	49	38	70	72	48	66	79	35	67	79	57	63	0	50	61	56	56	75	34	36	39	65	35	74	32	33	52	33	45	78	35	51	41	61	48	78	56	38	31	68	45	41	34	39	76	74	66	68	40	74	75	63	30	48	42	44	61	48	36	58	71	79	62	67	33	70	66	48	67	42	75	31	61	45	70	32	79	52	76	53
51	37	80	47	76	63	42	59	76	49	32	69	36	78	40	73	39	44	56	55	55	78	66	71	62	66	36	60	34	49	59	42	50	0	32	53	30	67	54	53	31	37	69	31	43	55	30	45	50	43	76	63	72	67	49	55	36	43	42	69	77	68	53	59	44	60	64	54	69	56	80	79	34	55	55	68	60	58	62	72	49	61	47	59	38	56	57	61	69	42	46	61	61	75	57	39	39	55	74	58
66	62	40	32	47	69	73	54	52	57	50	39	64	77	75	33	79	73	32	67	54	71	46	73	51	33	50	46	32	45	76	66	61	32	0	61	53	60	66	58	60	31	57	41	52	70	38	69	63	65	64	73	50	76	51	74	66	44	76	48	44	41	40	47	73	68	71	46	79	71	70	60	69	47	30	43	74	34	61	53	64	63	55	50	49	61	33	34	65	54	44	52	33	54	31	46	33	72	45	50
64	49	71	31	51	47	68	49	40	66	47	64	37	69	35	48	67	80	33	67	47	46	58	49	50	59	73	65	47	61	70	41	56	53	61	0	54	58	47	52	69	69	48	50	61	59	39	44	70	75	43	39	44	71	34	36	71	36	38	55	66	40	77	80	52	76	38	69	54	42	37	70	42	71	51	54	49	38	35	46	48	74	75	74	39	35	49	52	56	80	74	50	76	33	40	68	47	39	38	67
69	53	74	43	30	51	55	61	56	43	65	78	69	68	33	58	80	80	67	50	58	31	47	38	64	65	41	38	52	50	60	45	56	30	53	54	0	72	76	59	76	62	59	75	63	69	39	38	47	75	53	36	51	43	54	56	51	80	45	32	30	37	69	40	40	41	70	78	55	75	73	35	53	43	72	61	37	33	63	47	47	80	59	64	34	31	63	43	35	72	61	80	75	67	35	53	39	70	67	77
76	33	33	55	77	78	73	48	70	60	46	55	56	39	77	53	67	75	64	31	53	67	50	61	47	54	60	53	30	60	49	50	75	67	60	58	72	0	47	49	64	47	54	32	60	45	49	46	72	61	40	47	50	80	42	42	77	80	72	68	45	79	76	70	70	58	55	63	51	40	34	42	53	36	72	32	77	31	66	48	35	37	54	53	48	48	66	72	32	68	59	51	69	72	50	49	70	60	65	62
55	45	80	50	34	80	34	38	48	54	69	73	59	39	61	49	79	57	73	40	36	44	74	76	38	32	74	53	39	30	47	50	34	54	66	47	76	47	0	77	78	65	76	41	32	45	58	79	79	34	44	59	50	41	51	55	68	31	64	30	76	44	75	67	33	49	55	55	79	32	40	37	43	59	46	35	49	71	48	63	33	32	75	40	77	80	57	80	44	56	75	56	51	56	55	78	37	57	56	60
31	53	33	64	41	35	33	78	36	41	55	42	78	60	52	42	32	67	79	65	75	67	78	40	57	56	80	72	50	68	64	60	36	53	58	52	59	49	77	0	54	60	38	70	32	55	36	75	43	51	51	80	32	35	76	33	65	47	32	31	30	70	77	59	63	36	61	68	72	69	48	55	62	61	66	46	70	59	61	33	54	75	40	80	33	41	64	33	35	30	76	74	40	55	68	64	40	74	49	47
74	46	44	42	36	49	65	74	61	66	79	33	69	77	59	33	71	34	32	52	42	34	73	35	78	59	75	32	39	74	69	58	39	31	60	69	76	64	78	54	0	51	65	59	70	79	57	55	54	36	32	32	79	35	69	61	42	47	38	67	44	56	48	68	65	32	75	40	55	36	76	32	60	49	39	76	45	69	35	80	61	56	50	40	36	48	75	37	35	44	48	52	35	72	30	45	64	71	35	49
75	79	60	71	30	56	47	38	51	49	31	52	71	76	61	33	51	43	52	77	71	72	75	61	72	39	79	57	52	60	50	78	65	37	31	69	62	47	65	60	51	0	57	64	45	45	70	64	65	36	68	43	72	41	41	65	39	45	46	35	60	60	50	68	33	49	34	59	67	38	48	53	34	57	69	43	75	80	54	79	80	54	76	58	79	74	78	77	64	37	72	56	68	31	39	59	33	61	55	74
73	68	50	65	45	72	77	44	53	47	50	38	54	63	37	61	44	68	57	60	32	57	51	71	75	63	52	67	60	77	64	55	35	69	57	48	59	54	76	38	65	57	0	59	36	67	45	66	65	54	50	35	45	39	30	31	54	53	62	57	66	33	55	71	40	62	41	32	44	69	47	61	32	73	31	57	75	62	57	54	70	72	30	75	75	32	36	54	42	72	61	57	76	57	78	54	41	35	67	74
62	35	32	74	49	54	72	70	50	57	50	76	49	33	43	55	36	66	42	31	39	69	32	57	34	36	41	79	58	53	69	60	74	31	41	50	75	32	41	70	59	64	59	0	44	40	55	68	73	38	73	52	31	51	73	55	68	68	33	51	51	73	33	65	70	72	73	42	64	66	79	64	35	70	59	36	57	70	56	76	62	73	40	63	70	42	46	66	38	45	55	76	49	47	65	33	61	47	33	37
38	30	33	53	47	80	52	50	48	43	55	77	46	50	59	62	70	38	40	58	37	63	60	48	60	75	59	34	69	32	37	76	32	43	52	61	63	60	32	32	70	45	36	44	0	74	35	36	46	51	53	43	78	48	74	77	50	40	50	55	48	62	41	45	56	43	63	40	48	79	57	56	30	47	51	37	43	67	55	75	73	73	77	50	51	54	38	59	58	34	59	49	77	36	51	59	68	71	76	34
32	77	42	72	65	38	32	57	79	50	40	32	73	30	49	60	43	41	59	35	38	73	66	41	76	53	44	31	31	34	53	52	33	55	70	59	69	45	45	55	79	45	67	40	74	0	63	56	52	69	35	62	38	75	36	76	48	64	50	61	73	38	39	80	53	57	32	68	37	73	71	31	46	80	58	71	38	79	63	32	33	76	78	30	58	79	61	31	49	75	60	79	35	64	77	52	74	70	72	55
32	72	65	69	35	49	39	40	65	65	65	77	59	52	43	75	66	72	60	77	52	45	41	35	39	79	64	61	68	41	60	51	52	30	38	39	39	49	58	36	57	70	45	55	35	63	0	52	54	80	57	80	39	55	61	78	31	71	44	32	38	78	79	63	38	54	56	35	63	77	72	69	37	61	36	47	33	73	75	44	79	37	77	52	39	69	78	44	48	61	73	45	63	73	66	51	73	75	38	49
63	80	45	32	53	60	60	72	58	33	78	67	51	51	63	74	76	32	78	62	45	74	44	49	76	80	36	71	73	72	80	54	33	45	69	44	38	46	79	75	55	64	66	68	36	56	52	0	47	59	70	62	38	30	40	41	67	62	62	34	33	34	74	75	56	69	50	75	76	59	45	64	57	35	51	69	72	67	63	50	49	38	60	60	54	80	73	61	30	37	37	55	60	57	71	46	31	45	54	73
43	51	51	67	60	59	49	47	79	75	41	42	73	42	30	42	79	73	39	53	47	48	33	36	58	74	63	34	71	57	73	52	45	50	63	70	47	72	79	43	54	65	65	73	46	52	54	47	0	71	54	77	73	67	69	43	55	37	44	34	66	36	57	35	67	40	67	44	39	44	73	76	37	32	46	44	33	47	31	30	64	80	34	40	46	52	55	41	58	42	60	55	48	71	59	41	66	57	36	66
70	70	54	54	79	75	45	49	60	80	79	34	70	55	63	77	47	60	54	74	36	70	77	76	41	48	55	59	68	35	40	54	78	43	65	75	75	61	34	51	36	36	54	38	51	69	80	59	71	0	71	43	50	49	70	63	68	51	67	77	49	78	45	35	53	46	69	57	57	36	52	37	60	70	62	62	71	34	55	69	75	65	53	68	58	33	69	70	52	69	72	51	41	42	32	78	45	35	59	30
60	50	65	76	56	53	56	58	76	43	51	78	45	36	72	34	66	33	79	35	43	75	35	74	32	59	58	50	57	66	56	76	35	76	64	43	53	40	44	51	32	68	50	73	53	35	57	70	54	71	0	56	40	46	36	73	49	32	73	60	57	50	47	52	72	80	54	58	61	31	66	53	73	52	53	62	47	56	77	35	59	37	49	73	78	45	31	75	79	52	32	73	39	67	64	79	36	50	68	48
54	70	59	57	74	30	51	78	45	64	80	67	49	33	42	67	73	74	48	57	76	57	58	79	45	77	71	77	57	36	66	40	51	63	73	39	36	47	59	80	32	43	35	52	43	62	80	62	77	43	56	0	44	65	30	53	41	42	72	59	41	55	32	38	42	49	47	48	63	32	66	66	50	43	51	39	52	43	47	66	64	33	71	71	51	66	80	52	52	59	77	78	34	60	49	67	72	56	45	45
44	49	61	56	52	80	56	65	58	63	80	31	40	43	66	68	68	44	37	45	70	69	79	78	52	59	58	73	51	65	46	61	41	72	50	44	51	50	50	32	79	72	45	31	78	38	39	38	73	50	40	44	0	56	39	70	34	62	58	57	58	55	54	53	37	80	54	55	57	30	44	42	58	33	67	78	44	42	50	77	78	45	44	75	70	77	47	77	31	53	34	35	34	70	60	54	79	45	69	45
58	79	43	77	68	40	73	36	45	51	45	36	56	36	30	60	43	67	36	43	59	57	55	75	41	32	40	40	65	42	32	52	61	67	76	71	43	80	41	35	35	41	39	51	48	75	55	30	67	49	46	65	56	0	32	43	48	54	65	38	41	32	38	62	69	34	34	79	74	50	56	64	39	38	61	59	50	64	38	51	80	41	44	36	70	80	65	59	47	61	75	53	64	62	51	69	44	66	65	30
60	65	36	56	78	46	46	40	58	65	48	70	77	52	67	48	60	69	59	63	79	65	66	67	40	35	52	45	33	43	47	67	48	49	51	34	54	42	51	76	69	41	30	73	74	36	61	40	69	70	36	30	39	32	0	66	66	69	65	64	73	57	54	58	48	67	48	75	47	43	44	36	64	52	41	50	61	32	45	55	45	31	42	71	50	64	48	64	49	75	42	79	59	80	48	49	46	32	50	60
64	58	78	72	73	61	59	39	54	59	77	79	60	79	62	48	67	77	38	49	37	51	50	79	40	71	43	56	52	41	35	71	78	55	74	36	56	42	55	33	61	65	31	55	77	76	78	41	43	63	73	53	70	43	66	0	42	50	46	75	69	60	57	57	30	31	34	71	30	69	64	72	76	43	32	39	57	74	66	49	45	38	39	41	37	56	71	72	37	50	47	60	53	40	64	31	44	55	31	70
48	73	67	75	40	62	39	40	73	60	41	34	79	72	65	77	48	32	63	53	59	38	33	66	50	51	76	46	77	35	72	33	56	36	66	71	51	77	68	65	42	39	54	68	50	48	31	67	55	68	49	41	34	48	66	42	0	74	39	79	39	80	78	49	63	69	48	71	51	38	43	75	38	32	50	39	61	56	80	71	33	44	46	67	64	42	50	65	73	66	64	42	31	79	76	31	50	54	37	61
78	45	51	45	33	61	33	56	45	44	36	59	41	64	32	74	57	62	63	75	50	70	73	51	44	46	70	80	75	43	62	42	38	43	44	36	80	80	31	47	47	45	53	68	40	64	71	62	37	51	32	42	62	54	69	50	74	0	66	59	47	62	68	80	62	32	57	42	54	33	51	65	61	49	49	62	57	39	31	51	46	36	43	48	72	78	74	78	31	44	51	48	39	41	70	58	39	54	72	72
32	36	65	45	73	43	50	79	43	79	61	75	80	80	38	32	77	31	44	66	77	66	79	53	38	75	35	69	52	54	33	54	31	42	76	38	45	72	64	32	38	46	62	33	50	50	44	62	44	67	73	72	58	65	65	46	39	66	0	30	56	38	32	51	55	39	32	41	57	76	66	77	37	73	55	43	34	40	32	75	52	72	67	51	71	33	67	49	80	79	78	76	48	68	77	49	55	61	74	60
38	53	52	42	46	75	43	52	67	80	56	38	47	65	58	32	32	49	53	35	67	73	70	71	46	42	63	75	72	72	44	37	68	69	48	55	32	68	30	31	67	35	57	51	55	61	32	34	34	77	60	59	57	38	64	75	79	59	30	0	64	77	78	42	30	31	36	52	36	35	79	57	52	55	63	58	33	77	46	37	61	76	55	52	71	49	63	57	61	75	56	39	31	79	59	71	53	35	50	57
64	55	53	75	32	77	58	56	47	59	47	59	38	58	59	42	38	77	57	49	52	39	71	69	49	39	64	78	48	31	57	67	45	77	44	66	30	45	76	30	44	60	66	51	48	73	38	33	66	49	57	41	58	41	73	69	39	47	56	64	0	30	37	62	60	77	71	41	54	72	79	78	59	30	80	75	64	79	35	73	70	66	50	66	30	58	40	57	76	52	45	53	63	38	53	53	53	43	72	80
31	36	80	49	62	73	45	68	37	53	47	78	66	53	43	61	41	59	72	68	55	76	61	72	59	57	45	74	41	38	36	36	41	68	41	40	37	79	44	70	56	60	33	73	62	38	78	34	36	78	50	55	55	32	57	60	80	62	38	77	30	0	76	35	77	76	40	64	80	47	36	80	34	69	73	50	33	65	74	32	39	66	59	58	50	57	52	41	80	39	64	39	41	57	78	62	30	46	51	54
30	79	49	68	56	69	57	51	37	74	52	41	55	76	50	57	61	56	65	48	50	78	59	65	67	60	40	67	79	49	42	69	34	53	40	77	69	76	75	77	48	50	55	33	41	39	79	74	57	45	47	32	54	38	54	57	78	68	32	78	37	76	0	70	64	46	46	60	74	72	63	33	78	49	34	70	69	60	58	34	59	70	44	62	36	65	33	46	67	73	50	63	53	63	53	34	45	34	46	60
36	41	62	56	33	53	33	38	55	70	49	57	76	43	33	61	69	58	75	61	45	61	57	49	37	59	51	44	80	35	37	31	39	59	47	80	40	70	67	59	68	68	71	65	45	80	63	75	35	35	52	38	53	62	58	57	49	80	51	42	62	35	70	0	71	67	79	75	35	65	73	73	78	39	54	77	30	49	64	74	60	62	45	51	41	45	75	34	34	36	47	71	44	58	78	36	49	38	64	53
51	80	35	68	37	51	39	77	76	54	75	47	64	71	73	46	69	57	70	43	69	42	42	68	30	56	35	77	38	55	48	37	76	44	73	52	40	70	33	63	65	33	40	70	56	53	38	56	67	53	72	42	37	69	48	30	63	62	55	30	60	77	64	71	0	44	36	53	74	46	71	77	34	47	36	65	66	54	62	31	53	50	32	49	57	58	69	78	58	77	58	52	79	72	50	50	63	60	43	57
80	62	73	30	79	73	60	65	31	70	54	75	47	31	55	61	80	55	70	52	76	58	37	48	44	63	38	78	73	52	41	78	74	60	68	76	41	58	49	36	32	49	62	72	43	57	54	69	40	46	80	49	80	34	67	31	69	32	39	31	77	76	46	67	44	0	35	71	45	72	55	54	77	65	46	57	34	77	59	44	51	62	33	30	69	68	47	65	69	72	57	35	40	76	38	36	39	80	77	79
80	58	76	48	30	69	63	74	70	65	74	52	50	70	61	52	66	33	51	70	51	67	59	73	62	39	79	64	53	70	63	46	66	64	71	38	70	55	55	61	75	34	41	73	63	32	56	50	67	69	54	47	54	34	48	34	48	57	32	36	71	40	46	79	36	35	0	69	64	76	78	55	76	54	52	54	73	41	74	37	61	46	38	59	78	48	57	65	32	67	66	59	33	78	30	34	37	74	65	37
50	38	47	60	50	46	40	32	44	62	35	61	57	77	40	49	44	45	49	49	79	60	62	74	77	79	41	67	59	46	41	66	68	54	46	69	78	63	55	68	40	59	32	42	40	68	35	75	44	57	58	48	55	79	75	71	71	42	41	52	41	64	60	75	53	71	69	0	52	34	51	63	37	56	58	35	80	71	76	42	48	33	42	71	50	69	54	37	38	39	72	72	53	50	52	47	77	48	72	63
54	64	75	33	79	65	39	56	72	30	78	78	72	46	57	53	42	33	71	45	40	58	61	32	30	70	61	79	67	30	68	32	40	69	79	54	55	51	79	72	55	67	44	64	48	37	63	76	39	57	61	63	57	74	47	30	51	54	57	36	54	80	74	35	74	45	64	52	0	73	66	62	67	57	49	30	51	39	71	39	45	63	78	40	32	40	45	33	42	31	67	63	66	30	73	34	34	42	39	53
34	75	34	32	65	41	68	42	68	45	74	48	59	47	38	30	62	62	52	48	57	58	69	76	34	55	58	78	63	38	65	76	74	56	71	42	75	40	32	69	36	38	69	66	79	73	77	59	44	36	31	32	30	50	43	69	38	33	76	35	72	47	72	65	46	72	76	34	73	0	74	52	73	47	61	56	34	30	54	77	46	61	67	67	31	40	41	72	33	47	46	42	78	39	42	37	72	79	36	79
56	58	51	61	49	55	79	37	38	74	35	78	64	39	32	38	51	31	66	70	59	44	30	57	52	32	41	79	73	50	47	36	75	80	70	37	73	34	40	48	76	48	47	79	57	71	72	45	73	52	66	66	44	56	44	64	43	51	66	79	79	36	63	73	71	55	78	51	66	74	0	41	65	50	42	72	54	63	72	36	77	55	73	32	63	62	53	53	31	55	53	64	56	30	33	66	74	37	30	43
64	70	76	70	75	42	59	69	55	59	51	68	66	55	56	41	61	34	56	34	62	79	76	37	47	64	67	72	44	59	46	71	63	79	60	70	35	42	37	55	32	53	61	64	56	31	69	64	76	37	53	66	42	64	36	72	75	65	77	57	78	80	33	73	77	54	55	63	62	52	41	0	77	78	31	42	62	34	70	79	62	80	67	79	64	38	55	39	79	55	38	79	58	60	51	68	53	61	62	31
58	33	77	71	50	44	34	61	60	69	71	79	30	73	62	64	79	58	56	62	68	30	60	32	30	44	66	54	66	74	44	33	30	34	69	42	53	53	43	62	60	34	32	35	30	46	37	57	37	60	73	50	58	39	64	76	38	61	37	52	59	34	78	78	34	77	76	37	67	73	65	77	0	33	33	62	75	64	33	56	46	36	40	63	72	72	39	65	74	56	39	33	63	51	57	53	34	43	31	36
30	68	67	53	75	41	36	34	66	73	79	71	54	50	30	64	57	31	42	40	50	31	67	62	52	44	32	43	31	59	75	60	48	55	47	71	43	36	59	61	49	57	73	70	47	80	61	35	32	70	52	43	33	38	52	43	32	49	73	55	30	69	49	39	47	65	54	56	57	47	50	78	33	0	62	57	40	58	52	47	71	33	64	39	51	65	46	80	40	71	71	80	31	75	36	71	52	71	75	55
66	35	70	77	45	45	43	73	50	54	35	67	64	62	60	48	54	34	72	35	74	63	71	44	62	34	76	48	54	74	38	41	42	55	30	51	72	72	46	66	39	69	31	59	51	58	36	51	46	62	53	51	67	61	41	32	50	49	55	63	80	73	34	54	36	46	52	58	49	61	42	31	33	62	0	58	52	69	58	63	68	34	76	67	79	30	60	43	35	39	41	39	38	54	61	36	54	55	47	68
55	39	76	41	72	56	73	78	58	61	45	45	73	61	80	44	54	51	36	80	70	49	68	60	64	71	56	40	71	69	75	80	44	68	43	54	61	32	35	46	76	43	57	36	37	71	47	69	44	62	62	39	78	59	50	39	39	62	43	58	75	50	70	77	65	57	54	35	30	56	72	42	62	57	58	0	75	51	55	60	40	40	71	41	79	34	49	35	74	44	61	77	47	67	45	45	63	32	37	63
73	63	55	44	36	41	66	68	37	41	76	78	48	37	32	53	43	59	43	67	73	45	75	47	39	68	52	34	71	63	39	64	61	60	74	49	37	77	49	70	45	75	75	57	43	38	33	72	33	71	47	52	44	50	61	57	61	57	34	33	64	33	69	30	66	34	73	80	51	34	54	62	75	40	52	75	0	44	75	30	77	47	37	70	54	38	69	52	64	77	54	61	43	75	46	44	39	49	35	65
30	34	40	50	64	77	74	76	64	36	37	46	37	40	48	68	74	64	63	64	43	44	73	43	59	48	41	74	60	31	44	64	48	58	34	38	33	31	71	59	69	80	62	70	67	79	73	67	47	34	56	43	42	64	32	74	56	39	40	77	79	65	60	49	54	77	41	71	39	30	63	34	64	58	69	51	44	0	56	69	56	37	41	67	30	79	36	75	79	40	53	67	77	78	44	61	43	78	31	54
38	80	70	66	50	77	75	67	52	31	42	53	51	44	79	74	57	33	30	60	38	64	72	42	71	59	52	41	35	73	67	49	36	62	61	35	63	66	48	61	35	54	57	56	55	63	75	63	31	55	77	47	50	38	45	66	80	31	32	46	35	74	58	64	62	59	74	76	71	54	72	70	33	52	58	55	75	56	0	64	31	40	59	80	66	68	70	35	72	43	44	42	62	44	80	49	51	33	45	35
66	50	46	33	47	73	40	35	36	42	77	37	52	41	51	53	68	32	39	58	42	34	46	64	74	41	55	72	59	67	40	59	58	72	53	46	47	48	63	33	80	79	54	76	75	32	44	50	30	69	35	66	77	51	55	49	71	51	75	37	73	32	34	74	31	44	37	42	39	77	36	79	56	47	63	60	30	69	64	0	66	57	78	50	69	45	33	43	44	69	59	78	61	47	40	40	60	64	48	52
59	42	34	50	77	61	74	35	58	34	73	49	74	37	69	37	46	60	76	63	58	63	38	37	38	42	74	54	38	52	73	80	71	49	64	48	47	35	33	54	61	80	70	62	73	33	79	49	64	75	59	64	78	80	45	45	33	46	52	61	70	39	59	60	53	51	61	48	45	46	77	62	46	71	68	40	77	56	31	66	0	80	37	42	63	60	47	69	77	44	72	69	79	65	40	69	73	49	61	45
57	61	42	33	59	46	74	54	47	79	38	71	32	39	58	60	37	58	62	56	72	51	76	68	56	31	72	35	35	77	46	50	79	61	63	74	80	37	32	75	56	54	72	73	73	76	37	38	80	65	37	33	45	41	31	38	44	36	72	76	66	66	70	62	50	62	46	33	63	61	55	80	36	33	34	40	47	37	40	57	80	0	47	69	69	40	57	76	37	54	66	51	75	49	75	80	77	68	35	37
41	75	33	79	56	75	65	40	41	40	71	74	68	80	47	48	61	38	32	79	41	33	45	45	48	61	80	55	58	80	63	67	62	47	55	75	59	54	75	40	50	76	30	40	77	78	77	60	34	53	49	71	44	44	42	39	46	43	67	55	50	59	44	45	32	33	38	42	78	67	73	67	40	64	76	71	37	41	59	78	37	47	0	70	69	30	79	75	76	78	38	68	60	64	33	50	52	41	72	57
43	66	59	79	66	36	32	41	32	76	33	71	69	64	56	61	33	53	71	42	68	52	62	37	80	66	67	60	48	37	30	56	67	59	50	74	64	53	40	80	40	58	75	63	50	30	52	60	40	68	73	71	75	36	71	41	67	48	51	52	66	58	62	51	49	30	59	71	40	67	32	79	63	39	67	41	70	67	80	50	42	69	70	0	66	41	68	42	54	32	62	55	45	51	58	65	53	48	50	69
76	65	38	78	47	56	72	36	50	59	33	76	78	67	42	40	71	60	32	39	51	52	56	66	71	71	61	32	47	63	64	51	33	38	49	39	34	48	77	33	36	79	75	70	51	58	39	54	46	58	78	51	70	70	50	37	64	72	71	71	30	50	36	41	57	69	78	50	32	31	63	64	72	51	79	79	54	30	66	69	63	69	69	66	0	49	49	74	39	66	77	37	68	31	70	33	71	68	63	79
46	44	56	52	74	30	38	79	51	40	30	35	49	70	31	63	79	71	44	78	63	80	80	64	50	56	45	55	35	42	69	45	70	56	61	35	31	48	80	41	48	74	32	42	54	79	69	80	52	33	45	66	77	80	64	56	42	78	33	49	58	57	65	45	58	68	48	69	40	40	62	38	72	65	30	34	38	79	68	45	60	40	30	41	49	0	66	52	31	64	51	71	76	77	41	37	55	31	61	33
39	39	35	62	73	35	65	38	78	80	48	61	60	67	77	48	75	72	44	76	55	67	60	75	44	30	50	76	78	63	41	51	66	57	33	49	63	66	57	64	75	78	36	46	38	61	78	73	55	69	31	80	47	65	48	71	50	74	67	63	40	52	33	75	69	47	57	54	45	41	53	55	39	46	60	49	69	36	70	33	47	57	79	68	49	66	0	59	75	45	66	66	75	32	51	59	52	46	58	61
76	73	41	79	65	49	50	61	80	36	69	76	72	66	48	38	31	47	46	74	30	62	34	65	41	71	57	72	43	53	38	53	48	61	34	52	43	72	80	33	37	77	54	66	59	31	44	61	41	70	75	52	77	59	64	72	65	78	49	57	57	41	46	34	78	65	65	37	33	72	53	39	65	80	43	35	52	75	35	43	69	76	75	42	74	52	59	0	55	48	57	80	48	70	49	72	62	66	37	38
44	30	62	35	55	73	70	30	60	79	45	39	54	40	78	47	50	78	59	79	44	53	45	68	63	48	71	80	66	30	54	50	67	69	65	56	35	32	44	35	35	64	42	38	58	49	48	30	58	52	79	52	31	47	49	37	73	31	80	61	76	80	67	34	58	69	32	38	42	33	31	79	74	40	35	74	64	79	72	44	77	37	76	54	39	31	75	55	0	52	44	30	42	53	30	67	55	53	38	58
37	31	39	67	46	59	42	52	31	51	55	47	80	66	47	57	71	30	74	72	32	50	62	65	77	60	51	44	80	32	42	50	42	42	54	80	72	68	56	30	44	37	72	45	34	75	61	37	42	69	52	59	53	61	75	50	66	44	79	75	52	39	73	36	77	72	67	39	31	47	55	55	56	71	39	44	77	40	43	69	44	54	78	32	66	64	45	48	52	0	43	31	44	71	50	53	45	58	42	52
66	36	74	71	72	47	36	53	52	75	63	60	32	65	43	56	55	54	55	70	70	32	48	62	74	51	70	73	40	44	34	73	75	46	44	74	61	59	75	76	48	72	61	55	59	60	73	37	60	72	32	77	34	75	42	47	64	51	78	56	45	64	50	47	58	57	66	72	67	46	53	38	39	71	41	61	54	53	44	59	72	66	38	62	77	51	66	57	44	43	0	79	42	72	53	43	74	52	40	48
50	44	40	70	46	71	38	38	62	41	47	76	70	57	71	73	30	56	33	72	77	67	71	48	66	31	74	41	70	78	44	63	31	61	52	50	80	51	56	74	52	56	57	76	49	79	45	55	55	51	73	78	35	53	79	60	42	48	76	39	53	39	63	71	52	35	59	72	63	42	64	79	33	80	39	77	61	67	42	78	69	51	68	55	37	71	66	80	30	31	79	0	73	36	67	51	63	38	38	61
72	68	60	50	43	75	48	80	43	42	52	33	66	63	68	64	39	69	70	62	32	73	56	80	61	45	78	38	56	57	52	57	61	61	33	76	75	69	51	40	35	68	76	49	77	35	63	60	48	41	39	34	34	64	59	53	31	39	48	31	63	41	53	44	79	40	33	53	66	78	56	58	63	31	38	47	43	77	62	61	79	75	60	45	68	76	75	48	42	44	42	73	0	32	38	56	55	62	74	35
65	63	79	67	61	66	74	60	60	70	33	37	59	77	70	51	62	69	49	62	45	32	53	64	35	67	33	45	39	75	78	43	45	75	54	33	67	72	56	55	72	31	57	47	36	64	73	57	71	42	67	60	70	62	80	40	79	41	68	79	38	57	63	58	72	76	78	50	30	39	30	60	51	75	54	67	75	78	44	47	65	49	64	51	31	77	32	70	53	71	72	36	32	0	62	63	56	46	48	48
64	61	67	77	43	42	74	39	42	57	60	49	51	47	34	43	70	71	71	35	73	73	40	47	79	78	33	63	36	37	80	45	70	57	31	40	35	50	55	68	30	39	78	65	51	77	66	71	59	32	64	49	60	51	48	64	76	70	77	59	53	78	53	78	50	38	30	52	73	42	33	51	57	36	61	45	46	44	80	40	40	75	33	58	70	41	51	49	30	50	53	67	38	62	0	43	79	55	60	67
46	52	41	30	31	67	57	50	35	66	40	33	80	58	65	63	44	80	44	68	41	46	59	57	69	49	67	45	72	50	64	71	32	39	46	68	53	49	78	64	45	59	54	33	59	52	51	46	41	78	79	67	54	69	49	31	31	58	49	71	53	62	34	36	50	36	34	47	34	37	66	68	53	71	36	45	44	61	49	40	69	80	50	65	33	37	59	72	67	53	43	51	56	63	43	0	38	68	77	51
53	34	58	46	59	66	43	69	80	64	30	79	53	65	49	51	69	53	47	64	46	61	50	32	34	31	68	59	70	64	39	76	79	39	33	47	39	70	37	40	64	33	41	61	68	74	73	31	66	45	36	72	79	44	46	44	50	39	55	53	53	30	45	49	63	39	37	77	34	72	74	53	34	52	54	63	39	43	51	60	73	77	52	53	71	55	52	62	55	45	74	63	55	56	79	38	0	55	32	68
71	74	39	31	55	42	53	31	70	35	70	74	46	33	54	53	66	63	71	64	50	70	39	31	48	67	53	41	56	43	45	52	52	55	72	39	70	60	57	74	71	61	35	47	71	70	75	45	57	35	50	56	45	66	32	55	54	54	61	35	43	46	34	38	60	80	74	48	42	79	37	61	43	71	55	32	49	78	33	64	49	68	41	48	68	31	46	66	53	58	52	38	62	46	55	68	55	0	78	49
52	74	42	63	34	80	71	77	57	31	57	79	49	36	49	53	60	41	50	74	43	35	60	61	34	65	58	39	52	41	45	73	76	74	45	38	67	65	56	49	35	55	67	33	76	72	38	54	36	59	68	45	69	65	50	31	37	72	74	50	72	51	46	64	43	77	65	72	39	36	30	62	31	75	47	37	35	31	45	48	61	35	72	50	63	61	58	37	38	42	40	38	74	48	60	77	32	78	0	53
48	30	46	58	31	68	47	75	47	44	40	56	63	56	52	54	51	77	47	63	37	58	32	66	79	75	76	68	30	56	31	40	53	58	50	67	77	62	60	47	49	74	74	37	34	55	49	73	66	30	48	45	45	30	60	70	61	72	60	57	80	54	60	53	57	79	37	63	53	79	43	31	36	55	68	63	65	54	35	52	45	37	57	69	79	33	61	38	58	52	48	61	35	48	67	51	68	49	53	0

Initial health value of each distributed equipment: 
(Where columns denote demand points: 1 to 100.)
334.32	218.50	201.15	423.66	195.19	287.57	268.20	366.08	290.55	196.90	253.26	242.87	262.00	295.20	414.78	284.59	174.33	489.00	309.23	227.97	197.58	273.84	156.45	269.69	463.76	247.34	298.92	376.32	430.77	260.40	177.31	214.56	247.20	447.76	324.37	281.78	358.40	358.56	271.22	359.70	244.36	210.09	214.13	172.84	265.22	340.18	324.70	275.65	251.81	274.16	389.55	290.55	386.34	213.07	373.76	236.91	259.26	247.05	186.25	487.86	274.16	202.64	444.00	440.00	511.52	277.83	265.22	226.92	287.57	242.87	295.02	259.60	445.26	314.64	159.43	344.40	271.18	169.50	163.90	440.32	319.20	414.20	376.64	260.91	337.35	302.50	397.11	442.32	234.36	345.96	157.94	220.32	547.20	418.88	216.05	220.52	479.22	274.56	506.76	165.24

Spare parts types of different demand points: 
(where columns denote demand points: 1 to 100.)
1	4	2	1	5	2	4	1	4	5	4	1	2	1	1	1	1	5	4	5	4	4	3	1	1	5	5	5	1	3	3	3	5	4	5	4	5	1	5	2	1	2	4	4	2	3	4	4	2	5	4	3	5	2	5	3	4	2	5	4	3	4	4	3	1	2	2	5	5	2	3	5	3	3	4	2	5	4	4	2	2	4	4	3	5	1	2	2	5	3	4	1	5	5	4	1	1	5	1	3

inventory management cost per unit time of different types of orders: 
(where columns denote types of orders: 1 to 5.)
2.5	1.6	2.8	2.1	2.1

Maintenance cost per unit time of different worker: 
(Where rows denote strategy: 1 to 4,and columns denote available worker of each strategy: 1 to 3.)
5	3.2	4.9	4.9
3.9	4.8	3.9	3.3
3.5	3.1	3.1	4.9

The weight of tardiness cost of different demand points: 
(where columns denote demand points: 1 to 100.)
4.7	4.4	4.8	4.9	3.4	5.7	3.6	5.9	3.6	4.7	3.9	4.2	5.7	3.1	5.2	4.5	4	4.9	6	3.8	5.8	3.4	5.5	4.8	5.6	3.3	5.8	3.2	4.8	4	3.5	3.1	4.5	3.9	4.1	4.5	3.2	5.2	4.1	4.8	5.1	4	3.2	5.6	5.1	3.4	5	3.6	3.7	4	4.8	3.7	4.5	5.6	5.6	5.7	5.2	4	3.5	4.6	3.4	3.9	4.2	3.3	5.8	4	4.8	4.4	3.2	4.4	5.8	5.6	3.6	3.5	3.9	3.9	5.7	6	4.1	5.7	3.4	5.6	3.1	3.8	3.5	4	5.7	4.8	5.1	3.7	3.8	5.5	3.3	4.1	3.7	5.9	5	6	5.4	3

The waste of old spare part per unit time of each distributed equipment: 
(where columns denote demand points: 1 to 100.)
6.6	6.2	6.5	6.1	5.2	5.7	7.7	7.2	5.2	5.4	7.9	6.2	5.6	8	6.8	6.4	6.5	6.7	7.1	5	7.1	7.3	5.8	7.3	6.8	5.4	6.6	7.8	7.5	7.9	5.8	5.3	7.2	7.9	6.9	7.4	5.5	6.8	6.1	6.2	5.1	7.8	5.5	5.1	6.7	5.9	5.3	6.5	7.1	6.5	6.9	6.1	6	6.3	7.8	5	7.6	7	5.1	7.1	6.5	7	6.8	6.1	5.6	7.8	6	5.1	5.6	7.7	6.6	5.1	7.7	6.5	5.9	5.3	5.6	6	6.9	7.3	6	6.7	5.2	6.9	5.3	5.6	5.7	7.7	6.4	5.9	7.6	6.9	7.2	6.9	6.3	7.6	5.9	6.6	7.8	6.7

shutdown cost per unit time of each distributed equipment: 
(where columns denote demand points: 1 to 100.)
23.3	20.1	23.9	21.2	21.7	20.6	21.4	23.1	21.8	23.3	23.6	21.3	21.7	22	23.1	22.9	22.1	24.6	23.4	21.7	24.8	22.3	23.7	24.4	24.4	22.8	21.5	21.1	22.2	22.6	24.7	24.2	21.1	24.1	23	24.1	20.1	21.9	24.3	21.5	23.6	24.9	20.6	23.1	22.4	23.8	24.8	23.3	21.9	20.6	22.8	23	23.6	24.4	20.2	24.4	23.5	21	24	21.2	24.6	20.5	22.2	23.8	22.2	22	24.7	21.5	25	22.8	21	20.9	22.6	20.5	22.6	20.6	21.6	24.6	20.4	22.3	20.6	20	24.5	22.4	23.4	24.9	22.4	24.3	22.9	24.2	22.6	22.7	21.7	24.8	24.1	24.3	21	23.1	21.4	21

Deterioration rate of each piece of equipment:
(Where columns denote distributed equipment: 1 to 100.)
1.99	1.15	1.35	1.38	1.31	1.93	1.8	1.28	1.95	1.1	1.34	1.63	1	1.44	1.86	1.91	1.17	1.63	1.07	1.53	1.11	1.63	1.05	1.81	1.87	1.66	1.06	1.92	1.73	1.2	1.19	1.44	1.2	1.93	1.99	1.46	1.4	1.66	1.42	1.65	1.64	1.41	1.33	1.16	1.78	1.46	1.91	1.85	1.69	1.84	1.59	1.95	1.37	1.43	1.28	1.59	1.74	1.35	1.25	1.73	1.84	1.36	1.85	1.76	1.84	1.47	1.78	1.24	1.93	1.63	1.98	1.18	1.81	1.71	1.07	1.2	1.82	1.13	1.1	1.72	1.52	1.9	1.76	1.17	1.95	1.25	1.83	1.52	1.26	1.24	1.06	1.02	1.92	1.54	1.45	1.48	1.63	1.04	1.64	1.02

The processing time of different types of spare parts: 
(Where rows denote machines: 1 to 8,and columns denote types: 1 to 5.)
23	15	16	18	18
20	24	12	17	19
25	11	20	10	22
10	14	23	21	18
27	18	18	15	23
23	12	17	12	29
28	23	24	19	10
15	11	23	15	20

The maintenance time of different workers: 
(Where rows denote strategy: 1 to 4,and columns denote available worker of each strategy: 1 to 3.)
31	32	39	43
34	31	40	48
44	35	41	40

Repair degree of different strategies: 
(Where rows denote strategy: 1 to 43.)
0.61	0.6	0.64	0.7

Quantity of spare parts of each type reserved in each warehouse: 
(where rows denote warehouses£º1 to 10,and columns denote types£º1 to 5.)
1	2	3	4	5
1	1	2	2	2
1	4	5
2	1	1
2	3
1	1
4
1
1	2	3
1	1	1

Initial due date of each order: 
(Where columns denote order: 1 to 100.)
168	190	149	307	149	149	149	286	149	179	189	149	262	205	223	149	149	300	289	149	178	168	149	149	248	149	282	196	249	217	149	149	206	232	163	193	256	216	191	218	149	149	161	149	149	233	170	149	149	149	245	149	282	149	292	149	149	183	149	282	149	149	240	250	278	189	149	183	149	149	149	220	246	184	149	287	149	150	149	256	210	218	214	223	173	242	217	291	186	279	149	216	285	272	149	149	294	264	309	162

Maintenance starting time window of each piece of equipment: 
(Where rows denote Lower and Upper bounds of Maintenance starting time window: 1 to 2,and columns denote distributed equipment: 1 to 100.)
117.6	133	104.3	214.9	104.3	104.3	104.3	200.2	104.3	125.3	132.3	104.3	183.4	143.5	156.1	104.3	104.3	210	202.3	104.3	124.6	117.6	104.3	104.3	173.6	104.3	197.4	137.2	174.3	151.9	104.3	104.3	144.2	162.4	114.1	135.1	179.2	151.2	133.7	152.6	104.3	104.3	112.7	104.3	104.3	163.1	119	104.3	104.3	104.3	171.5	104.3	197.4	104.3	204.4	104.3	104.3	128.1	104.3	197.4	104.3	104.3	168	175	194.6	132.3	104.3	128.1	104.3	104.3	104.3	154	172.2	128.8	104.3	200.9	104.3	105	104.3	179.2	147	152.6	149.8	156.1	121.1	169.4	151.9	203.7	130.2	195.3	104.3	151.2	199.5	190.4	104.3	104.3	205.8	184.8	216.3	113.4
151.2	171	134.1	276.3	134.1	134.1	134.1	257.4	134.1	161.1	170.1	134.1	235.8	184.5	200.7	134.1	134.1	270	260.1	134.1	160.2	151.2	134.1	134.1	223.2	134.1	253.8	176.4	224.1	195.3	134.1	134.1	185.4	208.8	146.7	173.7	230.4	194.4	171.9	196.2	134.1	134.1	144.9	134.1	134.1	209.7	153	134.1	134.1	134.1	220.5	134.1	253.8	134.1	262.8	134.1	134.1	164.7	134.1	253.8	134.1	134.1	216	225	250.2	170.1	134.1	164.7	134.1	134.1	134.1	198	221.4	165.6	134.1	258.3	134.1	135	134.1	230.4	189	196.2	192.6	200.7	155.7	217.8	195.3	261.9	167.4	251.1	134.1	194.4	256.5	244.8	134.1	134.1	264.6	237.6	278.1	145.8

