Number of orders: 
100

Number of factories\warehouses: 
3

Number of machines per factory: 
5

Number of types of spare parts: 
15

Number of maintenance strategies: 
3

Number of available workers per strategy: 
3

Transportation cost per unit time: 
3

Transprotation time between factories/warehouses and demand points: 
(Where rows denote factories: 1 to 3 ,and columns denote demand points: 1 to 100.)
77	149	75	85	30	79	31	72	50	114	97	126	82	99	32	44	121	41	149	43	128	65	130	42	112	88	81	94	94	119	148	107	78	114	32	106	54	89	84	99	85	78	79	42	138	39	39	127	94	92	99	31	116	50	95	119	136	139	84	111	53	99	114	140	129	71	57	60	121	59	119	80	75	141	108	30	56	80	137	115	67	147	124	64	105	114	59	59	83	77	93	84	64	147	98	111	63	32	39	39
100	131	43	58	90	51	102	134	142	45	85	125	41	59	32	102	137	104	54	62	74	33	82	118	132	120	49	38	134	67	134	30	37	145	130	30	51	87	41	78	149	82	129	94	62	93	88	60	117	141	75	142	125	85	45	61	124	140	33	116	96	61	30	134	148	77	36	58	119	92	33	51	144	123	83	75	143	133	48	70	49	57	110	61	93	126	77	56	127	123	122	123	104	117	134	56	92	56	103	129
45	116	107	130	145	68	99	70	34	64	143	146	137	37	101	135	80	114	87	85	100	122	92	64	143	137	50	115	130	68	136	40	60	41	39	90	46	32	95	87	98	44	112	38	41	32	78	125	129	138	148	143	78	138	148	54	143	111	115	127	36	60	138	31	84	68	127	141	67	98	123	40	82	53	111	115	137	73	54	41	38	99	141	32	58	45	144	59	81	65	62	131	45	122	111	101	69	123	54	53

Tranfer time of each worker between two different demand points: 
(Where rows and columns both denote demands points: 1 to 100.)
0	70	48	40	32	58	36	40	31	43	51	53	31	69	61	51	70	32	65	40	62	31	64	60	52	33	69	63	69	78	46	48	60	52	41	64	45	40	58	51	64	51	50	80	73	40	39	78	76	31	76	53	61	51	56	41	79	50	37	75	74	37	33	68	73	78	46	31	66	32	58	56	39	62	33	39	55	50	50	43	67	56	66	72	33	41	66	76	55	48	80	60	38	54	57	33	34	49	67	62
70	0	60	59	73	49	57	40	32	64	32	48	73	77	56	37	58	57	76	41	31	32	36	64	46	35	55	80	62	48	71	34	66	79	79	38	59	38	72	55	67	57	63	60	56	44	75	52	37	72	39	64	55	71	35	63	78	76	58	55	47	60	34	49	46	67	59	75	30	67	53	34	55	71	44	40	55	36	39	47	45	52	33	39	40	36	37	77	62	71	65	69	70	49	73	78	79	60	57	64
48	60	0	68	69	59	64	65	54	33	67	47	71	67	53	46	31	64	46	68	62	75	80	70	47	36	40	46	70	44	40	80	55	47	75	75	47	52	49	44	47	46	35	68	55	41	77	60	44	38	69	64	36	49	43	56	64	42	37	63	51	64	65	39	72	57	40	58	52	68	43	33	42	76	80	50	36	55	45	54	59	47	79	58	45	57	46	63	63	50	57	31	64	31	56	47	36	58	50	42
40	59	68	0	42	44	46	56	41	52	48	78	67	73	55	37	71	67	40	34	63	39	39	37	42	37	39	71	52	70	63	35	37	31	53	80	68	41	61	53	50	61	58	67	54	61	73	58	69	34	67	75	56	43	55	42	42	38	53	57	79	33	55	53	61	45	80	31	45	63	69	67	56	63	41	31	56	40	30	54	73	37	37	55	77	34	50	58	47	74	55	71	32	31	80	75	79	53	33	67
32	73	69	42	0	52	47	43	51	34	31	69	77	53	75	32	58	57	31	38	31	52	57	70	67	58	40	62	76	79	38	63	54	48	73	43	42	56	60	76	32	49	37	41	51	34	58	68	77	36	49	44	64	46	43	71	36	52	39	73	65	59	54	75	70	34	56	57	51	41	32	64	31	74	72	66	76	47	38	52	57	43	38	63	71	46	61	46	72	34	51	33	37	59	77	60	43	72	77	55
58	49	59	44	52	0	47	30	63	32	73	30	36	64	56	72	77	49	69	56	42	61	56	34	47	32	53	57	72	46	52	31	53	50	46	80	38	62	41	44	74	33	76	74	44	57	54	35	36	53	61	74	43	57	69	42	46	71	80	45	56	30	52	54	30	60	61	32	58	66	67	38	45	37	75	41	39	60	32	53	69	33	43	60	48	60	36	63	48	53	48	76	68	51	56	77	59	43	47	57
36	57	64	46	47	47	0	68	33	53	40	49	32	42	46	58	44	39	41	30	67	63	47	62	36	59	41	46	53	33	80	75	35	77	59	64	33	74	39	73	34	75	73	35	30	42	49	34	79	47	76	46	45	58	47	64	63	61	76	53	50	64	60	46	80	33	41	58	48	37	32	66	34	70	62	46	69	76	36	40	57	59	46	53	50	78	48	70	76	79	78	63	47	59	32	32	58	35	55	64
40	40	65	56	43	30	68	0	52	31	72	59	71	39	72	46	30	74	53	46	54	74	67	58	30	55	37	52	33	67	63	80	47	54	36	42	33	59	55	71	76	68	47	80	45	43	37	32	38	79	68	36	35	60	44	66	30	40	75	52	63	54	39	75	65	68	77	56	72	78	35	70	33	40	47	79	34	55	51	71	52	52	68	76	31	58	48	48	78	44	46	33	71	62	55	33	65	52	33	75
31	32	54	41	51	63	33	52	0	73	78	80	62	46	53	72	71	74	79	75	80	36	44	43	35	67	67	80	47	71	54	57	52	45	70	47	31	54	61	52	75	67	60	52	41	46	70	45	58	30	57	32	79	79	53	37	74	47	63	45	43	37	47	78	74	63	46	50	50	55	36	31	75	54	76	31	52	36	47	52	58	45	37	52	49	39	52	70	35	38	31	50	64	45	47	37	56	75	40	42
43	64	33	52	34	32	53	31	73	0	33	61	66	71	33	43	65	51	34	71	62	51	65	57	30	72	48	78	58	40	31	60	44	60	46	62	55	65	31	71	63	53	32	32	71	70	40	39	69	31	75	79	53	76	68	62	68	35	48	51	32	40	55	76	54	38	68	77	68	47	62	51	59	80	42	62	75	58	60	49	72	79	77	44	75	79	53	42	44	72	57	33	42	49	53	51	39	33	38	48
51	32	67	48	31	73	40	72	78	33	0	74	67	79	30	75	74	42	61	52	44	67	39	72	49	66	50	33	31	39	68	56	67	32	59	72	74	38	30	37	47	66	52	71	44	36	41	63	53	77	37	31	52	79	46	34	66	55	78	58	32	53	31	39	73	39	67	47	54	46	32	43	58	37	45	70	35	57	63	56	60	69	54	39	60	44	77	63	50	69	66	36	60	34	36	37	59	36	66	67
53	48	47	78	69	30	49	59	80	61	74	0	37	43	36	64	31	31	68	34	79	63	59	53	41	51	44	45	54	33	40	41	77	32	48	79	55	48	37	31	61	75	61	65	38	41	51	53	50	51	46	52	64	30	50	46	72	71	31	38	38	58	69	36	37	51	61	53	37	80	75	41	44	69	78	60	36	57	61	62	69	35	76	79	77	55	72	80	59	34	34	41	59	71	72	78	67	38	71	70
31	73	71	67	77	36	32	71	62	66	67	37	0	55	34	60	66	76	68	80	60	68	31	75	39	70	70	79	58	43	51	37	44	66	73	42	50	43	50	49	58	35	79	50	76	42	75	59	36	38	66	78	30	78	65	64	49	46	51	32	70	78	32	73	64	51	67	42	44	47	58	32	50	45	69	50	71	68	41	57	34	74	41	40	39	56	56	67	36	49	40	44	53	33	47	50	56	32	55	45
69	77	67	73	53	64	42	39	46	71	79	43	55	0	72	49	32	31	54	46	59	33	58	39	60	31	69	51	43	49	47	51	48	48	39	45	54	53	70	61	64	63	62	45	51	71	39	48	46	56	59	34	76	43	46	56	76	42	78	47	76	79	72	52	70	35	31	61	58	67	41	34	43	65	40	38	45	42	68	69	72	48	64	59	44	52	51	39	70	36	46	32	70	34	58	66	66	62	35	61
61	56	53	55	75	56	46	72	53	33	30	36	34	72	0	37	49	58	33	78	52	38	76	54	78	34	36	48	73	64	68	42	53	44	70	74	36	36	68	36	53	51	49	31	73	75	33	67	71	40	38	40	46	44	42	78	66	35	75	76	36	38	61	51	31	40	35	48	43	30	41	71	68	71	31	62	61	65	63	76	74	65	53	37	45	54	67	35	55	31	42	65	45	61	71	56	75	67	55	68
51	37	46	37	32	72	58	46	72	43	75	64	60	49	37	0	76	72	70	46	75	30	77	68	58	40	34	63	38	44	37	65	50	45	66	60	62	62	69	71	30	72	34	32	37	61	42	51	54	75	46	45	78	52	49	38	54	36	61	72	50	66	59	47	33	52	71	73	49	75	48	64	66	43	57	72	78	62	61	58	32	40	53	54	59	41	67	39	70	52	51	52	77	35	67	74	67	78	80	52
70	58	31	71	58	77	44	30	71	65	74	31	66	32	49	76	0	32	31	65	55	65	74	47	54	64	49	60	62	75	66	65	32	79	61	69	55	70	56	80	61	35	72	42	74	70	58	58	52	58	33	51	54	30	57	52	59	61	55	70	65	50	79	43	41	77	54	67	71	37	62	52	64	35	57	48	64	34	77	58	73	41	70	54	74	54	72	52	74	34	59	36	39	64	61	70	70	69	31	33
32	57	64	67	57	49	39	74	74	51	42	31	76	31	58	72	32	0	77	30	63	40	36	57	44	52	46	40	77	78	69	71	41	73	43	39	46	44	55	51	73	70	52	74	79	43	47	54	53	80	34	53	50	56	30	70	55	65	52	63	60	70	43	38	32	60	74	58	56	56	69	73	60	78	58	41	43	50	38	54	63	53	69	60	32	71	65	63	34	40	73	30	72	57	68	46	56	37	50	45
65	76	46	40	31	69	41	53	79	34	61	68	68	54	33	70	31	77	0	70	49	31	33	37	41	80	36	31	42	35	51	64	31	46	59	61	58	31	60	33	42	40	31	50	62	56	73	31	52	54	54	64	66	42	41	55	70	58	63	71	42	37	65	56	57	49	69	70	68	46	47	37	38	51	54	74	50	70	57	49	73	46	54	48	69	32	39	43	75	79	68	39	31	56	51	32	62	69	41	48
40	41	68	34	38	56	30	46	75	71	52	34	80	46	78	46	65	30	70	0	47	71	36	79	47	73	47	76	40	80	70	32	58	63	55	64	54	74	78	37	33	40	75	63	38	75	39	59	44	32	77	59	54	62	65	35	35	59	75	70	77	66	57	54	67	78	34	47	67	66	39	62	42	78	33	48	40	31	45	37	37	71	42	72	44	73	37	73	62	34	79	78	41	53	35	38	41	58	50	37
62	31	62	63	31	42	67	54	80	62	44	79	60	59	52	75	55	63	49	47	0	64	33	40	47	58	50	72	54	72	46	62	54	45	69	56	78	75	41	61	52	80	42	61	53	41	79	48	67	37	58	52	54	63	63	45	70	32	66	76	56	76	33	35	38	42	31	72	52	40	59	61	39	45	72	59	53	52	78	78	72	65	35	44	80	58	31	66	51	37	78	46	59	73	45	77	54	60	70	32
31	32	75	39	52	61	63	74	36	51	67	63	68	33	38	30	65	40	31	71	64	0	46	75	54	74	77	45	60	77	52	44	72	69	73	40	42	67	30	42	48	68	61	80	55	78	75	31	67	66	47	72	36	56	68	52	67	78	60	46	51	59	75	45	69	41	57	58	66	54	67	68	41	54	60	54	32	42	51	34	77	38	43	80	72	40	36	65	73	46	73	55	47	34	73	39	33	67	60	72
64	36	80	39	57	56	47	67	44	65	39	59	31	58	76	77	74	36	33	36	33	46	0	46	59	45	79	73	52	68	59	57	64	52	33	47	31	31	79	70	53	57	51	30	67	65	73	44	54	45	65	50	71	55	67	60	42	61	49	51	70	30	59	70	33	76	67	38	75	64	35	37	74	69	51	43	60	59	68	77	72	32	72	44	80	43	63	73	78	45	66	71	55	51	69	58	51	52	55	65
60	64	70	37	70	34	62	58	43	57	72	53	75	39	54	68	47	57	37	79	40	75	46	0	69	67	51	71	56	45	31	51	62	70	64	38	65	59	57	57	41	59	76	45	30	58	67	69	78	65	50	63	69	41	38	31	66	42	60	39	60	80	38	69	45	72	40	79	68	52	31	46	69	34	41	33	61	44	69	30	70	52	76	52	30	61	75	45	36	52	64	53	59	77	80	51	39	36	38	42
52	46	47	42	67	47	36	30	35	30	49	41	39	60	78	58	54	44	41	47	47	54	59	69	0	32	45	64	53	47	60	55	70	35	59	42	31	72	51	71	31	76	31	57	40	41	58	32	64	57	47	71	47	54	71	79	65	54	61	71	78	79	60	75	62	33	35	67	57	35	44	41	51	53	39	77	61	54	65	79	30	70	63	79	57	62	47	71	65	46	70	43	37	42	58	64	58	42	60	71
33	35	36	37	58	32	59	55	67	72	66	51	70	31	34	40	64	52	80	73	58	74	45	67	32	0	78	66	32	35	36	80	41	37	42	51	55	38	70	75	60	67	70	79	79	55	67	45	67	53	58	37	33	42	39	52	57	52	31	69	56	68	32	34	63	77	66	79	60	50	30	49	30	34	79	56	45	63	75	66	38	75	42	78	56	77	73	31	60	30	63	37	55	68	50	51	73	59	37	71
69	55	40	39	40	53	41	37	67	48	50	44	70	69	36	34	49	46	36	47	50	77	79	51	45	78	0	58	30	65	58	39	54	45	35	59	62	54	80	31	70	33	57	61	57	39	76	54	49	62	77	75	51	47	32	73	60	33	56	72	72	33	77	36	57	64	66	43	54	48	64	30	78	35	78	74	41	31	54	47	58	32	74	45	75	48	80	54	42	75	65	80	77	80	50	39	32	58	31	53
63	80	46	71	62	57	46	52	80	78	33	45	79	51	48	63	60	40	31	76	72	45	73	71	64	66	58	0	63	74	66	35	54	71	52	58	32	57	77	79	46	35	68	73	45	42	65	42	51	49	78	44	36	31	74	64	45	59	57	39	70	33	54	67	31	53	51	77	79	56	53	43	45	74	67	65	40	35	55	46	79	75	76	65	38	35	45	37	32	74	45	57	70	57	60	49	41	59	60	35
69	62	70	52	76	72	53	33	47	58	31	54	58	43	73	38	62	77	42	40	54	60	52	56	53	32	30	63	0	49	46	72	42	56	53	73	55	66	48	54	53	76	69	39	35	42	47	62	31	70	56	70	49	77	31	39	67	67	33	33	34	42	37	40	62	77	58	80	40	61	79	39	63	47	62	36	66	40	33	79	64	54	46	50	48	50	37	58	40	61	69	71	80	39	68	73	77	54	52	57
78	48	44	70	79	46	33	67	71	40	39	33	43	49	64	44	75	78	35	80	72	77	68	45	47	35	65	74	49	0	67	56	49	80	38	42	52	61	79	61	51	31	79	61	42	33	38	54	50	58	64	73	80	58	36	67	68	53	78	42	63	46	48	76	51	51	30	51	39	80	77	75	66	39	35	72	55	74	42	57	53	46	46	36	75	59	71	39	74	76	39	40	32	74	52	77	50	33	36	56
46	71	40	63	38	52	80	63	54	31	68	40	51	47	68	37	66	69	51	70	46	52	59	31	60	36	58	66	46	67	0	78	50	72	57	35	35	46	66	71	36	31	79	55	42	52	69	76	47	56	68	70	58	58	57	75	56	31	35	80	79	31	80	59	57	43	36	47	72	64	76	38	33	58	32	66	31	55	39	76	78	45	59	50	62	41	46	62	53	44	37	65	66	45	50	53	36	49	35	74
48	34	80	35	63	31	75	80	57	60	56	41	37	51	42	65	65	71	64	32	62	44	57	51	55	80	39	35	72	56	78	0	55	77	73	73	74	47	58	38	49	38	75	31	47	33	66	35	60	43	55	73	60	68	59	59	76	43	46	67	43	59	61	31	67	58	58	44	67	32	48	72	72	60	68	80	78	41	63	38	80	32	35	75	72	35	77	33	64	47	66	59	64	46	31	53	62	72	30	31
60	66	55	37	54	53	35	47	52	44	67	77	44	48	53	50	32	41	31	58	54	72	64	62	70	41	54	54	42	49	50	55	0	52	50	50	49	75	66	79	54	60	30	78	42	76	67	43	30	31	49	49	31	70	79	31	32	39	71	47	38	37	73	67	74	78	53	42	30	56	60	50	74	80	31	60	59	55	57	43	75	74	53	33	76	70	66	71	37	41	51	68	72	34	77	44	64	39	58	35
52	79	47	31	48	50	77	54	45	60	32	32	66	48	44	45	79	73	46	63	45	69	52	70	35	37	45	71	56	80	72	77	52	0	61	38	49	52	77	61	68	61	31	73	58	41	67	51	55	66	63	60	63	44	59	60	73	56	61	58	39	44	32	46	58	60	70	33	55	69	55	64	37	37	73	77	64	68	77	80	39	57	75	76	44	62	67	42	32	59	69	70	63	34	56	74	68	59	55	38
41	79	75	53	73	46	59	36	70	46	59	48	73	39	70	66	61	43	59	55	69	73	33	64	59	42	35	52	53	38	57	73	50	61	0	70	42	41	46	44	75	69	52	72	62	35	50	71	72	42	46	56	46	34	61	66	56	32	51	80	75	64	43	66	37	80	55	77	42	47	51	46	75	35	62	79	69	78	79	32	33	66	36	54	41	60	76	54	73	78	58	48	66	39	31	55	35	66	38	39
64	38	75	80	43	80	64	42	47	62	72	79	42	45	74	60	69	39	61	64	56	40	47	38	42	51	59	58	73	42	35	73	50	38	70	0	36	35	62	50	57	73	80	36	48	34	75	74	33	60	46	79	72	48	69	76	68	32	62	32	78	45	31	77	40	32	32	53	78	53	41	64	63	67	66	33	69	70	53	46	33	64	63	58	66	33	65	62	53	56	79	71	49	47	41	30	71	59	36	51
45	59	47	68	42	38	33	33	31	55	74	55	50	54	36	62	55	46	58	54	78	42	31	65	31	55	62	32	55	52	35	74	49	49	42	36	0	52	33	78	31	79	45	76	45	69	78	57	59	54	77	33	59	38	72	62	41	51	71	62	76	60	65	30	80	77	72	66	40	36	71	37	80	72	49	34	58	72	37	79	65	62	47	72	65	45	32	80	38	48	37	33	54	52	45	72	78	69	47	50
40	38	52	41	56	62	74	59	54	65	38	48	43	53	36	62	70	44	31	74	75	67	31	59	72	38	54	57	66	61	46	47	75	52	41	35	52	0	51	56	45	63	61	60	43	44	71	48	31	60	46	57	55	69	74	51	41	65	65	37	56	75	55	75	80	53	31	72	45	30	53	31	47	55	80	80	58	74	59	31	61	44	43	42	54	30	74	40	58	51	30	74	80	49	58	59	30	53	59	45
58	72	49	61	60	41	39	55	61	31	30	37	50	70	68	69	56	55	60	78	41	30	79	57	51	70	80	77	48	79	66	58	66	77	46	62	33	51	0	50	65	64	36	31	38	63	32	32	77	62	78	69	74	34	55	80	34	62	65	71	40	71	70	41	44	59	36	76	36	31	47	57	72	44	48	52	46	45	62	31	31	56	35	73	54	57	71	62	73	62	68	58	63	69	47	66	77	31	31	50
51	55	44	53	76	44	73	71	52	71	37	31	49	61	36	71	80	51	33	37	61	42	70	57	71	75	31	79	54	61	71	38	79	61	44	50	78	56	50	0	56	70	36	74	35	70	43	76	45	74	64	79	58	70	64	65	79	48	74	78	56	58	45	58	47	52	66	76	37	32	46	44	67	57	67	30	38	76	46	40	70	77	71	30	40	80	79	39	64	67	80	41	69	43	49	37	75	32	74	77
64	67	47	50	32	74	34	76	75	63	47	61	58	64	53	30	61	73	42	33	52	48	53	41	31	60	70	46	53	51	36	49	54	68	75	57	31	45	65	56	0	39	37	68	39	37	57	34	57	34	58	47	38	73	71	73	54	43	58	59	34	46	74	80	60	78	65	75	61	47	76	48	43	39	38	36	41	71	58	56	41	73	47	31	46	37	68	69	36	50	37	57	32	60	33	64	73	49	33	80
51	57	46	61	49	33	75	68	67	53	66	75	35	63	51	72	35	70	40	40	80	68	57	59	76	67	33	35	76	31	31	38	60	61	69	73	79	63	64	70	39	0	74	78	52	49	36	77	47	61	73	66	49	33	77	57	39	38	57	69	44	60	66	76	53	32	36	60	60	44	47	36	43	37	66	36	53	41	75	56	53	48	56	52	41	47	70	41	33	53	31	80	32	47	43	32	53	57	75	79
50	63	35	58	37	76	73	47	60	32	52	61	79	62	49	34	72	52	31	75	42	61	51	76	31	70	57	68	69	79	79	75	30	31	52	80	45	61	36	36	37	74	0	49	37	45	62	76	45	40	78	77	72	71	32	65	78	31	55	74	41	33	33	44	73	39	80	79	32	55	46	77	63	42	56	47	65	55	64	41	34	52	66	71	44	69	32	76	74	54	42	43	46	77	52	62	69	72	76	58
80	60	68	67	41	74	35	80	52	32	71	65	50	45	31	32	42	74	50	63	61	80	30	45	57	79	61	73	39	61	55	31	78	73	72	36	76	60	31	74	68	78	49	0	44	53	73	59	37	45	39	64	51	76	69	35	36	59	52	42	75	43	57	63	35	53	40	38	68	36	42	37	65	66	60	33	33	38	43	43	67	51	60	34	35	41	30	43	71	72	37	68	78	52	47	67	35	45	37	67
73	56	55	54	51	44	30	45	41	71	44	38	76	51	73	37	74	79	62	38	53	55	67	30	40	79	57	45	35	42	42	47	42	58	62	48	45	43	38	35	39	52	37	44	0	52	66	52	32	63	37	73	77	48	43	73	33	52	70	32	48	46	70	79	71	59	55	58	31	50	46	31	36	52	32	54	41	80	46	46	73	33	71	62	69	77	31	53	45	44	63	55	70	57	52	61	33	61	39	46
40	44	41	61	34	57	42	43	46	70	36	41	42	71	75	61	70	43	56	75	41	78	65	58	41	55	39	42	42	33	52	33	76	41	35	34	69	44	63	70	37	49	45	53	52	0	32	30	63	38	60	33	61	35	35	39	45	62	72	30	50	76	70	48	34	66	50	75	76	79	46	57	53	58	39	72	56	54	35	73	30	30	52	48	42	49	71	44	80	37	45	75	56	61	42	50	48	32	59	79
39	75	77	73	58	54	49	37	70	40	41	51	75	39	33	42	58	47	73	39	79	75	73	67	58	67	76	65	47	38	69	66	67	67	50	75	78	71	32	43	57	36	62	73	66	32	0	57	66	69	74	73	60	56	61	49	44	77	78	60	79	59	53	47	49	35	57	61	34	72	54	41	42	67	50	64	33	36	44	42	52	40	51	60	71	33	42	61	42	33	52	69	62	33	80	62	78	41	77	35
78	52	60	58	68	35	34	32	45	39	63	53	59	48	67	51	58	54	31	59	48	31	44	69	32	45	54	42	62	54	76	35	43	51	71	74	57	48	32	76	34	77	76	59	52	30	57	0	73	30	65	69	61	44	68	54	45	30	31	55	39	71	35	42	70	61	66	74	43	79	38	60	47	60	61	48	51	58	54	68	52	74	78	30	44	69	43	64	36	55	59	58	73	31	42	53	35	32	48	40
76	37	44	69	77	36	79	38	58	69	53	50	36	46	71	54	52	53	52	44	67	67	54	78	64	67	49	51	31	50	47	60	30	55	72	33	59	31	77	45	57	47	45	37	32	63	66	73	0	73	56	67	55	41	76	48	74	43	77	61	52	53	47	71	76	59	42	80	35	39	47	59	35	59	77	67	75	56	42	49	46	64	59	75	54	58	69	74	31	57	44	51	64	56	52	53	77	61	63	37
31	72	38	34	36	53	47	79	30	31	77	51	38	56	40	75	58	80	54	32	37	66	45	65	57	53	62	49	70	58	56	43	31	66	42	60	54	60	62	74	34	61	40	45	63	38	69	30	73	0	69	34	77	75	48	69	70	72	76	50	47	76	54	52	48	62	45	67	40	53	42	56	66	47	72	68	33	31	41	78	43	40	32	53	53	38	79	47	67	35	75	46	68	66	45	64	36	73	39	72
76	39	69	67	49	61	76	68	57	75	37	46	66	59	38	46	33	34	54	77	58	47	65	50	47	58	77	78	56	64	68	55	49	63	46	46	77	46	78	64	58	73	78	39	37	60	74	65	56	69	0	43	74	60	34	53	80	57	79	74	54	42	75	66	66	66	79	67	51	60	53	37	55	70	54	45	48	76	77	40	65	41	46	72	33	58	30	33	40	52	67	69	33	73	59	66	54	47	79	77
53	64	64	75	44	74	46	36	32	79	31	52	78	34	40	45	51	53	64	59	52	72	50	63	71	37	75	44	70	73	70	73	49	60	56	79	33	57	69	79	47	66	77	64	73	33	73	69	67	34	43	0	57	71	72	33	66	33	45	63	68	40	72	59	74	45	76	77	37	54	52	51	59	72	65	48	60	55	34	69	42	57	69	41	33	71	59	65	63	77	78	30	71	76	41	39	67	65	65	47
61	55	36	56	64	43	45	35	79	53	52	64	30	76	46	78	54	50	66	54	54	36	71	69	47	33	51	36	49	80	58	60	31	63	46	72	59	55	74	58	38	49	72	51	77	61	60	61	55	77	74	57	0	62	66	54	80	58	73	59	38	49	34	42	69	46	78	44	54	75	80	71	74	75	53	45	33	36	54	35	80	75	37	54	40	75	64	31	53	66	40	67	48	69	53	50	72	42	58	46
51	71	49	43	46	57	58	60	79	76	79	30	78	43	44	52	30	56	42	62	63	56	55	41	54	42	47	31	77	58	58	68	70	44	34	48	38	69	34	70	73	33	71	76	48	35	56	44	41	75	60	71	62	0	65	72	72	62	58	67	32	69	50	67	36	73	49	45	52	74	68	50	41	50	43	41	45	60	61	48	34	77	51	47	46	66	66	42	54	35	59	79	41	61	80	43	62	63	37	37
56	35	43	55	43	69	47	44	53	68	46	50	65	46	42	49	57	30	41	65	63	68	67	38	71	39	32	74	31	36	57	59	79	59	61	69	72	74	55	64	71	77	32	69	43	35	61	68	76	48	34	72	66	65	0	58	58	43	38	70	70	40	79	78	45	40	32	54	79	44	47	46	80	65	37	34	55	32	77	36	55	61	66	56	55	39	71	71	37	43	30	75	49	32	51	52	76	34	33	47
41	63	56	42	71	42	64	66	37	62	34	46	64	56	78	38	52	70	55	35	45	52	60	31	79	52	73	64	39	67	75	59	31	60	66	76	62	51	80	65	73	57	65	35	73	39	49	54	48	69	53	33	54	72	58	0	32	63	62	54	31	49	44	39	36	60	76	38	78	48	75	40	32	64	31	78	53	65	47	55	52	35	67	40	63	62	69	34	62	52	64	42	33	52	48	33	40	66	74	77
79	78	64	42	36	46	63	30	74	68	66	72	49	76	66	54	59	55	70	35	70	67	42	66	65	57	60	45	67	68	56	76	32	73	56	68	41	41	34	79	54	39	78	36	33	45	44	45	74	70	80	66	80	72	58	32	0	33	68	56	70	54	55	40	48	66	30	42	38	73	63	45	59	75	80	46	60	61	47	59	40	72	59	79	54	62	45	57	62	60	34	54	77	45	76	38	74	46	66	73
50	76	42	38	52	71	61	40	47	35	55	71	46	42	35	36	61	65	58	59	32	78	61	42	54	52	33	59	67	53	31	43	39	56	32	32	51	65	62	48	43	38	31	59	52	62	77	30	43	72	57	33	58	62	43	63	33	0	59	38	77	51	49	64	79	49	34	35	33	35	50	37	61	80	45	73	44	47	44	54	69	53	55	66	47	45	54	79	58	52	63	46	68	46	46	43	36	51	57	30
37	58	37	53	39	80	76	75	63	48	78	31	51	78	75	61	55	52	63	75	66	60	49	60	61	31	56	57	33	78	35	46	71	61	51	62	71	65	65	74	58	57	55	52	70	72	78	31	77	76	79	45	73	58	38	62	68	59	0	48	34	64	45	73	55	78	64	62	51	74	30	56	36	45	45	69	73	78	59	67	65	68	38	56	78	32	39	32	30	72	59	45	33	57	54	74	74	53	58	65
75	55	63	57	73	45	53	52	45	51	58	38	32	47	76	72	70	63	71	70	76	46	51	39	71	69	72	39	33	42	80	67	47	58	80	32	62	37	71	78	59	69	74	42	32	30	60	55	61	50	74	63	59	67	70	54	56	38	48	0	50	80	73	57	64	72	76	50	41	61	37	68	62	40	45	55	45	42	55	71	69	47	79	59	66	79	49	43	64	59	37	52	54	45	61	53	51	62	42	71
74	47	51	79	65	56	50	63	43	32	32	38	70	76	36	50	65	60	42	77	56	51	70	60	78	56	72	70	34	63	79	43	38	39	75	78	76	56	40	56	34	44	41	75	48	50	79	39	52	47	54	68	38	32	70	31	70	77	34	50	0	53	69	35	36	50	48	41	36	49	79	41	30	73	54	35	46	70	57	32	55	43	31	51	44	33	37	77	71	54	30	50	48	32	58	37	36	36	43	52
37	60	64	33	59	30	64	54	37	40	53	58	78	79	38	66	50	70	37	66	76	59	30	80	79	68	33	33	42	46	31	59	37	44	64	45	60	75	71	58	46	60	33	43	46	76	59	71	53	76	42	40	49	69	40	49	54	51	64	80	53	0	52	54	76	79	53	47	74	54	54	38	41	43	38	50	53	47	38	40	50	56	60	41	57	55	54	77	62	57	40	61	57	63	74	80	58	72	40	68
33	34	65	55	54	52	60	39	47	55	31	69	32	72	61	59	79	43	65	57	33	75	59	38	60	32	77	54	37	48	80	61	73	32	43	31	65	55	70	45	74	66	33	57	70	70	53	35	47	54	75	72	34	50	79	44	55	49	45	73	69	52	0	45	43	43	80	68	74	44	70	35	62	49	75	60	56	51	57	71	76	55	37	31	39	71	33	75	74	38	79	41	61	33	64	63	31	64	64	70
68	49	39	53	75	54	46	75	78	76	39	36	73	52	51	47	43	38	56	54	35	45	70	69	75	34	36	67	40	76	59	31	67	46	66	77	30	75	41	58	80	76	44	63	79	48	47	42	71	52	66	59	42	67	78	39	40	64	73	57	35	54	45	0	65	42	52	69	44	79	70	63	33	72	78	55	40	77	32	67	41	72	33	45	58	61	58	75	53	50	34	60	55	48	38	34	46	67	76	62
73	46	72	61	70	30	80	65	74	54	73	37	64	70	31	33	41	32	57	67	38	69	33	45	62	63	57	31	62	51	57	67	74	58	37	40	80	80	44	47	60	53	73	35	71	34	49	70	76	48	66	74	69	36	45	36	48	79	55	64	36	76	43	65	0	55	56	59	33	40	61	44	72	37	47	71	57	35	74	38	62	78	61	70	68	61	64	66	64	56	53	36	52	73	52	80	47	61	51	62
78	67	57	45	34	60	33	68	63	38	39	51	51	35	40	52	77	60	49	78	42	41	76	72	33	77	64	53	77	51	43	58	78	60	80	32	77	53	59	52	78	32	39	53	59	66	35	61	59	62	66	45	46	73	40	60	66	49	78	72	50	79	43	42	55	0	78	39	51	58	56	49	64	54	32	37	43	79	56	63	69	46	46	80	67	58	41	44	35	31	35	41	46	42	40	54	67	58	47	63
46	59	40	80	56	61	41	77	46	68	67	61	67	31	35	71	54	74	69	34	31	57	67	40	35	66	66	51	58	30	36	58	53	70	55	32	72	31	36	66	65	36	80	40	55	50	57	66	42	45	79	76	78	49	32	76	30	34	64	76	48	53	80	52	56	78	0	44	33	58	35	56	36	33	52	67	36	69	51	51	53	76	69	31	63	75	51	65	79	76	35	37	70	59	79	66	68	52	35	69
31	75	58	31	57	32	58	56	50	77	47	53	42	61	48	73	67	58	70	47	72	58	38	79	67	79	43	77	80	51	47	44	42	33	77	53	66	72	76	76	75	60	79	38	58	75	61	74	80	67	67	77	44	45	54	38	42	35	62	50	41	47	68	69	59	39	44	0	55	59	48	67	39	56	46	75	41	47	34	52	30	46	64	67	58	35	70	49	50	40	32	46	73	43	75	56	79	35	66	58
66	30	52	45	51	58	48	72	50	68	54	37	44	58	43	49	71	56	68	67	52	66	75	68	57	60	54	79	40	39	72	67	30	55	42	78	40	45	36	37	61	60	32	68	31	76	34	43	35	40	51	37	54	52	79	78	38	33	51	41	36	74	74	44	33	51	33	55	0	52	75	30	76	48	45	50	76	30	62	74	60	48	67	43	61	39	50	48	47	80	62	46	79	32	62	46	78	70	46	70
32	67	68	63	41	66	37	78	55	47	46	80	47	67	30	75	37	56	46	66	40	54	64	52	35	50	48	56	61	80	64	32	56	69	47	53	36	30	31	32	47	44	55	36	50	79	72	79	39	53	60	54	75	74	44	48	73	35	74	61	49	54	44	79	40	58	58	59	52	0	55	30	31	63	60	61	58	45	45	30	40	75	75	75	80	60	72	72	61	73	63	39	37	53	61	63	39	66	38	48
58	53	43	69	32	67	32	35	36	62	32	75	58	41	41	48	62	69	47	39	59	67	35	31	44	30	64	53	79	77	76	48	60	55	51	41	71	53	47	46	76	47	46	42	46	46	54	38	47	42	53	52	80	68	47	75	63	50	30	37	79	54	70	70	61	56	35	48	75	55	0	36	30	61	40	48	54	48	62	50	30	64	74	46	38	74	80	53	58	69	54	63	70	52	41	30	38	74	38	66
56	34	33	67	64	38	66	70	31	51	43	41	32	34	71	64	52	73	37	62	61	68	37	46	41	49	30	43	39	75	38	72	50	64	46	64	37	31	57	44	48	36	77	37	31	57	41	60	59	56	37	51	71	50	46	40	45	37	56	68	41	38	35	63	44	49	56	67	30	30	36	0	35	74	31	37	71	67	68	44	56	79	47	46	50	64	37	37	40	50	70	42	39	39	68	66	47	65	69	63
39	55	42	56	31	45	34	33	75	59	58	44	50	43	68	66	64	60	38	42	39	41	74	69	51	30	78	45	63	66	33	72	74	37	75	63	80	47	72	67	43	43	63	65	36	53	42	47	35	66	55	59	74	41	80	32	59	61	36	62	30	41	62	33	72	64	36	39	76	31	30	35	0	31	72	41	54	80	47	63	33	52	52	65	77	68	77	48	60	52	47	56	66	46	55	32	77	54	38	50
62	71	76	63	74	37	70	40	54	80	37	69	45	65	71	43	35	78	51	78	45	54	69	34	53	34	35	74	47	39	58	60	80	37	35	67	72	55	44	57	39	37	42	66	52	58	67	60	59	47	70	72	75	50	65	64	75	80	45	40	73	43	49	72	37	54	33	56	48	63	61	74	31	0	80	44	31	74	55	71	41	53	44	78	58	59	53	67	38	74	54	35	61	64	65	75	48	80	75	78
33	44	80	41	72	75	62	47	76	42	45	78	69	40	31	57	57	58	54	33	72	60	51	41	39	79	78	67	62	35	32	68	31	73	62	66	49	80	48	67	38	66	56	60	32	39	50	61	77	72	54	65	53	43	37	31	80	45	45	45	54	38	75	78	47	32	52	46	45	60	40	31	72	80	0	57	48	55	61	62	39	61	35	77	49	53	64	37	36	43	35	59	56	63	35	32	31	36	33	58
39	40	50	31	66	41	46	79	31	62	70	60	50	38	62	72	48	41	74	48	59	54	43	33	77	56	74	65	36	72	66	80	60	77	79	33	34	80	52	30	36	36	47	33	54	72	64	48	67	68	45	48	45	41	34	78	46	73	69	55	35	50	60	55	71	37	67	75	50	61	48	37	41	44	57	0	61	47	38	68	34	35	77	71	57	58	66	45	31	72	52	50	39	47	50	44	73	75	66	48
55	55	36	56	76	39	69	34	52	75	35	36	71	45	61	78	64	43	50	40	53	32	60	61	61	45	41	40	66	55	31	78	59	64	69	69	58	58	46	38	41	53	65	33	41	56	33	51	75	33	48	60	33	45	55	53	60	44	73	45	46	53	56	40	57	43	36	41	76	58	54	71	54	31	48	61	0	73	72	71	56	70	76	65	52	74	66	61	60	76	57	46	38	41	63	30	38	49	60	45
50	36	55	40	47	60	76	55	36	58	57	57	68	42	65	62	34	50	70	31	52	42	59	44	54	63	31	35	40	74	55	41	55	68	78	70	72	74	45	76	71	41	55	38	80	54	36	58	56	31	76	55	36	60	32	65	61	47	78	42	70	47	51	77	35	79	69	47	30	45	48	67	80	74	55	47	73	0	71	36	54	51	31	50	55	52	30	67	39	63	46	63	80	68	55	69	30	77	45	32
50	39	45	30	38	32	36	51	47	60	63	61	41	68	63	61	77	38	57	45	78	51	68	69	65	75	54	55	33	42	39	63	57	77	79	53	37	59	62	46	58	75	64	43	46	35	44	54	42	41	77	34	54	61	77	47	47	44	59	55	57	38	57	32	74	56	51	34	62	45	62	68	47	55	61	38	72	71	0	32	30	74	48	75	74	74	80	69	36	64	71	43	68	68	54	66	37	41	51	35
43	47	54	54	52	53	40	71	52	49	56	62	57	69	76	58	58	54	49	37	78	34	77	30	79	66	47	46	79	57	76	38	43	80	32	46	79	31	31	40	56	56	41	43	46	73	42	68	49	78	40	69	35	48	36	55	59	54	67	71	32	40	71	67	38	63	51	52	74	30	50	44	63	71	62	68	71	36	32	0	66	47	48	52	41	39	44	41	52	68	35	55	48	78	63	59	70	80	41	62
67	45	59	73	57	69	57	52	58	72	60	69	34	72	74	32	73	63	73	37	72	77	72	70	30	38	58	79	64	53	78	80	75	39	33	33	65	61	31	70	41	53	34	67	73	30	52	52	46	43	65	42	80	34	55	52	40	69	65	69	55	50	76	41	62	69	53	30	60	40	30	56	33	41	39	34	56	54	30	66	0	34	76	59	69	41	65	59	44	63	32	62	59	36	46	65	68	36	67	56
56	52	47	37	43	33	59	52	45	79	69	35	74	48	65	40	41	53	46	71	65	38	32	52	70	75	32	75	54	46	45	32	74	57	66	64	62	44	56	77	73	48	52	51	33	30	40	74	64	40	41	57	75	77	61	35	72	53	68	47	43	56	55	72	78	46	76	46	48	75	64	79	52	53	61	35	70	51	74	47	34	0	55	31	47	37	50	51	78	52	61	37	62	72	74	43	43	30	51	67
66	33	79	37	38	43	46	68	37	77	54	76	41	64	53	53	70	69	54	42	35	43	72	76	63	42	74	76	46	46	59	35	53	75	36	63	47	43	35	71	47	56	66	60	71	52	51	78	59	32	46	69	37	51	66	67	59	55	38	79	31	60	37	33	61	46	69	64	67	75	74	47	52	44	35	77	76	31	48	48	76	55	0	66	33	50	30	62	64	44	66	47	55	39	59	74	70	54	50	69
72	39	58	55	63	60	53	76	52	44	39	79	40	59	37	54	54	60	48	72	44	80	44	52	79	78	45	65	50	36	50	75	33	76	54	58	72	42	73	30	31	52	71	34	62	48	60	30	75	53	72	41	54	47	56	40	79	66	56	59	51	41	31	45	70	80	31	67	43	75	46	46	65	78	77	71	65	50	75	52	59	31	66	0	45	69	77	49	52	49	63	32	60	32	72	40	76	37	53	45
33	40	45	77	71	48	50	31	49	75	60	77	39	44	45	59	74	32	69	44	80	72	80	30	57	56	75	38	48	75	62	72	76	44	41	66	65	54	54	40	46	41	44	35	69	42	71	44	54	53	33	33	40	46	55	63	54	47	78	66	44	57	39	58	68	67	63	58	61	80	38	50	77	58	49	57	52	55	74	41	69	47	33	45	0	50	77	37	49	65	64	64	38	73	61	53	63	42	50	65
41	36	57	34	46	60	78	58	39	79	44	55	56	52	54	41	54	71	32	73	58	40	43	61	62	77	48	35	50	59	41	35	70	62	60	33	45	30	57	80	37	47	69	41	77	49	33	69	58	38	58	71	75	66	39	62	62	45	32	79	33	55	71	61	61	58	75	35	39	60	74	64	68	59	53	58	74	52	74	39	41	37	50	69	50	0	64	75	32	35	37	75	39	56	49	71	65	52	78	70
66	37	46	50	61	36	48	48	52	53	77	72	56	51	67	67	72	65	39	37	31	36	63	75	47	73	80	45	37	71	46	77	66	67	76	65	32	74	71	79	68	70	32	30	31	71	42	43	69	79	30	59	64	66	71	69	45	54	39	49	37	54	33	58	64	41	51	70	50	72	80	37	77	53	64	66	66	30	80	44	65	50	30	77	77	64	0	61	60	72	70	73	44	34	33	47	42	38	47	67
76	77	63	58	46	63	70	48	70	42	63	80	67	39	35	39	52	63	43	73	66	65	73	45	71	31	54	37	58	39	62	33	71	42	54	62	80	40	62	39	69	41	76	43	53	44	61	64	74	47	33	65	31	42	71	34	57	79	32	43	77	77	75	75	66	44	65	49	48	72	53	37	48	67	37	45	61	67	69	41	59	51	62	49	37	75	61	0	63	32	50	42	73	46	61	73	31	73	70	73
55	62	63	47	72	48	76	78	35	44	50	59	36	70	55	70	74	34	75	62	51	73	78	36	65	60	42	32	40	74	53	64	37	32	73	53	38	58	73	64	36	33	74	71	45	80	42	36	31	67	40	63	53	54	37	62	62	58	30	64	71	62	74	53	64	35	79	50	47	61	58	40	60	38	36	31	60	39	36	52	44	78	64	52	49	32	60	63	0	57	76	51	79	77	59	75	40	74	73	57
48	71	50	74	34	53	79	44	38	72	69	34	49	36	31	52	34	40	79	34	37	46	45	52	46	30	75	74	61	76	44	47	41	59	78	56	48	51	62	67	50	53	54	72	44	37	33	55	57	35	52	77	66	35	43	52	60	52	72	59	54	57	38	50	56	31	76	40	80	73	69	50	52	74	43	72	76	63	64	68	63	52	44	49	65	35	72	32	57	0	36	49	69	74	45	55	73	65	50	48
80	65	57	55	51	48	78	46	31	57	66	34	40	46	42	51	59	73	68	79	78	73	66	64	70	63	65	45	69	39	37	66	51	69	58	79	37	30	68	80	37	31	42	37	63	45	52	59	44	75	67	78	40	59	30	64	34	63	59	37	30	40	79	34	53	35	35	32	62	63	54	70	47	54	35	52	57	46	71	35	32	61	66	63	64	37	70	50	76	36	0	46	30	46	41	59	46	65	47	78
60	69	31	71	33	76	63	33	50	33	36	41	44	32	65	52	36	30	39	78	46	55	71	53	43	37	80	57	71	40	65	59	68	70	48	71	33	74	58	41	57	80	43	68	55	75	69	58	51	46	69	30	67	79	75	42	54	46	45	52	50	61	41	60	36	41	37	46	46	39	63	42	56	35	59	50	46	63	43	55	62	37	47	32	64	75	73	42	51	49	46	0	78	33	47	40	65	65	55	50
38	70	64	32	37	68	47	71	64	42	60	59	53	70	45	77	39	72	31	41	59	47	55	59	37	55	77	70	80	32	66	64	72	63	66	49	54	80	63	69	32	32	46	78	70	56	62	73	64	68	33	71	48	41	49	33	77	68	33	54	48	57	61	55	52	46	70	73	79	37	70	39	66	61	56	39	38	80	68	48	59	62	55	60	38	39	44	73	79	69	30	78	0	34	46	56	52	66	61	49
54	49	31	31	59	51	59	62	45	49	34	71	33	34	61	35	64	57	56	53	73	34	51	77	42	68	80	57	39	74	45	46	34	34	39	47	52	49	69	43	60	47	77	52	57	61	33	31	56	66	73	76	69	61	32	52	45	46	57	45	32	63	33	48	73	42	59	43	32	53	52	39	46	64	63	47	41	68	68	78	36	72	39	32	73	56	34	46	77	74	46	33	34	0	70	39	75	70	64	73
57	73	56	80	77	56	32	55	47	53	36	72	47	58	71	67	61	68	51	35	45	73	69	80	58	50	50	60	68	52	50	31	77	56	31	41	45	58	47	49	33	43	52	47	52	42	80	42	52	45	59	41	53	80	51	48	76	46	54	61	58	74	64	38	52	40	79	75	62	61	41	68	55	65	35	50	63	55	54	63	46	74	59	72	61	49	33	61	59	45	41	47	46	70	0	46	55	47	42	30
33	78	47	75	60	77	32	33	37	51	37	78	50	66	56	74	70	46	32	38	77	39	58	51	64	51	39	49	73	77	53	53	44	74	55	30	72	59	66	37	64	32	62	67	61	50	62	53	53	64	66	39	50	43	52	33	38	43	74	53	37	80	63	34	80	54	66	56	46	63	30	66	32	75	32	44	30	69	66	59	65	43	74	40	53	71	47	73	75	55	59	40	56	39	46	0	34	72	72	48
34	79	36	79	43	59	58	65	56	39	59	67	56	66	75	67	70	56	62	41	54	33	51	39	58	73	32	41	77	50	36	62	64	68	35	71	78	30	77	75	73	53	69	35	33	48	78	35	77	36	54	67	72	62	76	40	74	36	74	51	36	58	31	46	47	67	68	79	78	39	38	47	77	48	31	73	38	30	37	70	68	43	70	76	63	65	42	31	40	73	46	65	52	75	55	34	0	36	49	75
49	60	58	53	72	43	35	52	75	33	36	38	32	62	67	78	69	37	69	58	60	67	52	36	42	59	58	59	54	33	49	72	39	59	66	59	69	53	31	32	49	57	72	45	61	32	41	32	61	73	47	65	42	63	34	66	46	51	53	62	36	72	64	67	61	58	52	35	70	66	74	65	54	80	36	75	49	77	41	80	36	30	54	37	42	52	38	73	74	65	65	65	66	70	47	72	36	0	50	80
67	57	50	33	77	47	55	33	40	38	66	71	55	35	55	80	31	50	41	50	70	60	55	38	60	37	31	60	52	36	35	30	58	55	38	36	47	59	31	74	33	75	76	37	39	59	77	48	63	39	79	65	58	37	33	74	66	57	58	42	43	40	64	76	51	47	35	66	46	38	38	69	38	75	33	66	60	45	51	41	67	51	50	53	50	78	47	70	73	50	47	55	61	64	42	72	49	50	0	40
62	64	42	67	55	57	64	75	42	48	67	70	45	61	68	52	33	45	48	37	32	72	65	42	71	71	53	35	57	56	74	31	35	38	39	51	50	45	50	77	80	79	58	67	46	79	35	40	37	72	77	47	46	37	47	77	73	30	65	71	52	68	70	62	62	63	69	58	70	48	66	63	50	78	58	48	45	32	35	62	56	67	69	45	65	70	67	73	57	48	78	50	49	73	30	48	75	80	40	0

Initial health value of each distributed equipment: 
(Where columns denote demand points: 1 to 100.)
558.60	419.76	474.15	469.82	378.73	622.40	177.00	351.54	649.62	372.90	304.92	395.92	220.52	447.04	607.56	316.20	537.57	522.50	506.46	265.37	654.72	193.76	264.00	158.10	201.15	305.28	462.48	441.18	339.48	537.74	239.89	187.74	174.90	408.69	682.08	233.93	191.54	322.24	236.25	298.93	421.59	181.50	606.45	671.34	409.20	234.08	231.24	425.93	433.35	371.46	538.20	282.50	524.90	520.50	241.25	248.05	235.06	175.82	452.88	294.58	232.65	319.20	370.36	422.96	319.20	636.32	295.16	251.16	315.57	169.86	561.56	667.78	543.12	282.68	166.88	532.37	735.68	252.56	277.14	327.52	298.66	566.02	180.29	163.90	150.49	223.50	398.89	434.00	246.24	458.25	488.65	185.76	277.14	365.73	522.24	255.84	303.94	239.20	421.88	159.43

Spare parts types of different demand points: 
(where columns denote demand points: 1 to 100.)
13	5	14	14	14	1	1	9	11	2	9	9	13	14	2	9	9	13	4	7	7	11	2	10	12	13	6	2	2	3	3	8	12	9	9	9	2	6	3	2	8	10	10	15	13	8	9	15	7	1	3	14	13	15	1	9	10	6	10	9	13	13	4	10	8	4	1	4	10	6	15	14	8	15	13	1	3	6	10	3	11	9	1	10	12	4	6	8	7	7	5	1	2	14	10	6	3	13	7	11

inventory management cost per unit time of different types of orders: 
(where columns denote types of orders: 1 to 15.)
2.6	2.6	1.1	1.2	2.4	2.4	1.8	1.5	1.7	2.9	1.6	2.2	1.3	1.4	1.1

Maintenance cost per unit time of different worker: 
(Where rows denote strategy: 1 to 3,and columns denote available worker of each strategy: 1 to 3.)
4.4	4.4	3.7
3.4	3.5	3.3
4.4	3.8	3

The weight of tardiness cost of different demand points: 
(where columns denote demand points: 1 to 100.)
4.6	3.6	3.3	4.5	4.8	5.5	4.6	5.3	3.3	4.8	3.9	3.2	4.8	6	3	4.3	4.3	6	5.9	3.9	5.3	3.8	3.4	5.6	4.1	3.7	5	3.5	5.6	4.6	4.9	3.6	5.4	3.6	5.1	3.9	5.9	4.1	5.1	4.2	5.9	5.3	3.3	5	5.7	4.1	4.2	4.8	3.4	3.3	5.2	5.6	4.2	5	5.3	4.5	3.2	4.8	4.9	3.7	3.1	3	3.7	3.6	4.6	3.2	3.3	4.1	5.4	4.5	4.6	4.5	4.8	4.9	4.2	3.3	4.1	4.2	4.4	5.9	4.6	4.9	5.7	3.6	4.6	5	4.2	3.7	4.6	5.6	4.7	3.1	3.9	4.3	5.4	4.5	4.8	3.8	5.6	4.2

The waste of old spare part per unit time of each distributed equipment: 
(where columns denote demand points: 1 to 100.)
7.4	5.6	6.1	6.9	6.7	7.9	6.8	5.9	6.9	7	6.7	6.9	7.6	5.4	5.6	7.3	6.1	5.7	5.9	7	6.9	7.8	5.7	6.7	5.9	5.9	7.4	7.3	7.3	7.3	6.9	6.6	5.5	6.2	7	7.5	6.3	6.8	7.3	6.2	6.3	5.5	5.1	7.5	7.7	7.1	7	5.3	7.2	7	6.6	7.2	5.2	7.7	7.9	6.9	7.8	5.1	6	6.7	5.5	5.1	7.5	7.3	7.1	5.5	7.7	5.1	5	5.6	5.1	6.3	6.1	6.1	5.5	5.1	7.7	5.8	5.5	7.1	6.3	5.5	7	7.8	5.4	7.1	6.1	6.2	5.1	6.8	7.9	5.9	7.2	7.4	7.3	6.1	5.3	6.6	5	7.4

shutdown cost per unit time of each distributed equipment: 
(where columns denote demand points: 1 to 100.)
24.3	24.2	22.5	24.9	21.1	22.7	21.7	22.6	20.4	21.8	20.5	20.4	21.7	24.8	24.9	23.7	21.9	22.1	24.3	24.4	24.6	24	24.5	20.5	22.3	24	23.1	24.9	24.4	21.4	22.9	24.3	22.4	23	22.4	20.4	22.1	24.8	24.6	22.9	22	24.3	24.4	23	24.7	24.6	22.4	21.3	23.4	24	24.3	20.1	20	21.2	22.7	24.4	21.9	21.6	24.6	23.2	22.4	24.9	23.9	20.8	24	21.6	22.6	22.2	23.8	23.6	21	25	21.7	20.9	22.9	24.7	23.2	24.8	23.7	23.6	21.9	23.3	25	22.9	23.9	21.4	23	20.4	21.7	20.3	20.2	24.9	20.1	22.9	23.5	24.8	21.4	23.6	24.5	20.9

Deterioration rate of each piece of equipment:
(Where columns denote distributed equipment: 1 to 100.)
1.47	1.59	1.45	1.69	1.21	1.6	1.18	1.62	1.62	1.1	1.54	1.96	1.48	1.27	1.66	1.86	1.81	1.25	1.38	1.19	1.86	1.12	1.6	1.02	1.35	1.06	1.64	1.14	1.23	1.67	1.61	1.26	1.06	1.71	1.96	1.57	1.22	1.52	1.25	1.67	1.41	1.21	1.95	1.67	1.65	1.52	1.41	1.91	1.35	1.23	1.95	1.25	1.45	1.5	1.25	1.21	1.46	1.18	1.48	1.43	1.41	1.9	1.88	1.36	1.52	1.94	1.57	1.56	1.57	1.14	1.39	1.73	1.46	1.48	1.12	1.39	1.76	1.64	1.86	1.78	1.09	1.82	1.21	1.1	1.01	1.5	1.13	2	1.62	1.41	1.45	1.08	1.86	1.67	1.28	1.23	1.82	1.3	1.06	1.07

The processing time of different types of spare parts: 
(Where rows denote machines: 1 to 5,and columns denote types: 1 to 15.)
19	23	25	28	16	10	23	11	24	17	20	18	18	10	28
14	29	14	18	22	13	14	15	16	13	16	23	20	17	24
20	25	25	28	25	29	21	29	14	28	19	16	16	16	25
21	11	19	26	18	29	20	29	10	28	26	15	18	14	15
16	20	22	24	19	19	10	10	10	22	28	17	13	20	17

The maintenance time of different workers: 
(Where rows denote strategy: 1 to 3,and columns denote available worker of each strategy: 1 to 3.)
32	35	39
40	41	40
38	35	48

Repair degree of different strategies: 
(Where rows denote strategy: 1 to 33.)
0.51	0.56	0.63

Quantity of spare parts of each type reserved in each warehouse: 
(where rows denote warehouses£º1 to 6,and columns denote types£º1 to 15.)
5	6	8	9	12	13
1	2	1	2	1	1
11	13	14
1	2	1
4	6	9	10	13	14	15
1	2	1	1	1	1	1

Initial due date of each order: 
(Where columns denote order: 1 to 100.)
380	264	327	278	313	389	150	217	401	339	198	202	149	352	366	170	297	418	367	223	352	173	165	155	149	288	282	387	276	322	149	149	165	239	348	149	157	212	189	179	299	150	311	402	248	154	164	223	321	302	276	226	362	347	193	205	161	149	306	206	165	168	197	311	210	328	188	161	201	149	404	386	372	191	149	383	418	154	149	184	274	311	149	149	149	149	353	217	152	325	337	172	149	219	408	208	167	184	398	149

Maintenance starting time window of each piece of equipment: 
(Where rows denote Lower and Upper bounds of Maintenance starting time window: 1 to 2,and columns denote distributed equipment: 1 to 100.)
266	184.8	228.9	194.6	219.1	272.3	105	151.9	280.7	237.3	138.6	141.4	104.3	246.4	256.2	119	207.9	292.6	256.9	156.1	246.4	121.1	115.5	108.5	104.3	201.6	197.4	270.9	193.2	225.4	104.3	104.3	115.5	167.3	243.6	104.3	109.9	148.4	132.3	125.3	209.3	105	217.7	281.4	173.6	107.8	114.8	156.1	224.7	211.4	193.2	158.2	253.4	242.9	135.1	143.5	112.7	104.3	214.2	144.2	115.5	117.6	137.9	217.7	147	229.6	131.6	112.7	140.7	104.3	282.8	270.2	260.4	133.7	104.3	268.1	292.6	107.8	104.3	128.8	191.8	217.7	104.3	104.3	104.3	104.3	247.1	151.9	106.4	227.5	235.9	120.4	104.3	153.3	285.6	145.6	116.9	128.8	278.6	104.3
342	237.6	294.3	250.2	281.7	350.1	135	195.3	360.9	305.1	178.2	181.8	134.1	316.8	329.4	153	267.3	376.2	330.3	200.7	316.8	155.7	148.5	139.5	134.1	259.2	253.8	348.3	248.4	289.8	134.1	134.1	148.5	215.1	313.2	134.1	141.3	190.8	170.1	161.1	269.1	135	279.9	361.8	223.2	138.6	147.6	200.7	288.9	271.8	248.4	203.4	325.8	312.3	173.7	184.5	144.9	134.1	275.4	185.4	148.5	151.2	177.3	279.9	189	295.2	169.2	144.9	180.9	134.1	363.6	347.4	334.8	171.9	134.1	344.7	376.2	138.6	134.1	165.6	246.6	279.9	134.1	134.1	134.1	134.1	317.7	195.3	136.8	292.5	303.3	154.8	134.1	197.1	367.2	187.2	150.3	165.6	358.2	134.1

