Number of orders: 
100

Number of factories\warehouses: 
3

Number of machines per factory: 
5

Number of types of spare parts: 
15

Number of maintenance strategies: 
4

Number of available workers per strategy: 
4

Transportation cost per unit time: 
3

Transprotation time between factories/warehouses and demand points: 
(Where rows denote factories: 1 to 3 ,and columns denote demand points: 1 to 100.)
59	100	102	117	70	110	54	149	139	111	125	84	83	86	59	130	87	51	43	64	45	123	40	60	98	128	138	123	66	116	117	89	145	33	92	84	89	137	40	39	115	80	143	76	127	92	50	123	129	110	59	47	65	118	122	126	60	40	81	113	48	114	38	111	59	139	109	96	68	91	31	70	52	84	102	128	144	54	87	105	83	81	108	143	128	145	40	139	93	93	32	41	54	62	39	117	115	31	90	137
143	120	57	144	55	102	56	76	49	115	97	115	106	36	61	124	139	137	54	131	97	37	82	48	140	135	130	95	113	69	112	121	149	81	103	49	148	31	78	138	126	100	68	114	115	64	107	87	32	33	89	67	114	45	45	66	133	64	45	77	140	42	141	122	58	108	127	77	46	112	44	147	103	131	40	121	89	94	119	143	83	59	119	79	94	136	139	104	35	138	50	119	95	121	145	84	52	108	86	31
45	40	62	55	134	131	76	68	64	145	70	134	126	32	67	139	102	101	65	49	71	30	43	137	106	102	72	105	132	128	80	50	119	118	52	82	68	35	39	146	91	57	97	104	133	101	42	34	82	96	126	133	36	52	38	126	147	81	128	45	61	119	123	48	111	76	130	58	148	62	45	35	75	34	106	30	146	104	119	106	131	110	124	84	88	41	48	106	32	42	146	78	92	98	117	59	128	67	79	112

Tranfer time of each worker between two different demand points: 
(Where rows and columns both denote demands points: 1 to 100.)
0	35	67	53	76	48	62	75	68	40	71	74	71	43	45	69	80	43	53	74	31	78	39	39	31	77	68	79	32	73	35	30	65	69	65	68	34	60	75	46	35	31	63	64	44	72	40	32	41	52	40	37	69	47	56	64	72	30	30	46	73	47	64	30	62	55	48	59	69	70	72	72	53	57	80	75	39	77	56	71	37	73	66	43	71	31	48	76	68	55	70	32	73	45	63	56	56	75	49	49
35	0	64	41	35	35	35	31	44	63	54	47	68	48	58	71	71	37	58	64	50	61	60	30	52	69	31	77	50	73	41	38	36	39	71	36	69	75	32	38	67	60	78	35	60	78	30	69	79	56	62	34	36	55	59	54	63	78	65	58	36	35	68	36	60	41	52	48	65	54	34	49	52	40	72	53	66	32	67	53	35	51	41	33	58	64	61	59	54	34	75	53	71	33	32	36	37	71	78	59
67	64	0	53	53	57	45	66	44	38	78	74	52	47	42	70	36	40	78	67	52	68	56	50	63	67	35	71	71	53	51	30	63	60	75	75	54	50	42	34	40	70	77	63	66	79	43	67	71	77	47	40	35	44	71	44	75	43	76	47	69	55	49	62	56	47	61	79	34	80	56	38	51	47	32	49	51	40	33	39	50	57	38	68	42	52	59	39	43	39	76	58	48	36	80	60	34	79	59	37
53	41	53	0	38	62	67	48	47	51	72	71	75	74	53	48	77	74	32	44	64	80	69	75	57	43	79	68	77	59	68	53	76	62	59	59	60	47	73	47	59	55	75	40	59	51	53	41	51	67	72	68	51	36	46	80	46	30	65	68	72	42	47	55	39	43	58	37	64	76	69	35	74	61	37	75	50	36	66	44	79	41	43	38	79	61	52	55	75	34	49	68	57	55	59	43	62	69	80	51
76	35	53	38	0	33	37	33	69	58	38	76	50	34	46	75	59	55	63	75	47	35	65	48	38	59	78	52	60	51	53	69	44	34	63	72	72	68	42	33	62	61	32	44	33	54	74	38	76	55	67	75	57	45	30	73	41	51	62	80	54	65	67	51	80	52	63	52	69	40	57	75	63	48	32	72	35	54	79	61	32	65	57	56	46	65	30	74	77	67	69	42	62	72	58	45	36	33	41	44
48	35	57	62	33	0	48	34	68	71	56	37	61	56	41	53	50	31	55	41	71	60	70	54	80	78	62	68	75	67	53	56	30	66	31	35	44	80	65	40	36	53	63	72	52	70	30	67	76	61	65	68	62	51	59	51	76	62	69	61	51	67	71	46	65	65	31	57	56	31	57	79	37	52	67	59	54	30	35	74	49	39	58	54	60	68	39	68	40	65	30	43	44	73	37	63	70	41	68	71
62	35	45	67	37	48	0	74	73	33	69	40	42	61	43	32	37	59	56	60	55	32	69	59	31	74	45	76	39	72	64	34	54	68	37	80	80	70	37	30	44	50	78	33	77	35	51	64	58	57	61	73	53	76	79	53	58	69	47	62	65	48	45	36	80	73	68	69	32	61	43	65	66	38	36	70	47	37	70	79	36	62	69	63	58	69	70	78	39	56	48	42	31	79	64	64	76	39	38	39
75	31	66	48	33	34	74	0	79	79	76	43	53	70	51	70	74	78	30	56	48	54	33	56	76	68	36	39	37	48	32	43	42	49	63	73	48	52	54	31	48	35	59	46	48	65	45	39	33	72	73	70	54	70	73	61	53	34	36	65	52	68	44	66	76	68	69	52	66	55	42	37	78	52	36	48	44	52	38	36	32	74	45	31	42	64	75	43	46	69	36	41	68	78	49	69	32	80	32	35
68	44	44	47	69	68	73	79	0	68	78	76	43	44	69	59	64	63	72	34	30	33	77	77	33	44	73	71	71	59	44	41	71	54	44	70	68	35	42	31	37	38	64	76	41	45	57	71	75	47	74	33	64	75	80	31	47	70	70	45	51	41	41	69	49	46	61	51	54	45	50	49	45	35	38	66	45	77	78	72	35	33	36	38	77	70	74	71	51	34	33	43	49	32	47	74	80	57	71	61
40	63	38	51	58	71	33	79	68	0	56	55	76	73	37	32	37	48	63	66	48	39	31	49	37	58	67	54	42	55	75	34	77	75	30	66	31	56	63	58	44	51	30	60	39	35	65	52	49	37	69	57	55	37	67	36	72	56	78	42	69	53	57	58	72	47	63	72	75	41	51	80	36	69	78	47	48	38	56	33	49	76	33	40	47	59	49	54	36	78	79	62	53	79	77	76	39	31	68	78
71	54	78	72	38	56	69	76	78	56	0	58	37	78	51	70	62	63	65	44	53	52	73	74	63	53	63	67	56	38	78	42	58	54	52	50	32	51	41	49	66	67	67	59	38	77	44	43	57	76	68	32	75	33	33	78	44	39	44	34	39	42	38	58	36	58	36	33	33	54	59	48	74	40	70	33	33	75	70	68	30	80	69	62	34	52	61	34	54	46	35	71	35	47	64	65	70	41	71	67
74	47	74	71	76	37	40	43	76	55	58	0	39	55	33	66	35	67	72	70	60	54	75	80	51	63	42	77	68	57	58	40	58	33	62	50	71	68	66	74	45	41	79	76	33	56	50	67	72	73	59	53	45	45	34	77	76	38	52	77	69	74	64	43	34	62	35	32	72	35	74	45	47	75	51	46	50	61	34	40	34	37	65	31	36	43	72	50	60	74	59	35	44	51	36	40	53	46	41	52
71	68	52	75	50	61	42	53	43	76	37	39	0	47	73	35	55	51	53	67	78	77	61	39	65	75	68	77	76	41	32	72	45	58	56	32	57	32	67	49	51	64	47	59	38	62	44	32	44	33	70	62	43	63	35	70	52	69	48	31	76	79	79	61	36	65	55	49	71	36	63	54	37	50	61	30	75	71	39	71	72	49	65	77	35	80	74	46	57	73	51	44	56	79	80	57	76	78	62	53
43	48	47	74	34	56	61	70	44	73	78	55	47	0	67	79	45	49	53	63	46	71	32	76	49	30	64	37	78	69	43	38	46	70	65	31	53	75	44	57	69	74	48	58	72	62	56	41	31	74	35	73	45	72	59	41	72	78	35	35	68	63	62	60	34	58	47	58	37	65	79	69	51	48	49	55	48	62	35	79	77	65	77	49	30	72	45	40	44	53	37	79	77	41	52	72	70	79	52	31
45	58	42	53	46	41	43	51	69	37	51	33	73	67	0	73	67	30	44	73	50	48	36	74	41	63	79	57	30	37	78	65	67	64	36	39	52	37	77	55	31	75	40	76	63	35	56	39	31	62	33	53	52	39	42	72	41	43	70	78	48	66	39	79	41	35	73	54	62	75	36	40	40	51	76	51	65	48	65	33	43	34	47	69	69	35	77	59	42	31	77	69	38	54	61	79	42	66	47	49
69	71	70	48	75	53	32	70	59	32	70	66	35	79	73	0	80	48	77	78	53	76	54	76	56	55	42	70	64	50	30	50	34	41	68	54	47	80	30	46	71	50	80	55	45	77	78	60	45	51	38	44	70	47	34	36	59	57	56	51	44	41	43	31	51	73	68	78	44	35	34	70	71	35	44	51	67	37	72	48	43	64	70	65	70	44	64	62	62	77	78	72	54	73	61	65	54	64	54	78
80	71	36	77	59	50	37	74	64	37	62	35	55	45	67	80	0	52	80	63	70	67	30	58	44	52	74	56	42	64	46	74	77	71	53	76	48	60	79	76	42	42	69	54	30	34	43	53	64	45	38	54	32	64	71	63	52	31	39	72	37	74	60	60	45	36	47	62	46	71	80	48	33	64	76	67	54	67	54	72	43	80	51	69	42	64	70	33	59	67	58	33	73	52	55	69	56	69	65	34
43	37	40	74	55	31	59	78	63	48	63	67	51	49	30	48	52	0	76	62	43	57	47	72	49	70	80	52	66	42	68	34	79	44	38	47	61	70	74	57	72	52	39	61	32	34	71	76	43	40	50	53	54	56	62	59	63	64	56	39	54	51	72	79	80	76	30	74	52	72	79	54	64	44	43	48	31	69	59	64	33	35	32	38	35	75	48	45	34	76	58	33	53	32	56	49	76	41	36	72
53	58	78	32	63	55	56	30	72	63	65	72	53	53	44	77	80	76	0	32	37	75	70	71	76	48	52	58	77	72	73	40	45	70	51	48	44	32	31	60	58	66	63	37	60	49	32	74	42	44	75	67	67	46	56	40	43	35	35	48	34	33	74	49	74	72	72	72	42	58	70	54	30	42	65	34	69	32	73	31	71	55	42	77	62	75	63	50	38	54	55	56	32	34	61	59	50	59	59	34
74	64	67	44	75	41	60	56	34	66	44	70	67	63	73	78	63	62	32	0	51	75	33	45	65	73	80	34	66	78	41	55	43	54	35	32	73	64	80	31	70	41	53	34	65	41	32	32	61	57	62	54	56	38	60	49	72	74	51	36	71	30	76	66	37	69	36	33	54	48	61	64	53	75	74	80	49	62	63	51	62	47	78	62	67	36	63	30	78	47	36	54	49	70	56	57	80	63	68	59
31	50	52	64	47	71	55	48	30	48	53	60	78	46	50	53	70	43	37	51	0	44	62	35	33	60	76	77	68	30	46	62	70	69	61	32	46	38	39	77	64	53	32	64	65	50	46	51	65	30	31	30	31	33	55	34	60	78	49	63	56	75	62	63	34	30	65	72	46	68	62	44	44	80	58	68	80	34	53	73	54	74	38	63	35	30	66	39	45	80	31	72	80	74	65	76	34	44	66	48
78	61	68	80	35	60	32	54	33	39	52	54	77	71	48	76	67	57	75	75	44	0	67	38	34	66	71	34	79	71	34	68	48	39	37	37	80	61	75	60	52	41	36	42	59	40	43	66	33	36	45	75	45	33	50	37	48	66	31	52	79	35	77	73	59	56	73	34	36	31	46	68	70	73	35	67	76	48	43	63	61	52	52	54	37	39	61	40	78	34	33	32	69	44	44	71	76	39	79	78
39	60	56	69	65	70	69	33	77	31	73	75	61	32	36	54	30	47	70	33	62	67	0	56	32	59	58	41	38	40	61	52	44	58	58	49	66	46	41	72	77	49	33	80	73	76	48	75	40	47	42	65	58	56	54	76	38	38	64	34	49	56	72	54	33	75	33	74	36	62	44	79	63	63	77	49	51	44	80	56	34	43	43	63	39	67	34	65	71	76	31	41	69	57	38	56	69	69	67	57
39	30	50	75	48	54	59	56	77	49	74	80	39	76	74	76	58	72	71	45	35	38	56	0	75	65	35	48	47	66	74	72	51	32	79	77	47	79	49	60	45	54	42	48	52	33	37	37	41	72	37	57	80	61	65	33	35	64	54	44	47	39	71	41	73	61	45	40	32	54	61	80	67	42	60	61	33	65	57	54	38	79	48	32	39	53	43	53	60	36	48	37	37	30	63	34	63	37	75	76
31	52	63	57	38	80	31	76	33	37	63	51	65	49	41	56	44	49	76	65	33	34	32	75	0	36	76	41	39	63	30	36	59	64	48	46	46	59	79	58	66	73	70	47	66	65	65	48	48	67	40	58	74	72	62	42	78	48	30	51	46	51	61	72	71	36	79	37	49	53	41	40	35	53	46	56	45	37	70	40	59	70	73	65	48	61	75	34	72	30	75	66	31	68	67	62	62	67	67	67
77	69	67	43	59	78	74	68	44	58	53	63	75	30	63	55	52	70	48	73	60	66	59	65	36	0	60	60	35	55	54	70	44	35	35	39	66	33	41	51	53	54	36	35	61	42	46	67	67	30	71	79	40	66	76	51	35	69	69	59	55	77	56	78	31	37	78	39	35	66	59	44	35	67	66	57	79	74	45	66	45	50	32	69	57	61	42	54	30	53	46	40	59	56	80	30	56	32	60	47
68	31	35	79	78	62	45	36	73	67	63	42	68	64	79	42	74	80	52	80	76	71	58	35	76	60	0	70	74	70	35	78	36	74	50	76	76	63	50	37	61	36	62	44	75	56	69	48	51	49	35	41	45	33	56	52	47	40	75	32	76	34	47	57	42	62	47	72	48	80	66	60	50	55	50	72	49	63	60	41	60	55	42	59	62	55	53	80	45	74	77	45	53	46	70	69	34	72	53	38
79	77	71	68	52	68	76	39	71	54	67	77	77	37	57	70	56	52	58	34	77	34	41	48	41	60	70	0	48	35	38	57	35	63	37	35	61	67	42	78	78	49	76	31	76	80	78	43	78	48	73	41	43	80	37	66	60	39	52	75	71	36	42	41	50	59	79	34	61	66	76	40	56	73	72	47	43	47	50	40	78	58	58	49	56	46	79	50	58	45	74	73	73	77	67	77	76	46	34	73
32	50	71	77	60	75	39	37	71	42	56	68	76	78	30	64	42	66	77	66	68	79	38	47	39	35	74	48	0	80	39	47	68	65	64	38	31	39	59	64	30	66	61	66	66	69	72	74	53	80	69	77	45	62	78	62	79	58	40	40	43	39	61	36	72	74	50	68	53	41	71	38	62	36	73	33	30	60	66	68	52	63	55	42	43	36	78	31	46	65	73	72	53	55	50	47	61	73	63	74
73	73	53	59	51	67	72	48	59	55	38	57	41	69	37	50	64	42	72	78	30	71	40	66	63	55	70	35	80	0	47	75	77	62	40	54	56	43	74	77	63	36	34	80	47	68	76	46	80	77	48	42	79	60	46	77	38	42	74	57	68	43	63	35	58	57	70	51	70	40	34	30	50	66	43	71	57	43	62	74	61	47	34	53	32	58	30	70	74	42	47	76	43	44	73	77	44	47	43	46
35	41	51	68	53	53	64	32	44	75	78	58	32	43	78	30	46	68	73	41	46	34	61	74	30	54	35	38	39	47	0	75	43	39	75	77	76	46	36	44	70	46	39	61	62	44	37	35	69	59	32	73	40	41	69	74	40	67	43	34	61	56	36	32	32	41	55	50	48	69	78	53	58	76	55	72	56	76	75	78	55	78	74	74	43	31	79	77	44	46	53	68	40	55	76	75	52	53	68	51
30	38	30	53	69	56	34	43	41	34	42	40	72	38	65	50	74	34	40	55	62	68	52	72	36	70	78	57	47	75	75	0	44	78	69	65	57	35	52	73	59	63	79	42	79	48	80	48	46	57	48	72	56	60	66	44	75	64	52	71	64	65	38	34	51	39	52	58	77	79	64	52	60	41	61	58	43	62	31	79	45	63	40	32	44	53	34	76	62	76	36	53	41	32	33	42	49	66	42	72
65	36	63	76	44	30	54	42	71	77	58	58	45	46	67	34	77	79	45	43	70	48	44	51	59	44	36	35	68	77	43	44	0	48	78	73	44	33	54	54	45	71	77	59	79	50	70	47	40	70	49	37	37	50	62	37	74	56	76	35	34	54	47	37	30	62	30	35	41	76	76	66	72	42	30	79	64	37	43	49	64	59	73	47	36	56	46	50	46	37	50	48	70	70	73	50	42	78	77	41
69	39	60	62	34	66	68	49	54	75	54	33	58	70	64	41	71	44	70	54	69	39	58	32	64	35	74	63	65	62	39	78	48	0	58	51	72	62	33	38	41	65	72	80	73	34	47	74	75	57	38	69	33	67	31	37	64	42	31	47	56	62	55	32	71	72	60	65	69	45	46	59	71	54	72	39	52	58	42	33	66	57	53	34	31	30	59	80	47	78	57	39	50	80	53	48	45	56	77	67
65	71	75	59	63	31	37	63	44	30	52	62	56	65	36	68	53	38	51	35	61	37	58	79	48	35	50	37	64	40	75	69	78	58	0	60	35	51	72	74	67	77	59	40	65	80	51	34	70	39	45	62	73	77	71	70	39	46	36	70	42	40	44	42	77	61	58	42	44	78	50	58	30	60	74	33	70	36	63	76	46	74	30	30	70	73	61	66	51	39	60	69	42	34	73	49	38	55	65	55
68	36	75	59	72	35	80	73	70	66	50	50	32	31	39	54	76	47	48	32	32	37	49	77	46	39	76	35	38	54	77	65	73	51	60	0	57	47	35	73	79	47	58	64	74	64	65	33	41	63	52	39	44	60	44	32	54	67	59	77	78	70	66	62	79	48	67	61	73	54	61	39	80	70	49	58	60	74	72	42	44	68	49	49	36	35	51	80	78	55	74	65	58	55	43	38	39	47	37	54
34	69	54	60	72	44	80	48	68	31	32	71	57	53	52	47	48	61	44	73	46	80	66	47	46	66	76	61	31	56	76	57	44	72	35	57	0	78	46	52	76	65	34	30	33	52	73	48	72	31	55	51	34	47	37	34	71	34	67	31	40	62	58	41	42	37	37	66	71	62	43	76	35	66	73	33	57	58	36	64	32	46	73	80	38	54	38	71	50	39	43	53	66	64	72	65	66	59	46	76
60	75	50	47	68	80	70	52	35	56	51	68	32	75	37	80	60	70	32	64	38	61	46	79	59	33	63	67	39	43	46	35	33	62	51	47	78	0	79	51	62	31	68	68	73	55	37	50	57	75	71	56	79	50	62	70	45	74	51	38	51	75	79	64	39	43	55	33	43	72	67	35	41	56	46	71	75	37	58	65	57	46	36	80	33	32	46	42	65	54	51	30	78	47	58	36	39	72	38	33
75	32	42	73	42	65	37	54	42	63	41	66	67	44	77	30	79	74	31	80	39	75	41	49	79	41	50	42	59	74	36	52	54	33	72	35	46	79	0	57	45	49	34	33	51	44	52	31	72	45	47	47	79	69	61	73	68	37	30	57	44	44	69	59	63	68	43	57	57	76	30	41	47	44	32	63	50	49	36	38	79	33	79	60	31	39	79	41	48	80	37	44	31	40	52	80	40	79	61	76
46	38	34	47	33	40	30	31	31	58	49	74	49	57	55	46	76	57	60	31	77	60	72	60	58	51	37	78	64	77	44	73	54	38	74	73	52	51	57	0	49	68	65	46	53	70	41	77	40	43	32	46	67	57	35	58	58	60	49	48	46	60	33	63	40	75	55	46	41	30	75	34	37	63	64	79	32	69	64	51	33	40	64	73	31	37	68	62	52	58	55	67	30	62	41	38	32	51	73	69
35	67	40	59	62	36	44	48	37	44	66	45	51	69	31	71	42	72	58	70	64	52	77	45	66	53	61	78	30	63	70	59	45	41	67	79	76	62	45	49	0	71	42	51	52	69	75	66	66	34	77	61	47	71	35	75	36	62	45	78	42	63	61	57	56	73	54	62	55	60	52	75	47	66	61	76	78	68	79	53	78	50	38	41	76	71	35	32	32	60	56	75	46	36	33	59	54	49	59	45
31	60	70	55	61	53	50	35	38	51	67	41	64	74	75	50	42	52	66	41	53	41	49	54	73	54	36	49	66	36	46	63	71	65	77	47	65	31	49	68	71	0	70	57	40	46	48	66	56	37	78	32	36	75	52	36	30	31	50	56	62	58	35	59	49	57	66	40	33	54	67	38	46	51	71	43	70	74	33	52	56	79	77	43	65	68	72	71	54	43	52	70	34	64	36	39	44	47	55	35
63	78	77	75	32	63	78	59	64	30	67	79	47	48	40	80	69	39	63	53	32	36	33	42	70	36	62	76	61	34	39	79	77	72	59	58	34	68	34	65	42	70	0	41	79	69	38	76	79	41	44	41	47	56	43	50	51	39	77	40	33	39	74	42	75	80	42	69	59	53	62	41	58	60	78	46	42	65	68	45	75	56	38	60	59	40	64	77	38	56	70	61	59	60	56	47	40	65	55	40
64	35	63	40	44	72	33	46	76	60	59	76	59	58	76	55	54	61	37	34	64	42	80	48	47	35	44	31	66	80	61	42	59	80	40	64	30	68	33	46	51	57	41	0	47	49	32	36	62	31	49	56	64	34	38	67	34	48	41	44	76	61	42	44	75	53	59	75	57	51	78	53	79	42	77	43	36	72	56	49	53	47	44	31	71	74	31	53	30	65	40	56	70	39	67	40	79	69	80	60
44	60	66	59	33	52	77	48	41	39	38	33	38	72	63	45	30	32	60	65	65	59	73	52	66	61	75	76	66	47	62	79	79	73	65	74	33	73	51	53	52	40	79	47	0	33	56	44	40	65	49	80	57	69	31	60	40	41	40	57	40	67	57	63	32	43	79	77	77	65	57	77	33	72	62	33	75	63	75	38	40	37	35	60	36	60	34	35	50	46	68	31	68	47	80	45	60	78	74	32
72	78	79	51	54	70	35	65	45	35	77	56	62	62	35	77	34	34	49	41	50	40	76	33	65	42	56	80	69	68	44	48	50	34	80	64	52	55	44	70	69	46	69	49	33	0	56	49	55	35	54	34	67	58	34	56	63	55	35	46	67	36	79	52	54	72	74	43	74	78	55	32	59	77	46	34	75	68	77	75	41	31	47	74	56	49	54	58	65	51	70	58	34	57	42	38	38	44	37	31
40	30	43	53	74	30	51	45	57	65	44	50	44	56	56	78	43	71	32	32	46	43	48	37	65	46	69	78	72	76	37	80	70	47	51	65	73	37	52	41	75	48	38	32	56	56	0	53	32	45	61	46	45	76	38	61	70	35	42	32	44	75	41	44	74	70	78	52	38	69	75	66	67	37	65	48	38	70	57	35	49	65	46	49	54	60	63	73	55	36	80	31	56	60	79	49	79	40	72	79
32	69	67	41	38	67	64	39	71	52	43	67	32	41	39	60	53	76	74	32	51	66	75	37	48	67	48	43	74	46	35	48	47	74	34	33	48	50	31	77	66	66	76	36	44	49	53	0	32	62	76	75	63	30	79	57	38	50	53	72	55	61	51	49	52	68	62	77	35	46	67	37	77	67	43	75	34	69	75	38	70	43	31	65	55	42	57	76	31	68	48	34	80	78	45	31	39	64	33	79
41	79	71	51	76	76	58	33	75	49	57	72	44	31	31	45	64	43	42	61	65	33	40	41	48	67	51	78	53	80	69	46	40	75	70	41	72	57	72	40	66	56	79	62	40	55	32	32	0	74	80	52	57	69	38	35	67	63	75	70	67	79	56	31	80	66	73	56	58	37	74	61	52	75	76	68	35	67	80	69	43	43	64	79	60	72	75	80	49	63	31	55	33	59	33	56	38	63	68	41
52	56	77	67	55	61	57	72	47	37	76	73	33	74	62	51	45	40	44	57	30	36	47	72	67	30	49	48	80	77	59	57	70	57	39	63	31	75	45	43	34	37	41	31	65	35	45	62	74	0	55	55	75	42	60	62	31	80	77	74	42	41	57	51	32	58	52	49	59	61	38	58	58	49	79	78	69	78	62	46	63	39	66	40	53	71	35	65	63	54	57	66	60	69	74	35	71	42	77	34
40	62	47	72	67	65	61	73	74	69	68	59	70	35	33	38	38	50	75	62	31	45	42	37	40	71	35	73	69	48	32	48	49	38	45	52	55	71	47	32	77	78	44	49	49	54	61	76	80	55	0	78	33	31	40	41	77	40	71	73	79	45	60	77	31	38	43	66	47	44	69	63	80	50	56	68	79	76	44	49	73	60	47	37	34	45	74	68	34	72	42	34	47	30	49	66	50	65	48	67
37	34	40	68	75	68	73	70	33	57	32	53	62	73	53	44	54	53	67	54	30	75	65	57	58	79	41	41	77	42	73	72	37	69	62	39	51	56	47	46	61	32	41	56	80	34	46	75	52	55	78	0	49	73	35	46	57	48	80	30	76	44	41	73	75	68	30	80	66	73	62	34	63	61	62	69	49	74	38	77	73	72	43	60	43	76	40	57	72	55	60	33	41	51	74	72	37	76	56	37
69	36	35	51	57	62	53	54	64	55	75	45	43	45	52	70	32	54	67	56	31	45	58	80	74	40	45	43	45	79	40	56	37	33	73	44	34	79	79	67	47	36	47	64	57	67	45	63	57	75	33	49	0	67	48	39	61	54	44	65	43	71	69	58	73	55	51	37	76	56	74	58	49	75	77	54	32	69	69	34	71	42	76	63	64	32	36	59	40	30	55	59	49	62	59	64	45	42	71	36
47	55	44	36	45	51	76	70	75	37	33	45	63	72	39	47	64	56	46	38	33	33	56	61	72	66	33	80	62	60	41	60	50	67	77	60	47	50	69	57	71	75	56	34	69	58	76	30	69	42	31	73	67	0	43	74	55	55	78	53	75	77	57	74	31	36	60	61	74	53	56	58	71	46	58	31	67	70	71	57	54	36	43	60	46	73	34	71	61	80	49	47	34	75	65	70	68	55	55	47
56	59	71	46	30	59	79	73	80	67	33	34	35	59	42	34	71	62	56	60	55	50	54	65	62	76	56	37	78	46	69	66	62	31	71	44	37	62	61	35	35	52	43	38	31	34	38	79	38	60	40	35	48	43	0	55	75	49	74	70	58	68	78	65	59	52	40	46	47	44	71	46	52	75	39	46	30	79	35	38	65	73	51	39	57	37	41	58	43	76	70	56	59	51	32	31	39	33	34	73
64	54	44	80	73	51	53	61	31	36	78	77	70	41	72	36	63	59	40	49	34	37	76	33	42	51	52	66	62	77	74	44	37	37	70	32	34	70	73	58	75	36	50	67	60	56	61	57	35	62	41	46	39	74	55	0	30	34	73	33	80	40	61	66	36	71	41	31	55	36	31	79	79	79	38	76	49	66	45	72	32	72	46	38	78	45	78	49	51	73	38	74	78	68	73	50	36	38	60	51
72	63	75	46	41	76	58	53	47	72	44	76	52	72	41	59	52	63	43	72	60	48	38	35	78	35	47	60	79	38	40	75	74	64	39	54	71	45	68	58	36	30	51	34	40	63	70	38	67	31	77	57	61	55	75	30	0	35	40	53	37	59	38	73	60	31	61	40	45	53	50	31	54	80	51	35	64	40	60	46	34	50	48	44	74	65	39	67	53	61	44	61	51	75	71	75	69	68	73	35
30	78	43	30	51	62	69	34	70	56	39	38	69	78	43	57	31	64	35	74	78	66	38	64	48	69	40	39	58	42	67	64	56	42	46	67	34	74	37	60	62	31	39	48	41	55	35	50	63	80	40	48	54	55	49	34	35	0	37	79	36	53	55	80	50	52	33	32	45	44	55	47	72	37	80	62	68	50	44	61	53	59	58	64	64	40	35	45	61	49	78	63	55	80	77	46	75	40	64	66
30	65	76	65	62	69	47	36	70	78	44	52	48	35	70	56	39	56	35	51	49	31	64	54	30	69	75	52	40	74	43	52	76	31	36	59	67	51	30	49	45	50	77	41	40	35	42	53	75	77	71	80	44	78	74	73	40	37	0	75	74	30	79	39	72	59	35	67	59	62	46	52	74	78	45	43	71	34	48	73	67	53	64	73	60	45	30	31	62	58	37	70	50	75	54	72	37	40	31	43
46	58	47	68	80	61	62	65	45	42	34	77	31	35	78	51	72	39	48	36	63	52	34	44	51	59	32	75	40	57	34	71	35	47	70	77	31	38	57	48	78	56	40	44	57	46	32	72	70	74	73	30	65	53	70	33	53	79	75	0	76	42	73	48	48	38	64	33	46	40	80	41	70	69	40	71	62	67	60	40	36	48	30	59	53	45	31	48	71	43	38	75	48	32	55	77	50	55	77	54
73	36	69	72	54	51	65	52	51	69	39	69	76	68	48	44	37	54	34	71	56	79	49	47	46	55	76	71	43	68	61	64	34	56	42	78	40	51	44	46	42	62	33	76	40	67	44	55	67	42	79	76	43	75	58	80	37	36	74	76	0	41	66	38	37	73	71	76	30	37	37	64	52	57	52	55	34	62	68	33	40	59	66	63	61	42	71	31	44	52	77	50	33	68	68	68	48	54	32	64
47	35	55	42	65	67	48	68	41	53	42	74	79	63	66	41	74	51	33	30	75	35	56	39	51	77	34	36	39	43	56	65	54	62	40	70	62	75	44	60	63	58	39	61	67	36	75	61	79	41	45	44	71	77	68	40	59	53	30	42	41	0	53	41	58	45	80	34	39	70	76	78	39	68	71	57	55	54	52	41	58	60	38	78	78	41	35	61	30	46	70	63	35	67	46	69	79	34	57	64
64	68	49	47	67	71	45	44	41	57	38	64	79	62	39	43	60	72	74	76	62	77	72	71	61	56	47	42	61	63	36	38	47	55	44	66	58	79	69	33	61	35	74	42	57	79	41	51	56	57	60	41	69	57	78	61	38	55	79	73	66	53	0	67	67	46	62	37	70	37	36	71	58	75	79	34	48	53	78	58	42	46	74	56	42	57	64	75	44	30	65	54	64	52	38	58	43	41	80	37
30	36	62	55	51	46	36	66	69	58	58	43	61	60	79	31	60	79	49	66	63	73	54	41	72	78	57	41	36	35	32	34	37	32	42	62	41	64	59	63	57	59	42	44	63	52	44	49	31	51	77	73	58	74	65	66	73	80	39	48	38	41	67	0	54	44	44	74	52	52	31	36	63	43	67	67	41	46	35	43	37	50	72	80	62	39	71	44	35	69	79	41	48	72	34	79	74	59	49	39
62	60	56	39	80	65	80	76	49	72	36	34	36	34	41	51	45	80	74	37	34	59	33	73	71	31	42	50	72	58	32	51	30	71	77	79	42	39	63	40	56	49	75	75	32	54	74	52	80	32	31	75	73	31	59	36	60	50	72	48	37	58	67	54	0	37	40	74	52	32	71	39	52	65	47	40	55	60	40	61	77	34	60	40	48	66	36	55	42	68	60	32	43	61	72	57	80	65	79	80
55	41	47	43	52	65	73	68	46	47	58	62	65	58	35	73	36	76	72	69	30	56	75	61	36	37	62	59	74	57	41	39	62	72	61	48	37	43	68	75	73	57	80	53	43	72	70	68	66	58	38	68	55	36	52	71	31	52	59	38	73	45	46	44	37	0	45	54	40	56	71	58	39	76	33	33	41	41	64	58	65	52	44	61	63	56	80	67	77	35	50	55	66	52	35	38	80	54	37	36
48	52	61	58	63	31	68	69	61	63	36	35	55	47	73	68	47	30	72	36	65	73	33	45	79	78	47	79	50	70	55	52	30	60	58	67	37	55	43	55	54	66	42	59	79	74	78	62	73	52	43	30	51	60	40	41	61	33	35	64	71	80	62	44	40	45	0	46	54	49	36	31	30	66	76	30	69	32	33	31	57	72	74	79	51	54	67	73	34	63	45	46	66	36	70	49	32	78	47	78
59	48	79	37	52	57	69	52	51	72	33	32	49	58	54	78	62	74	72	33	72	34	74	40	37	39	72	34	68	51	50	58	35	65	42	61	66	33	57	46	62	40	69	75	77	43	52	77	56	49	66	80	37	61	46	31	40	32	67	33	76	34	37	74	74	54	46	0	63	76	71	43	33	68	43	78	63	72	76	66	57	46	54	30	76	62	74	45	74	50	69	76	33	39	60	36	59	76	52	34
69	65	34	64	69	56	32	66	54	75	33	72	71	37	62	44	46	52	42	54	46	36	36	32	49	35	48	61	53	70	48	77	41	69	44	73	71	43	57	41	55	33	59	57	77	74	38	35	58	59	47	66	76	74	47	55	45	45	59	46	30	39	70	52	52	40	54	63	0	40	64	79	60	78	49	53	64	42	53	77	49	78	76	72	71	57	65	72	60	79	65	75	70	60	69	59	44	58	78	45
70	54	80	76	40	31	61	55	45	41	54	35	36	65	75	35	71	72	58	48	68	31	62	54	53	66	80	66	41	40	69	79	76	45	78	54	62	72	76	30	60	54	53	51	65	78	69	46	37	61	44	73	56	53	44	36	53	44	62	40	37	70	37	52	32	56	49	76	40	0	73	45	63	80	47	49	34	32	42	56	42	33	77	46	75	46	70	49	39	76	52	46	35	37	55	69	65	65	65	59
72	34	56	69	57	57	43	42	50	51	59	74	63	79	36	34	80	79	70	61	62	46	44	61	41	59	66	76	71	34	78	64	76	46	50	61	43	67	30	75	52	67	62	78	57	55	75	67	74	38	69	62	74	56	71	31	50	55	46	80	37	76	36	31	71	71	36	71	64	73	0	57	35	51	54	36	77	48	79	37	70	56	36	41	52	49	69	71	60	72	51	65	65	65	54	68	36	35	72	60
72	49	38	35	75	79	65	37	49	80	48	45	54	69	40	70	48	54	54	64	44	68	79	80	40	44	60	40	38	30	53	52	66	59	58	39	76	35	41	34	75	38	41	53	77	32	66	37	61	58	63	34	58	58	46	79	31	47	52	41	64	78	71	36	39	58	31	43	79	45	57	0	51	46	50	48	40	34	37	59	51	53	66	40	59	43	73	57	63	36	58	73	45	73	38	78	64	38	79	37
53	52	51	74	63	37	66	78	45	36	74	47	37	51	40	71	33	64	30	53	44	70	63	67	35	35	50	56	62	50	58	60	72	71	30	80	35	41	47	37	47	46	58	79	33	59	67	77	52	58	80	63	49	71	52	79	54	72	74	70	52	39	58	63	52	39	30	33	60	63	35	51	0	31	49	74	77	76	75	35	72	51	42	43	45	75	75	53	60	47	70	63	48	55	53	32	61	80	67	59
57	40	47	61	48	52	38	52	35	69	40	75	50	48	51	35	64	44	42	75	80	73	63	42	53	67	55	73	36	66	76	41	42	54	60	70	66	56	44	63	66	51	60	42	72	77	37	67	75	49	50	61	75	46	75	79	80	37	78	69	57	68	75	43	65	76	66	68	78	80	51	46	31	0	75	40	65	53	46	33	74	34	68	53	61	66	42	68	80	37	55	31	37	55	55	46	49	63	71	43
80	72	32	37	32	67	36	36	38	78	70	51	61	49	76	44	76	43	65	74	58	35	77	60	46	66	50	72	73	43	55	61	30	72	74	49	73	46	32	64	61	71	78	77	62	46	65	43	76	79	56	62	77	58	39	38	51	80	45	40	52	71	79	67	47	33	76	43	49	47	54	50	49	75	0	34	56	47	39	79	71	65	70	73	32	31	61	61	42	73	34	34	38	60	54	56	64	69	46	70
75	53	49	75	72	59	70	48	66	47	33	46	30	55	51	51	67	48	34	80	68	67	49	61	56	57	72	47	33	71	72	58	79	39	33	58	33	71	63	79	76	43	46	43	33	34	48	75	68	78	68	69	54	31	46	76	35	62	43	71	55	57	34	67	40	33	30	78	53	49	36	48	74	40	34	0	65	78	75	61	80	44	70	59	75	52	44	72	40	75	60	55	76	51	72	61	65	75	54	33
39	66	51	50	35	54	47	44	45	48	33	50	75	48	65	67	54	31	69	49	80	76	51	33	45	79	49	43	30	57	56	43	64	52	70	60	57	75	50	32	78	70	42	36	75	75	38	34	35	69	79	49	32	67	30	49	64	68	71	62	34	55	48	41	55	41	69	63	64	34	77	40	77	65	56	65	0	44	40	75	67	43	63	79	51	60	41	52	44	60	76	55	64	38	77	30	48	45	36	71
77	32	40	36	54	30	37	52	77	38	75	61	71	62	48	37	67	69	32	62	34	48	44	65	37	74	63	47	60	43	76	62	37	58	36	74	58	37	49	69	68	74	65	72	63	68	70	69	67	78	76	74	69	70	79	66	40	50	34	67	62	54	53	46	60	41	32	72	42	32	48	34	76	53	47	78	44	0	45	59	62	38	49	40	34	54	59	34	36	68	37	70	79	59	54	44	42	68	46	75
56	67	33	66	79	35	70	38	78	56	70	34	39	35	65	72	54	59	73	63	53	43	80	57	70	45	60	50	66	62	75	31	43	42	63	72	36	58	36	64	79	33	68	56	75	77	57	75	80	62	44	38	69	71	35	45	60	44	48	60	68	52	78	35	40	64	33	76	53	42	79	37	75	46	39	75	40	45	0	59	32	54	40	58	53	73	72	55	74	53	75	60	41	67	52	79	78	41	76	47
71	53	39	44	61	74	79	36	72	33	68	40	71	79	33	48	72	64	31	51	73	63	56	54	40	66	41	40	68	74	78	79	49	33	76	42	64	65	38	51	53	52	45	49	38	75	35	38	69	46	49	77	34	57	38	72	46	61	73	40	33	41	58	43	61	58	31	66	77	56	37	59	35	33	79	61	75	59	59	0	74	30	56	50	60	58	70	37	41	80	73	64	48	63	41	63	61	68	74	77
37	35	50	79	32	49	36	32	35	49	30	34	72	77	43	43	43	33	71	62	54	61	34	38	59	45	60	78	52	61	55	45	64	66	46	44	32	57	79	33	78	56	75	53	40	41	49	70	43	63	73	73	71	54	65	32	34	53	67	36	40	58	42	37	77	65	57	57	49	42	70	51	72	74	71	80	67	62	32	74	0	30	72	48	64	45	42	48	52	36	31	33	34	54	59	50	40	31	50	73
73	51	57	41	65	39	62	74	33	76	80	37	49	65	34	64	80	35	55	47	74	52	43	79	70	50	55	58	63	47	78	63	59	57	74	68	46	46	33	40	50	79	56	47	37	31	65	43	43	39	60	72	42	36	73	72	50	59	53	48	59	60	46	50	34	52	72	46	78	33	56	53	51	34	65	44	43	38	54	30	30	0	38	57	75	72	62	37	71	79	31	40	73	58	79	36	33	35	57	53
66	41	38	43	57	58	69	45	36	33	69	65	65	77	47	70	51	32	42	78	38	52	43	48	73	32	42	58	55	34	74	40	73	53	30	49	73	36	79	64	38	77	38	44	35	47	46	31	64	66	47	43	76	43	51	46	48	58	64	30	66	38	74	72	60	44	74	54	76	77	36	66	42	68	70	70	63	49	40	56	72	38	0	37	40	47	64	49	71	77	57	66	32	73	44	50	69	68	65	42
43	33	68	38	56	54	63	31	38	40	62	31	77	49	69	65	69	38	77	62	63	54	63	32	65	69	59	49	42	53	74	32	47	34	30	49	80	80	60	73	41	43	60	31	60	74	49	65	79	40	37	60	63	60	39	38	44	64	73	59	63	78	56	80	40	61	79	30	72	46	41	40	43	53	73	59	79	40	58	50	48	57	37	0	80	72	57	72	46	68	37	41	33	65	67	63	32	48	30	49
71	58	42	79	46	60	58	42	77	47	34	36	35	30	69	70	42	35	62	67	35	37	39	39	48	57	62	56	43	32	43	44	36	31	70	36	38	33	31	31	76	65	59	71	36	56	54	55	60	53	34	43	64	46	57	78	74	64	60	53	61	78	42	62	48	63	51	76	71	75	52	59	45	61	32	75	51	34	53	60	64	75	40	80	0	47	55	44	60	69	60	30	37	78	52	71	35	41	66	78
31	64	52	61	65	68	69	64	70	59	52	43	80	72	35	44	64	75	75	36	30	39	67	53	61	61	55	46	36	58	31	53	56	30	73	35	54	32	39	37	71	68	40	74	60	49	60	42	72	71	45	76	32	73	37	45	65	40	45	45	42	41	57	39	66	56	54	62	57	46	49	43	75	66	31	52	60	54	73	58	45	72	47	72	47	0	69	76	36	55	69	35	75	50	52	33	63	73	75	36
48	61	59	52	30	39	70	75	74	49	61	72	74	45	77	64	70	48	63	63	66	61	34	43	75	42	53	79	78	30	79	34	46	59	61	51	38	46	79	68	35	72	64	31	34	54	63	57	75	35	74	40	36	34	41	78	39	35	30	31	71	35	64	71	36	80	67	74	65	70	69	73	75	42	61	44	41	59	72	70	42	62	64	57	55	69	0	43	56	43	37	31	60	70	75	72	57	52	33	46
76	59	39	55	74	68	78	43	71	54	34	50	46	40	59	62	33	45	50	30	39	40	65	53	34	54	80	50	31	70	77	76	50	80	66	80	71	42	41	62	32	71	77	53	35	58	73	76	80	65	68	57	59	71	58	49	67	45	31	48	31	61	75	44	55	67	73	45	72	49	71	57	53	68	61	72	52	34	55	37	48	37	49	72	44	76	43	0	51	77	37	34	56	60	47	41	69	43	68	50
68	54	43	75	77	40	39	46	51	36	54	60	57	44	42	62	59	34	38	78	45	78	71	60	72	30	45	58	46	74	44	62	46	47	51	78	50	65	48	52	32	54	38	30	50	65	55	31	49	63	34	72	40	61	43	51	53	61	62	71	44	30	44	35	42	77	34	74	60	39	60	63	60	80	42	40	44	36	74	41	52	71	71	46	60	36	56	51	0	55	38	32	31	76	32	58	51	37	79	75
55	34	39	34	67	65	56	69	34	78	46	74	73	53	31	77	67	76	54	47	80	34	76	36	30	53	74	45	65	42	46	76	37	78	39	55	39	54	80	58	60	43	56	65	46	51	36	68	63	54	72	55	30	80	76	73	61	49	58	43	52	46	30	69	68	35	63	50	79	76	72	36	47	37	73	75	60	68	53	80	36	79	77	68	69	55	43	77	55	0	58	80	60	57	36	71	75	69	55	35
70	75	76	49	69	30	48	36	33	79	35	59	51	37	77	78	58	58	55	36	31	33	31	48	75	46	77	74	73	47	53	36	50	57	60	74	43	51	37	55	56	52	70	40	68	70	80	48	31	57	42	60	55	49	70	38	44	78	37	38	77	70	65	79	60	50	45	69	65	52	51	58	70	55	34	60	76	37	75	73	31	31	57	37	60	69	37	37	38	58	0	78	59	66	31	78	54	69	77	65
32	53	58	68	42	43	42	41	43	62	71	35	44	79	69	72	33	33	56	54	72	32	41	37	66	40	45	73	72	76	68	53	48	39	69	65	53	30	44	67	75	70	61	56	31	58	31	34	55	66	34	33	59	47	56	74	61	63	70	75	50	63	54	41	32	55	46	76	75	46	65	73	63	31	34	55	55	70	60	64	33	40	66	41	30	35	31	34	32	80	78	0	63	46	33	36	63	49	67	73
73	71	48	57	62	44	31	68	49	53	35	44	56	77	38	54	73	53	32	49	80	69	69	37	31	59	53	73	53	43	40	41	70	50	42	58	66	78	31	30	46	34	59	70	68	34	56	80	33	60	47	41	49	34	59	78	51	55	50	48	33	35	64	48	43	66	66	33	70	35	65	45	48	37	38	76	64	79	41	48	34	73	32	33	37	75	60	56	31	60	59	63	0	34	62	40	53	60	53	74
45	33	36	55	72	73	79	78	32	79	47	51	79	41	54	73	52	32	34	70	74	44	57	30	68	56	46	77	55	44	55	32	70	80	34	55	64	47	40	62	36	64	60	39	47	57	60	78	59	69	30	51	62	75	51	68	75	80	75	32	68	67	52	72	61	52	36	39	60	37	65	73	55	55	60	51	38	59	67	63	54	58	73	65	78	50	70	60	76	57	66	46	34	0	78	62	41	65	44	70
63	32	80	59	58	37	64	49	47	77	64	36	80	52	61	61	55	56	61	56	65	44	38	63	67	80	70	67	50	73	76	33	73	53	73	43	72	58	52	41	33	36	56	67	80	42	79	45	33	74	49	74	59	65	32	73	71	77	54	55	68	46	38	34	72	35	70	60	69	55	54	38	53	55	54	72	77	54	52	41	59	79	44	67	52	52	75	47	32	36	31	33	62	78	0	58	40	46	79	64
56	36	60	43	45	63	64	69	74	76	65	40	57	72	79	65	69	49	59	57	76	71	56	34	62	30	69	77	47	77	75	42	50	48	49	38	65	36	80	38	59	39	47	40	45	38	49	31	56	35	66	72	64	70	31	50	75	46	72	77	68	69	58	79	57	38	49	36	59	69	68	78	32	46	56	61	30	44	79	63	50	36	50	63	71	33	72	41	58	71	78	36	40	62	58	0	78	80	64	56
56	37	34	62	36	70	76	32	80	39	70	53	76	70	42	54	56	76	50	80	34	76	69	63	62	56	34	76	61	44	52	49	42	45	38	39	66	39	40	32	54	44	40	79	60	38	79	39	38	71	50	37	45	68	39	36	69	75	37	50	48	79	43	74	80	80	32	59	44	65	36	64	61	49	64	65	48	42	78	61	40	33	69	32	35	63	57	69	51	75	54	63	53	41	40	78	0	58	43	62
75	71	79	69	33	41	39	80	57	31	41	46	78	79	66	64	69	41	59	63	44	39	69	37	67	32	72	46	73	47	53	66	78	56	55	47	59	72	79	51	49	47	65	69	78	44	40	64	63	42	65	76	42	55	33	38	68	40	40	55	54	34	41	59	65	54	78	76	58	65	35	38	80	63	69	75	45	68	41	68	31	35	68	48	41	73	52	43	37	69	69	49	60	65	46	80	58	0	43	46
49	78	59	80	41	68	38	32	71	68	71	41	62	52	47	54	65	36	59	68	66	79	67	75	67	60	53	34	63	43	68	42	77	77	65	37	46	38	61	73	59	55	55	80	74	37	72	33	68	77	48	56	71	55	34	60	73	64	31	77	32	57	80	49	79	37	47	52	78	65	72	79	67	71	46	54	36	46	76	74	50	57	65	30	66	75	33	68	79	55	77	67	53	44	79	64	43	43	0	76
49	59	37	51	44	71	39	35	61	78	67	52	53	31	49	78	34	72	34	59	48	78	57	76	67	47	38	73	74	46	51	72	41	67	55	54	76	33	76	69	45	35	40	60	32	31	79	79	41	34	67	37	36	47	73	51	35	66	43	54	64	64	37	39	80	36	78	34	45	59	60	37	59	43	70	33	71	75	47	77	73	53	42	49	78	36	46	50	75	35	65	73	74	70	64	56	62	46	76	0

Initial health value of each distributed equipment: 
(Where columns denote demand points: 1 to 100.)
210.00	477.48	752.94	379.44	338.99	580.92	294.12	677.82	399.04	251.81	866.32	271.18	160.92	442.43	154.96	827.70	181.78	511.20	502.24	257.50	227.50	556.76	205.62	198.17	154.96	768.24	839.78	196.68	450.12	499.97	297.46	810.88	376.00	385.56	539.12	397.32	797.88	357.00	222.01	384.99	177.31	522.45	186.25	159.43	327.86	203.55	347.43	210.09	244.36	405.04	538.35	180.00	527.80	580.16	220.80	344.27	281.61	406.25	207.76	254.79	298.00	668.80	285.98	244.36	330.03	433.58	423.75	227.97	468.72	456.30	290.55	439.92	614.62	737.04	719.10	250.32	792.39	815.58	573.65	163.90	268.20	592.62	189.72	371.52	631.11	286.08	485.00	271.18	740.22	289.50	609.52	629.14	190.65	445.85	527.80	204.70	293.53	284.59	385.00	192.21

Spare parts types of different demand points: 
(where columns denote demand points: 1 to 100.)
5	2	7	5	7	7	3	4	13	8	5	1	14	4	4	9	3	5	7	7	3	7	15	12	5	14	1	8	5	6	1	6	5	3	14	14	10	8	13	2	9	11	11	7	14	7	10	9	3	15	10	6	1	4	7	8	3	8	2	2	10	8	1	4	9	7	9	14	8	15	10	6	12	2	11	9	11	10	4	9	5	5	10	1	13	12	10	5	13	5	7	4	2	5	8	10	10	3	1	3

inventory management cost per unit time of different types of orders: 
(where columns denote types of orders: 1 to 15.)
1	2.3	2.7	2.1	2.5	1.6	2.5	2.4	1.9	2.7	2.7	3	1	1.1	1.7

Maintenance cost per unit time of different worker: 
(Where rows denote strategy: 1 to 4,and columns denote available worker of each strategy: 1 to 4.)
4.2	4.4	3.4	4.8
4.6	5	4.2	3.3
4	4.1	4.2	3.2
3.2	4.5	4.2	3.9

The weight of tardiness cost of different demand points: 
(where columns denote demand points: 1 to 100.)
4.6	4.8	5	3.6	4	4.1	5.7	4.2	4.8	3.9	4.4	5.4	4.8	3.1	4.2	4.6	3.2	6	5.6	4.8	5.1	5.7	3.6	4.4	5.2	4.1	6	4.4	3.5	3.4	5.9	4	3	5.8	4.9	3.7	5.2	3.3	4	3.9	4.6	4.1	5.2	5.8	4.6	4.6	3.5	3.9	4.4	3.9	4.4	4.3	4.4	5.7	4.1	5.7	5.3	3	5.3	3.2	3.1	5	3.3	4.1	5.4	4.5	6	5.2	5.6	4.5	3.6	6	3.8	4.5	3.4	3.1	5.4	5.4	6	3.8	3.5	5.1	3.9	3.2	5.3	5.1	3	5.4	4	4.9	5.2	5.6	6	4.2	4.7	3.3	3.6	5.5	6	4.8

The waste of old spare part per unit time of each distributed equipment: 
(where columns denote demand points: 1 to 100.)
5.7	6.4	6.7	7.8	6.1	6.2	7.7	6.9	7.6	7.6	6.7	7.7	5.2	7.5	7.4	7.9	5.2	5.9	6.8	6.6	6.2	6.4	5.9	7.4	7.9	6.1	7.3	7.8	5.5	5.1	7.8	7.8	6.8	7.7	6.5	6.2	5.5	7.9	5.9	5.9	5.9	6.3	7.3	5.2	7.9	6.9	6	7.5	7.6	7.5	8	6.5	5.2	7.6	6.4	7.9	5.5	7.8	7.7	7.5	6	7.8	6	5.7	7.8	5.7	7	6.6	6.1	6.7	7.6	7.6	6.3	7.3	5.6	7.8	5.9	5.6	5.6	7.6	8	5.6	7.2	7.9	5.4	7.9	5.6	6.5	7.9	6.5	7.7	7.7	5.1	6.5	6.1	5.9	5	6.8	5.1	7.9

shutdown cost per unit time of each distributed equipment: 
(where columns denote demand points: 1 to 100.)
23.2	22.4	23.7	21.6	20.4	21.4	23.9	20.9	24.5	20.3	24.5	21.8	23.6	23.6	23.6	20.2	23.8	21.5	22.8	22.9	21.6	20.4	20.2	20.1	24.1	25	21.7	21.4	23.8	22.8	22.9	23.8	23.7	23.6	20.3	21.6	21.6	23.2	24.3	22.1	23.6	23.6	20.6	20.7	21.3	20.3	23	20.7	22.3	23	20.9	22.2	24.1	22.7	23.5	24.4	24.6	24.1	23.8	24.1	22.6	24.4	24.5	20.3	22	24.1	23.2	24	23.5	22.5	25	23.8	22.1	20.5	20.5	23.3	22.3	21.2	24.8	20.3	24.3	22.2	20.3	23.5	23.3	20.5	23.4	20.3	24.4	21.1	22.1	21.9	23.4	23.1	21	21.9	24.6	24.8	20.2	22.9

Deterioration rate of each piece of equipment:
(Where columns denote distributed equipment: 1 to 100.)
1.05	1.73	1.78	1.36	1.09	1.88	1.72	1.58	1.72	1.69	1.96	1.82	1.08	1.51	1.04	1.86	1.22	1.44	1.46	1.25	1.3	1.24	1.38	1.33	1.04	1.98	1.99	1.32	1.21	1.73	1.07	1.81	1.6	1.62	1.84	1.29	1.83	1.19	1.49	1.23	1.19	1.29	1.25	1.07	1.69	1.15	1.11	1.41	1.64	1.22	1.85	1.2	1.4	1.48	1.38	1.99	1.89	1.25	1.06	1.71	2	1.9	1.58	1.64	1.93	1.33	1.25	1.53	1.26	1.95	1.95	1.04	1.58	1.66	1.7	1.68	1.83	1.97	1.49	1.1	1.8	1.66	1.02	1.08	1.93	1.92	1.94	1.82	1.69	1.5	1.52	1.66	1.23	1.85	1.4	1.15	1.97	1.91	1	1.29

The processing time of different types of spare parts: 
(Where rows denote machines: 1 to 5,and columns denote types: 1 to 15.)
11	25	24	28	26	21	29	16	26	23	20	19	10	28	23
13	24	11	20	23	13	29	22	26	28	25	12	17	14	16
13	14	18	21	11	27	22	14	21	21	19	19	21	29	15
27	15	12	14	15	14	14	14	21	20	29	26	22	17	10
27	23	23	13	27	26	25	27	23	10	27	14	23	17	10

The maintenance time of different workers: 
(Where rows denote strategy: 1 to 4,and columns denote available worker of each strategy: 1 to 4.)
36	44	46	30
31	36	40	39
38	47	41	41
40	37	34	38

Repair degree of different strategies: 
(Where rows denote strategy: 1 to 44.)
0.65	0.65	0.56	0.67

Quantity of spare parts of each type reserved in each warehouse: 
(where rows denote warehouses£º1 to 6,and columns denote types£º1 to 15.)
3	9	11
2	1	3
3	5	7	11	12	15
1	1	2	1	1	1
1	2	7	9	12
6	1	1	1	1

Initial due date of each order: 
(Where columns denote order: 1 to 100.)
200	276	423	279	311	309	171	429	232	149	442	149	149	293	149	445	149	355	344	206	175	449	149	149	149	388	422	149	372	289	278	448	235	238	293	308	436	300	149	313	149	405	149	149	194	177	313	149	149	332	291	150	377	392	160	173	149	325	196	149	149	352	181	149	171	326	339	149	372	234	149	423	389	444	423	149	433	414	385	149	149	357	186	344	327	149	250	149	438	193	401	379	155	241	377	178	149	149	385	149

Maintenance starting time window of each piece of equipment: 
(Where rows denote Lower and Upper bounds of Maintenance starting time window: 1 to 2,and columns denote distributed equipment: 1 to 100.)
140	193.2	296.1	195.3	217.7	216.3	119.7	300.3	162.4	104.3	309.4	104.3	104.3	205.1	104.3	311.5	104.3	248.5	240.8	144.2	122.5	314.3	104.3	104.3	104.3	271.6	295.4	104.3	260.4	202.3	194.6	313.6	164.5	166.6	205.1	215.6	305.2	210	104.3	219.1	104.3	283.5	104.3	104.3	135.8	123.9	219.1	104.3	104.3	232.4	203.7	105	263.9	274.4	112	121.1	104.3	227.5	137.2	104.3	104.3	246.4	126.7	104.3	119.7	228.2	237.3	104.3	260.4	163.8	104.3	296.1	272.3	310.8	296.1	104.3	303.1	289.8	269.5	104.3	104.3	249.9	130.2	240.8	228.9	104.3	175	104.3	306.6	135.1	280.7	265.3	108.5	168.7	263.9	124.6	104.3	104.3	269.5	104.3
180	248.4	380.7	251.1	279.9	278.1	153.9	386.1	208.8	134.1	397.8	134.1	134.1	263.7	134.1	400.5	134.1	319.5	309.6	185.4	157.5	404.1	134.1	134.1	134.1	349.2	379.8	134.1	334.8	260.1	250.2	403.2	211.5	214.2	263.7	277.2	392.4	270	134.1	281.7	134.1	364.5	134.1	134.1	174.6	159.3	281.7	134.1	134.1	298.8	261.9	135	339.3	352.8	144	155.7	134.1	292.5	176.4	134.1	134.1	316.8	162.9	134.1	153.9	293.4	305.1	134.1	334.8	210.6	134.1	380.7	350.1	399.6	380.7	134.1	389.7	372.6	346.5	134.1	134.1	321.3	167.4	309.6	294.3	134.1	225	134.1	394.2	173.7	360.9	341.1	139.5	216.9	339.3	160.2	134.1	134.1	346.5	134.1

