Number of orders: 
100

Number of factories\warehouses: 
5

Number of machines per factory: 
8

Number of types of spare parts: 
5

Number of maintenance strategies: 
4

Number of available workers per strategy: 
4

Transportation cost per unit time: 
3

Transprotation time between factories/warehouses and demand points: 
(Where rows denote factories: 1 to 5 ,and columns denote demand points: 1 to 100.)
100	102	39	109	114	90	109	115	46	41	47	102	97	115	47	135	33	75	87	146	133	51	138	54	130	55	59	148	70	69	106	86	105	136	62	147	32	34	118	85	104	111	126	83	68	83	93	146	128	61	110	100	124	43	36	81	109	90	64	145	135	145	138	106	140	44	71	119	79	127	95	62	47	57	130	89	100	58	57	135	125	110	69	147	81	31	76	35	99	51	58	79	87	38	111	116	149	80	93	99
140	77	123	142	30	93	89	129	38	131	92	109	114	66	120	42	81	105	66	137	77	72	76	122	42	50	86	132	57	108	96	52	116	120	81	90	137	145	52	84	119	86	118	79	107	48	98	148	54	116	54	86	35	58	118	119	46	101	37	55	47	37	82	106	103	75	85	62	76	142	63	48	31	63	44	111	69	63	57	105	104	49	67	102	81	92	139	96	130	132	61	125	54	38	94	147	30	49	115	147
114	135	100	132	34	78	75	44	76	90	104	149	131	56	73	99	130	31	38	99	73	128	67	143	148	49	30	34	141	64	123	113	77	119	106	128	114	87	78	81	79	142	89	105	146	37	32	140	146	36	143	100	70	81	147	55	113	140	78	54	141	108	44	127	141	102	73	45	113	117	46	142	92	37	62	123	100	88	86	148	141	79	50	133	136	41	107	127	109	139	41	99	121	51	45	92	96	83	79	31
148	127	146	139	130	58	87	87	114	118	117	147	84	33	94	106	77	99	30	144	54	39	59	47	46	145	39	132	145	71	118	71	124	32	133	34	111	135	144	82	60	136	61	148	127	144	75	114	71	50	115	93	88	73	97	116	86	86	106	140	138	92	60	107	85	149	95	57	107	141	44	149	40	80	60	56	71	136	58	77	50	95	96	92	30	147	83	94	71	135	117	106	108	116	81	65	48	63	142	102
97	101	92	100	94	141	89	55	127	78	49	70	82	42	42	107	125	136	102	95	128	128	100	99	78	142	122	135	94	39	70	46	114	98	34	101	65	139	101	40	51	66	103	102	101	148	40	72	139	141	32	93	89	95	36	57	135	78	102	116	51	149	46	137	112	54	55	60	141	118	70	131	37	105	140	76	114	136	49	65	31	69	93	134	107	95	119	98	103	61	139	76	107	144	105	77	49	117	70	106

Tranfer time of each worker between two different demand points: 
(Where rows and columns both denote demands points: 1 to 100.)
0	38	45	43	30	63	33	76	60	61	78	71	78	53	79	73	49	73	32	43	74	34	70	42	68	38	62	70	53	75	44	69	47	53	54	55	74	67	50	31	46	71	56	80	79	30	36	57	77	72	66	76	54	45	80	53	54	72	35	76	71	41	40	32	40	38	61	46	43	80	52	39	68	33	78	48	33	52	58	44	60	40	54	67	54	75	55	31	41	41	46	60	51	73	71	41	34	50	46	75
38	0	32	31	65	60	32	62	74	69	55	49	78	59	66	72	58	63	52	76	39	71	46	43	68	55	44	39	44	78	51	45	40	42	61	61	50	39	51	42	61	62	78	44	80	78	67	48	75	47	59	48	59	58	43	45	47	43	64	70	55	78	45	38	53	33	58	35	64	64	46	41	57	77	48	54	56	40	36	65	67	66	46	77	57	71	72	74	34	74	49	31	45	71	49	47	68	34	41	67
45	32	0	68	75	71	63	76	51	40	65	43	66	33	45	67	70	32	57	35	38	64	41	77	38	31	39	34	53	60	47	71	68	50	61	70	40	77	69	60	50	58	74	74	33	66	67	47	43	46	30	31	48	78	67	59	61	54	65	39	36	65	69	33	61	73	69	57	65	77	44	54	41	50	66	78	44	51	65	66	50	80	44	33	66	69	34	30	67	63	52	43	49	73	54	44	57	61	57	79
43	31	68	0	47	42	60	41	75	61	42	73	78	40	73	39	65	53	49	51	72	74	70	78	64	54	65	42	55	66	32	49	63	33	31	80	77	55	37	72	55	60	62	77	57	56	30	33	47	78	46	55	39	55	40	47	38	51	62	80	53	35	34	45	63	70	66	41	41	69	43	39	71	36	58	60	33	78	77	76	74	44	76	66	62	60	45	74	46	73	78	50	66	47	65	41	51	72	30	55
30	65	75	47	0	58	53	69	39	44	33	61	49	32	45	57	65	44	69	35	50	58	79	33	53	58	76	49	61	68	66	50	38	64	49	73	49	55	63	60	64	80	74	79	47	33	31	39	54	43	31	43	71	57	80	32	68	35	53	75	55	43	57	66	71	53	31	50	44	54	80	65	43	73	39	67	54	74	35	51	30	75	61	46	40	43	54	64	42	44	51	41	51	61	34	41	61	72	36	55
63	60	71	42	58	0	76	55	33	48	55	60	72	59	67	48	45	47	67	40	73	64	72	59	72	57	80	68	74	76	69	31	37	42	61	40	39	39	48	51	58	78	59	61	63	41	53	30	63	74	47	62	39	59	78	57	35	54	70	50	72	65	50	79	54	32	78	79	63	73	36	76	78	42	73	61	32	56	61	54	80	71	63	60	32	44	71	50	65	52	44	48	40	53	47	45	69	39	76	44
33	32	63	60	53	76	0	61	76	54	31	62	68	79	71	78	73	51	60	60	52	74	79	51	62	43	30	57	49	38	78	36	57	74	67	44	69	77	38	80	70	79	30	32	67	41	65	63	78	38	41	45	67	45	74	78	65	75	78	72	31	58	49	54	49	37	76	69	50	32	46	44	31	49	55	37	79	42	68	68	45	73	78	37	36	54	75	54	34	65	35	47	33	61	36	64	77	47	33	47
76	62	76	41	69	55	61	0	53	57	52	57	45	36	41	60	31	39	65	56	75	67	33	66	73	32	46	34	47	43	64	79	70	65	63	61	52	50	39	66	71	50	53	57	80	74	71	42	77	35	38	77	45	75	78	57	48	32	65	61	45	32	60	51	43	56	55	71	36	34	33	45	73	46	39	46	48	60	45	41	56	68	61	35	30	47	33	31	71	61	56	57	30	50	69	62	68	32	55	63
60	74	51	75	39	33	76	53	0	75	38	36	76	76	34	77	42	74	68	35	37	37	61	61	59	60	78	64	79	68	40	62	59	68	49	68	60	32	53	68	62	53	33	69	48	36	44	64	38	50	63	71	69	76	48	75	65	51	42	31	46	39	70	57	78	54	78	73	38	75	80	44	59	32	60	32	66	67	80	40	43	70	59	31	62	54	33	55	53	75	57	42	33	43	47	35	69	48	56	50
61	69	40	61	44	48	54	57	75	0	42	77	71	80	30	74	60	73	65	40	30	43	33	30	74	59	74	74	68	51	58	50	60	50	74	75	36	55	43	38	63	77	35	41	31	51	64	74	59	75	58	80	61	77	71	41	64	68	33	30	60	53	60	46	33	77	74	58	61	66	76	38	45	58	57	38	76	36	79	38	45	56	31	80	33	37	74	66	57	71	53	43	72	34	42	72	66	52	60	70
78	55	65	42	33	55	31	52	38	42	0	62	71	59	70	66	75	42	39	53	44	48	50	70	45	67	44	65	47	54	66	47	36	80	48	69	50	40	31	46	76	79	63	66	46	79	70	53	55	45	52	66	44	73	75	51	50	64	66	33	51	49	70	53	36	56	39	34	80	33	41	70	69	55	65	65	70	65	71	73	57	38	39	62	52	68	53	43	76	39	35	43	70	33	53	52	52	61	36	73
71	49	43	73	61	60	62	57	36	77	62	0	46	62	77	68	62	70	42	68	62	52	70	40	55	37	60	53	78	46	47	76	70	41	37	68	74	76	31	77	46	72	38	74	30	46	72	54	50	48	46	52	69	30	33	35	79	77	71	52	60	78	48	68	68	31	30	47	32	52	30	77	61	79	33	42	42	35	51	59	68	53	38	72	75	56	40	79	62	77	53	35	67	67	45	42	55	48	52	40
78	78	66	78	49	72	68	45	76	71	71	46	0	66	55	58	33	73	34	66	60	72	34	52	76	73	30	68	73	31	40	46	35	38	69	60	55	46	43	62	71	38	75	74	73	44	40	41	61	54	38	64	41	41	77	55	32	42	53	72	33	76	71	38	37	31	59	37	65	77	73	67	35	34	53	39	54	53	39	70	31	41	31	56	53	41	34	57	47	75	73	35	69	76	37	35	50	41	49	53
53	59	33	40	32	59	79	36	76	80	59	62	66	0	31	60	33	66	39	71	30	33	68	64	56	45	64	49	45	36	64	39	36	31	30	36	48	36	46	32	30	45	38	33	45	33	80	35	72	43	55	49	42	75	63	49	63	54	40	36	68	49	34	80	58	72	37	47	70	78	65	48	71	30	43	74	75	43	64	50	74	63	66	42	38	70	69	40	51	66	51	70	60	49	71	56	71	59	62	44
79	66	45	73	45	67	71	41	34	30	70	77	55	31	0	50	52	55	64	57	36	32	59	68	59	68	36	59	75	75	50	48	34	32	55	80	53	47	42	44	79	36	76	60	64	74	54	53	31	65	36	70	54	57	34	60	77	78	30	66	65	78	42	37	72	70	68	79	71	64	59	71	66	75	77	64	39	49	49	69	50	56	46	71	47	35	63	59	74	42	71	76	31	63	61	54	72	56	60	73
73	72	67	39	57	48	78	60	77	74	66	68	58	60	50	0	39	47	73	53	46	53	37	50	62	62	39	60	71	61	30	62	67	79	62	80	68	42	70	35	65	63	32	55	69	60	78	68	71	49	31	43	34	31	68	72	37	65	76	49	45	38	54	67	37	53	55	46	67	77	41	60	31	32	44	36	71	55	30	59	56	48	48	62	46	41	40	73	73	55	65	48	45	38	38	38	38	47	73	50
49	58	70	65	65	45	73	31	42	60	75	62	33	33	52	39	0	57	33	78	40	58	67	35	49	74	40	61	35	63	34	50	67	59	38	71	65	77	66	76	38	61	57	49	35	58	69	74	70	50	64	39	75	61	58	57	79	63	35	67	53	59	45	48	35	67	46	58	75	76	36	57	47	31	46	45	54	33	40	49	36	41	30	73	65	72	78	39	48	69	32	36	57	41	32	71	70	34	61	61
73	63	32	53	44	47	51	39	74	73	42	70	73	66	55	47	57	0	53	70	37	70	73	63	33	58	41	80	45	50	60	53	78	31	32	63	80	38	67	64	69	48	42	38	69	80	80	71	71	35	48	47	52	56	61	49	45	68	72	64	68	45	43	30	68	58	73	55	73	30	74	36	42	70	48	47	80	51	61	80	64	76	49	36	32	41	31	45	75	40	49	54	75	53	77	52	39	34	67	44
32	52	57	49	69	67	60	65	68	65	39	42	34	39	64	73	33	53	0	53	54	33	39	63	57	73	43	56	33	63	52	36	48	35	58	58	72	76	62	51	61	33	33	41	56	58	50	49	79	69	67	75	53	48	32	72	46	34	30	64	69	37	65	66	32	35	50	64	45	58	80	78	67	63	53	69	68	49	32	34	66	56	42	48	31	59	56	43	73	34	48	53	43	47	66	53	47	53	77	60
43	76	35	51	35	40	60	56	35	40	53	68	66	71	57	53	78	70	53	0	65	32	62	60	51	49	33	41	64	77	53	60	67	45	47	33	33	74	76	34	53	79	53	42	42	35	45	41	63	58	50	47	65	66	53	52	55	67	56	53	61	44	75	72	58	44	49	33	76	36	78	55	48	80	31	36	51	69	50	43	71	38	69	76	35	75	32	72	69	38	53	48	68	53	66	46	77	42	66	61
74	39	38	72	50	73	52	75	37	30	44	62	60	30	36	46	40	37	54	65	0	51	30	69	69	78	77	38	76	65	33	65	69	68	77	33	80	36	47	58	38	67	62	34	45	30	33	58	69	34	61	34	36	30	49	32	72	74	44	77	64	67	72	60	50	68	75	30	79	44	46	78	40	66	38	39	75	59	61	64	48	68	37	67	80	64	54	45	56	40	54	45	63	31	52	38	57	30	68	55
34	71	64	74	58	64	74	67	37	43	48	52	72	33	32	53	58	70	33	32	51	0	41	70	54	58	70	43	79	38	31	76	40	52	80	73	74	33	77	65	54	41	57	79	57	36	57	50	65	64	43	53	75	47	59	37	72	37	37	49	37	32	52	49	73	42	64	64	50	71	31	51	33	61	75	55	66	75	55	64	48	69	51	71	45	38	66	76	41	52	47	60	66	55	62	79	45	30	69	55
70	46	41	70	79	72	79	33	61	33	50	70	34	68	59	37	67	73	39	62	30	41	0	80	49	80	71	64	74	49	38	50	63	69	49	35	73	36	35	42	72	76	49	71	80	78	58	33	79	57	72	63	30	62	45	48	41	57	36	43	74	33	58	59	53	69	38	34	48	46	68	74	54	71	72	43	59	73	57	59	58	61	40	59	63	72	74	33	51	58	31	45	44	47	62	33	80	57	45	38
42	43	77	78	33	59	51	66	61	30	70	40	52	64	68	50	35	63	63	60	69	70	80	0	74	45	39	37	30	33	35	80	71	66	78	45	54	80	37	64	41	35	42	36	37	62	41	77	39	79	66	74	33	62	60	57	39	51	49	59	74	42	76	74	32	80	54	68	34	74	66	35	36	35	55	75	61	66	74	58	71	65	34	71	51	42	58	38	40	57	37	74	46	40	58	55	45	75	47	65
68	68	38	64	53	72	62	73	59	74	45	55	76	56	59	62	49	33	57	51	69	54	49	74	0	37	52	64	35	38	36	33	71	38	63	65	31	49	70	49	59	37	62	35	63	35	66	72	49	65	66	78	43	77	44	68	70	62	52	36	70	47	69	39	61	33	57	40	48	68	76	75	64	43	50	45	48	76	36	54	70	43	35	63	49	68	30	52	69	80	49	51	59	40	77	31	55	59	65	33
38	55	31	54	58	57	43	32	60	59	67	37	73	45	68	62	74	58	73	49	78	58	80	45	37	0	34	31	44	37	43	34	66	62	73	63	42	43	47	56	57	50	71	53	80	71	31	79	48	77	62	41	61	43	43	38	35	56	53	32	75	46	71	46	34	40	48	67	44	38	46	74	65	68	44	32	41	41	71	61	52	73	45	55	31	40	65	45	32	75	45	68	39	66	56	47	78	32	69	33
62	44	39	65	76	80	30	46	78	74	44	60	30	64	36	39	40	41	43	33	77	70	71	39	52	34	0	46	52	66	40	57	64	67	68	38	77	46	37	44	34	49	57	76	48	77	63	32	49	71	34	66	63	53	44	31	47	33	50	33	41	77	69	45	51	66	52	56	34	54	33	44	57	42	56	65	48	39	32	70	67	58	35	42	64	43	52	56	55	74	78	76	36	47	76	47	62	47	44	54
70	39	34	42	49	68	57	34	64	74	65	53	68	49	59	60	61	80	56	41	38	43	64	37	64	31	46	0	39	43	59	75	46	45	51	30	53	52	50	51	47	74	59	72	65	33	61	72	30	40	70	54	60	69	75	46	55	43	69	33	57	43	53	45	64	75	69	61	64	45	41	50	36	35	48	64	59	45	38	57	73	80	56	52	37	71	40	36	36	54	43	36	56	62	58	64	63	64	34	52
53	44	53	55	61	74	49	47	79	68	47	78	73	45	75	71	35	45	33	64	76	79	74	30	35	44	52	39	0	30	62	48	79	46	68	67	32	66	70	79	30	53	38	36	66	37	52	32	57	46	72	45	31	54	68	36	55	45	56	35	68	35	35	57	55	44	32	63	46	32	50	56	51	30	65	46	62	61	78	35	49	56	72	35	54	57	58	46	76	58	32	63	42	67	35	66	49	69	60	67
75	78	60	66	68	76	38	43	68	51	54	46	31	36	75	61	63	50	63	77	65	38	49	33	38	37	66	43	30	0	57	60	47	34	33	76	77	51	32	31	30	80	77	67	38	61	78	32	72	44	36	64	39	73	54	62	32	44	80	59	40	80	68	48	78	77	44	61	47	70	58	41	36	52	30	61	50	48	47	44	57	36	67	42	57	75	40	64	54	70	38	40	39	76	75	68	41	54	72	73
44	51	47	32	66	69	78	64	40	58	66	47	40	64	50	30	34	60	52	53	33	31	38	35	36	43	40	59	62	57	0	46	34	72	51	79	30	65	51	46	53	75	38	55	70	53	62	44	42	76	76	34	66	51	32	43	51	70	53	33	59	78	32	64	35	56	76	49	72	45	57	51	59	48	68	58	72	41	69	75	70	65	51	61	77	44	34	71	47	74	57	36	58	70	31	51	54	64	43	57
69	45	71	49	50	31	36	79	62	50	47	76	46	39	48	62	50	53	36	60	65	76	50	80	33	34	57	75	48	60	46	0	37	57	79	75	74	80	78	41	67	57	42	62	43	37	41	64	30	35	40	72	76	41	57	63	34	44	48	35	36	56	69	42	77	56	42	72	37	79	79	63	50	33	70	64	74	54	62	55	55	44	56	57	74	77	48	42	57	46	36	51	77	80	49	62	65	55	58	50
47	40	68	63	38	37	57	70	59	60	36	70	35	36	34	67	67	78	48	67	69	40	63	71	71	66	64	46	79	47	34	37	0	57	58	57	34	73	66	78	42	53	63	61	62	31	67	55	30	32	56	34	35	41	36	36	66	75	46	52	35	75	80	62	34	31	41	69	42	30	52	44	46	70	56	52	47	59	79	58	70	42	61	74	33	79	66	37	45	74	34	74	66	37	41	31	43	57	30	54
53	42	50	33	64	42	74	65	68	50	80	41	38	31	32	79	59	31	35	45	68	52	69	66	38	62	67	45	46	34	72	57	57	0	51	52	74	31	74	64	50	67	69	35	32	40	65	30	57	77	33	62	76	31	78	53	72	58	39	77	45	73	61	76	47	66	39	74	42	54	44	43	55	55	48	30	45	70	63	68	78	46	70	39	41	35	34	50	34	49	41	42	44	79	50	69	44	66	52	78
54	61	61	31	49	61	67	63	49	74	48	37	69	30	55	62	38	32	58	47	77	80	49	78	63	73	68	51	68	33	51	79	58	51	0	47	38	74	74	53	70	35	51	48	78	33	42	76	46	37	35	52	39	53	73	52	43	45	78	63	37	56	33	41	78	50	77	56	56	40	80	50	76	68	45	53	73	59	73	40	34	67	53	74	60	33	54	56	34	35	73	34	51	79	37	76	68	40	77	41
55	61	70	80	73	40	44	61	68	75	69	68	60	36	80	80	71	63	58	33	33	73	35	45	65	63	38	30	67	76	79	75	57	52	47	0	61	43	30	74	68	46	37	52	79	64	72	55	48	73	59	37	30	72	41	62	66	30	39	69	49	54	52	35	72	50	73	40	49	50	54	71	72	41	77	57	48	61	80	41	80	34	70	55	75	61	63	50	32	40	55	35	42	64	42	79	72	78	74	67
74	50	40	77	49	39	69	52	60	36	50	74	55	48	53	68	65	80	72	33	80	74	73	54	31	42	77	53	32	77	30	74	34	74	38	61	0	76	67	46	59	73	54	74	61	33	36	47	80	77	55	57	35	30	79	42	74	45	55	45	34	70	52	52	48	77	61	68	49	58	62	72	44	62	45	68	55	72	37	67	50	34	63	64	49	46	55	70	57	59	70	67	47	48	33	77	64	41	75	61
67	39	77	55	55	39	77	50	32	55	40	76	46	36	47	42	77	38	76	74	36	33	36	80	49	43	46	52	66	51	65	80	73	31	74	43	76	0	56	46	57	69	37	61	79	56	73	78	34	43	79	66	58	55	63	62	76	42	52	30	72	41	66	70	38	54	80	45	37	71	39	41	54	33	64	77	46	34	31	35	36	43	66	76	47	47	31	38	37	44	40	31	80	33	46	78	78	80	37	79
50	51	69	37	63	48	38	39	53	43	31	31	43	46	42	70	66	67	62	76	47	77	35	37	70	47	37	50	70	32	51	78	66	74	74	30	67	56	0	52	71	31	55	64	45	50	45	79	52	74	30	42	68	67	55	38	34	40	43	67	47	53	60	35	75	56	52	80	73	55	44	31	37	54	37	39	58	80	57	66	52	70	41	41	58	59	40	34	76	56	74	40	59	47	64	49	64	80	57	50
31	42	60	72	60	51	80	66	68	38	46	77	62	32	44	35	76	64	51	34	58	65	42	64	49	56	44	51	79	31	46	41	78	64	53	74	46	46	52	0	64	31	62	55	35	74	75	47	51	51	77	32	71	33	56	77	64	57	33	47	30	44	45	30	36	69	32	40	78	44	58	48	42	44	36	61	63	77	30	54	76	39	44	47	47	48	35	40	57	58	42	69	53	41	72	67	33	61	80	33
46	61	50	55	64	58	70	71	62	63	76	46	71	30	79	65	38	69	61	53	38	54	72	41	59	57	34	47	30	30	53	67	42	50	70	68	59	57	71	64	0	56	69	71	39	35	34	62	70	64	46	59	51	80	37	36	63	80	59	59	38	34	48	33	68	61	65	44	58	44	80	32	32	64	57	64	53	79	42	34	47	74	57	78	31	75	49	33	41	45	56	49	46	62	30	59	61	42	32	53
71	62	58	60	80	78	79	50	53	77	79	72	38	45	36	63	61	48	33	79	67	41	76	35	37	50	49	74	53	80	75	57	53	67	35	46	73	69	31	31	56	0	61	76	36	63	51	47	30	34	80	43	64	56	74	78	48	56	80	61	77	52	79	58	48	73	57	72	73	42	43	75	57	72	32	75	79	74	51	76	52	73	39	53	65	57	31	69	71	41	63	64	75	70	34	61	33	47	70	70
56	78	74	62	74	59	30	53	33	35	63	38	75	38	76	32	57	42	33	53	62	57	49	42	62	71	57	59	38	77	38	42	63	69	51	37	54	37	55	62	69	61	0	51	78	72	44	58	50	80	46	78	80	58	34	54	70	48	59	58	37	39	48	38	38	31	72	45	51	58	54	44	61	69	51	78	71	80	42	41	31	67	63	51	50	40	70	68	67	79	59	31	67	55	64	63	44	44	41	41
80	44	74	77	79	61	32	57	69	41	66	74	74	33	60	55	49	38	41	42	34	79	71	36	35	53	76	72	36	67	55	62	61	35	48	52	74	61	64	55	71	76	51	0	66	58	75	30	37	44	60	31	40	54	55	69	72	58	36	73	60	36	43	50	33	57	48	46	67	44	44	60	66	62	75	77	58	33	79	70	80	38	42	42	55	75	54	61	31	38	62	80	68	31	52	68	74	35	69	30
79	80	33	57	47	63	67	80	48	31	46	30	73	45	64	69	35	69	56	42	45	57	80	37	63	80	48	65	66	38	70	43	62	32	78	79	61	79	45	35	39	36	78	66	0	75	63	50	37	78	70	44	35	37	74	43	76	64	55	71	72	39	41	42	54	44	67	44	44	39	51	42	39	66	40	70	68	47	58	30	31	56	60	34	77	50	71	43	58	44	40	43	33	46	77	63	48	78	40	78
30	78	66	56	33	41	41	74	36	51	79	46	44	33	74	60	58	80	58	35	30	36	78	62	35	71	77	33	37	61	53	37	31	40	33	64	33	56	50	74	35	63	72	58	75	0	75	54	71	63	40	51	65	63	54	67	45	60	74	52	77	36	30	56	54	43	68	73	63	37	64	57	66	75	80	33	48	80	39	44	33	52	67	58	62	60	63	58	42	69	45	51	63	68	60	73	33	39	75	47
36	67	67	30	31	53	65	71	44	64	70	72	40	80	54	78	69	80	50	45	33	57	58	41	66	31	63	61	52	78	62	41	67	65	42	72	36	73	45	75	34	51	44	75	63	75	0	37	53	50	58	48	72	66	54	78	59	71	55	64	51	80	51	79	80	35	67	59	35	67	38	56	34	59	37	35	66	57	50	66	34	42	75	49	55	79	65	48	34	49	60	34	57	33	66	76	38	75	34	53
57	48	47	33	39	30	63	42	64	74	53	54	41	35	53	68	74	71	49	41	58	50	33	77	72	79	32	72	32	32	44	64	55	30	76	55	47	78	79	47	62	47	58	30	50	54	37	0	74	75	55	77	57	36	59	50	65	63	66	66	73	50	43	54	74	46	32	53	36	44	77	61	61	76	31	38	76	51	52	54	70	57	65	48	74	54	40	59	57	40	58	40	72	62	67	39	32	71	30	45
77	75	43	47	54	63	78	77	38	59	55	50	61	72	31	71	70	71	79	63	69	65	79	39	49	48	49	30	57	72	42	30	30	57	46	48	80	34	52	51	70	30	50	37	37	71	53	74	0	74	73	78	33	30	62	39	39	59	72	66	78	78	46	57	80	39	39	38	55	33	76	36	64	62	78	37	50	52	56	68	35	73	35	60	51	31	46	58	53	37	69	66	64	62	72	56	41	43	77	70
72	47	46	78	43	74	38	35	50	75	45	48	54	43	65	49	50	35	69	58	34	64	57	79	65	77	71	40	46	44	76	35	32	77	37	73	77	43	74	51	64	34	80	44	78	63	50	75	74	0	36	80	37	78	42	54	73	78	77	58	34	62	63	69	40	79	76	43	76	76	57	60	74	32	30	46	51	37	79	53	30	50	40	54	42	71	53	55	67	36	30	46	71	31	42	30	52	79	58	58
66	59	30	46	31	47	41	38	63	58	52	46	38	55	36	31	64	48	67	50	61	43	72	66	66	62	34	70	72	36	76	40	56	33	35	59	55	79	30	77	46	80	46	60	70	40	58	55	73	36	0	49	66	43	30	77	61	63	55	76	71	57	63	56	67	36	69	35	75	45	40	70	57	50	33	53	39	66	61	71	59	50	79	68	36	38	40	53	69	51	66	46	39	36	67	40	80	42	55	60
76	48	31	55	43	62	45	77	71	80	66	52	64	49	70	43	39	47	75	47	34	53	63	74	78	41	66	54	45	64	34	72	34	62	52	37	57	66	42	32	59	43	78	31	44	51	48	77	78	80	49	0	37	78	61	47	45	66	45	46	45	51	69	44	71	80	56	30	75	68	65	31	79	32	75	50	75	34	59	74	56	46	40	78	37	46	61	70	38	68	35	74	47	78	58	72	48	61	50	77
54	59	48	39	71	39	67	45	69	61	44	69	41	42	54	34	75	52	53	65	36	75	30	33	43	61	63	60	31	39	66	76	35	76	39	30	35	58	68	71	51	64	80	40	35	65	72	57	33	37	66	37	0	61	38	78	78	55	48	42	30	30	71	71	35	34	50	43	35	42	71	53	64	65	33	32	49	49	63	79	63	37	41	33	31	57	61	34	32	59	71	77	66	39	74	58	70	73	37	78
45	58	78	55	57	59	45	75	76	77	73	30	41	75	57	31	61	56	48	66	30	47	62	62	77	43	53	69	54	73	51	41	41	31	53	72	30	55	67	33	80	56	58	54	37	63	66	36	30	78	43	78	61	0	51	46	55	55	57	58	52	37	66	60	48	58	31	53	80	67	49	68	46	80	69	59	76	34	50	55	48	55	30	47	70	77	53	43	36	63	63	67	61	34	54	36	57	39	46	70
80	43	67	40	80	78	74	78	48	71	75	33	77	63	34	68	58	61	32	53	49	59	45	60	44	43	44	75	68	54	32	57	36	78	73	41	79	63	55	56	37	74	34	55	74	54	54	59	62	42	30	61	38	51	0	59	61	42	80	38	50	74	36	48	76	49	44	34	66	45	58	48	52	79	45	61	73	76	31	42	60	47	57	60	33	79	52	30	74	70	66	69	45	50	36	59	53	57	62	42
53	45	59	47	32	57	78	57	75	41	51	35	55	49	60	72	57	49	72	52	32	37	48	57	68	38	31	46	36	62	43	63	36	53	52	62	42	62	38	77	36	78	54	69	43	67	78	50	39	54	77	47	78	46	59	0	72	71	60	53	71	42	40	60	74	66	35	35	78	50	35	43	47	55	73	64	65	66	49	72	72	71	68	54	71	56	63	51	66	71	60	30	61	40	77	38	53	48	49	59
54	47	61	38	68	35	65	48	65	64	50	79	32	63	77	37	79	45	46	55	72	72	41	39	70	35	47	55	55	32	51	34	66	72	43	66	74	76	34	64	63	48	70	72	76	45	59	65	39	73	61	45	78	55	61	72	0	50	39	42	80	76	39	37	63	44	39	77	32	79	36	37	58	58	75	44	35	42	66	43	47	40	30	41	52	70	44	64	38	37	63	33	53	69	32	39	37	73	71	57
72	43	54	51	35	54	75	32	51	68	64	77	42	54	78	65	63	68	34	67	74	37	57	51	62	56	33	43	45	44	70	44	75	58	45	30	45	42	40	57	80	56	48	58	64	60	71	63	59	78	63	66	55	55	42	71	50	0	36	32	55	56	54	76	75	32	55	67	80	76	58	54	80	74	35	45	69	37	63	45	71	78	60	74	45	64	74	56	51	35	36	66	65	72	56	41	60	53	71	43
35	64	65	62	53	70	78	65	42	33	66	71	53	40	30	76	35	72	30	56	44	37	36	49	52	53	50	69	56	80	53	48	46	39	78	39	55	52	43	33	59	80	59	36	55	74	55	66	72	77	55	45	48	57	80	60	39	36	0	75	67	32	73	63	61	70	45	56	40	50	53	42	62	62	46	66	58	55	51	71	30	46	79	73	57	73	44	61	45	38	42	56	79	54	43	37	37	45	55	73
76	70	39	80	75	50	72	61	31	30	33	52	72	36	66	49	67	64	64	53	77	49	43	59	36	32	33	33	35	59	33	35	52	77	63	69	45	30	67	47	59	61	58	73	71	52	64	66	66	58	76	46	42	58	38	53	42	32	75	0	50	32	71	68	30	38	34	60	58	49	53	69	68	79	45	36	71	59	39	76	45	47	74	37	69	75	31	72	70	37	61	33	43	31	50	35	72	41	30	47
71	55	36	53	55	72	31	45	46	60	51	60	33	68	65	45	53	68	69	61	64	37	74	74	70	75	41	57	68	40	59	36	35	45	37	49	34	72	47	30	38	77	37	60	72	77	51	73	78	34	71	45	30	52	50	71	80	55	67	50	0	44	30	73	31	59	41	55	47	52	73	44	64	37	74	78	40	35	57	65	51	65	43	45	74	68	71	36	77	71	33	53	37	67	66	65	35	65	36	69
41	78	65	35	43	65	58	32	39	53	49	78	76	49	78	38	59	45	37	44	67	32	33	42	47	46	77	43	35	80	78	56	75	73	56	54	70	41	53	44	34	52	39	36	39	36	80	50	78	62	57	51	30	37	74	42	76	56	32	32	44	0	76	44	39	58	77	41	70	42	57	62	68	30	76	50	63	70	39	67	56	31	67	79	55	44	69	32	39	60	32	48	50	56	78	52	34	79	30	49
40	45	69	34	57	50	49	60	70	60	70	48	71	34	42	54	45	43	65	75	72	52	58	76	69	71	69	53	35	68	32	69	80	61	33	52	52	66	60	45	48	79	48	43	41	30	51	43	46	63	63	69	71	66	36	40	39	54	73	71	30	76	0	34	31	32	62	46	34	32	80	34	46	72	50	53	65	57	46	52	68	38	80	66	31	41	49	35	75	56	52	60	63	59	59	80	30	51	48	40
32	38	33	45	66	79	54	51	57	46	53	68	38	80	37	67	48	30	66	72	60	49	59	74	39	46	45	45	57	48	64	42	62	76	41	35	52	70	35	30	33	58	38	50	42	56	79	54	57	69	56	44	71	60	48	60	37	76	63	68	73	44	34	0	56	35	37	48	49	41	39	52	31	74	73	73	64	45	67	38	62	66	75	53	67	77	79	42	51	41	66	50	67	32	74	78	68	61	78	54
40	53	61	63	71	54	49	43	78	33	36	68	37	58	72	37	35	68	32	58	50	73	53	32	61	34	51	64	55	78	35	77	34	47	78	72	48	38	75	36	68	48	38	33	54	54	80	74	80	40	67	71	35	48	76	74	63	75	61	30	31	39	31	56	0	65	46	78	31	40	77	72	44	70	34	68	51	77	44	35	32	46	50	66	31	42	43	64	76	35	44	49	59	59	74	43	55	51	47	74
38	33	73	70	53	32	37	56	54	77	56	31	31	72	70	53	67	58	35	44	68	42	69	80	33	40	66	75	44	77	56	56	31	66	50	50	77	54	56	69	61	73	31	57	44	43	35	46	39	79	36	80	34	58	49	66	44	32	70	38	59	58	32	35	65	0	48	37	42	62	53	43	58	78	79	76	74	64	64	41	80	57	69	43	75	57	32	31	37	74	63	35	79	79	65	73	52	35	58	50
61	58	69	66	31	78	76	55	78	74	39	30	59	37	68	55	46	73	50	49	75	64	38	54	57	48	52	69	32	44	76	42	41	39	77	73	61	80	52	32	65	57	72	48	67	68	67	32	39	76	69	56	50	31	44	35	39	55	45	34	41	77	62	37	46	48	0	64	68	64	76	59	41	66	72	30	31	74	43	65	72	46	52	52	48	50	63	62	66	71	36	53	31	66	69	55	32	73	80	67
46	35	57	41	50	79	69	71	73	58	34	47	37	47	79	46	58	55	64	33	30	64	34	68	40	67	56	61	63	61	49	72	69	74	56	40	68	45	80	40	44	72	45	46	44	73	59	53	38	43	35	30	43	53	34	35	77	67	56	60	55	41	46	48	78	37	64	0	77	32	36	75	35	57	45	31	35	46	51	39	35	37	44	34	35	50	45	79	32	51	68	37	49	55	69	32	72	48	41	52
43	64	65	41	44	63	50	36	38	61	80	32	65	70	71	67	75	73	45	76	79	50	48	34	48	44	34	64	46	47	72	37	42	42	56	49	49	37	73	78	58	73	51	67	44	63	35	36	55	76	75	75	35	80	66	78	32	80	40	58	47	70	34	49	31	42	68	77	0	31	70	80	53	62	33	47	54	33	55	74	62	47	36	71	50	32	33	59	46	68	47	75	68	62	45	74	60	40	63	48
80	64	77	69	54	73	32	34	75	66	33	52	77	78	64	77	76	30	58	36	44	71	46	74	68	38	54	45	32	70	45	79	30	54	40	50	58	71	55	44	44	42	58	44	39	37	67	44	33	76	45	68	42	67	45	50	79	76	50	49	52	42	32	41	40	62	64	32	31	0	65	63	69	46	69	79	67	43	37	67	57	33	79	44	79	63	74	70	62	71	65	64	51	65	41	76	33	41	79	50
52	46	44	43	80	36	46	33	80	76	41	30	73	65	59	41	36	74	80	78	46	31	68	66	76	46	33	41	50	58	57	79	52	44	80	54	62	39	44	58	80	43	54	44	51	64	38	77	76	57	40	65	71	49	58	35	36	58	53	53	73	57	80	39	77	53	76	36	70	65	0	79	66	55	74	56	59	51	51	46	41	53	68	56	44	64	64	36	44	69	46	61	59	34	34	50	59	60	44	64
39	41	54	39	65	76	44	45	44	38	70	77	67	48	71	60	57	36	78	55	78	51	74	35	75	74	44	50	56	41	51	63	44	43	50	71	72	41	31	48	32	75	44	60	42	57	56	61	36	60	70	31	53	68	48	43	37	54	42	69	44	62	34	52	72	43	59	75	80	63	79	0	55	71	49	37	40	59	34	53	43	38	51	65	72	64	72	33	57	71	48	50	56	54	66	47	65	62	52	49
68	57	41	71	43	78	31	73	59	45	69	61	35	71	66	31	47	42	67	48	40	33	54	36	64	65	57	36	51	36	59	50	46	55	76	72	44	54	37	42	32	57	61	66	39	66	34	61	64	74	57	79	64	46	52	47	58	80	62	68	64	68	46	31	44	58	41	35	53	69	66	55	0	45	76	65	73	31	69	78	50	79	53	65	76	59	54	31	79	66	40	57	44	43	71	70	39	70	41	49
33	77	50	36	73	42	49	46	32	58	55	79	34	30	75	32	31	70	63	80	66	61	71	35	43	68	42	35	30	52	48	33	70	55	68	41	62	33	54	44	64	72	69	62	66	75	59	76	62	32	50	32	65	80	79	55	58	74	62	79	37	30	72	74	70	78	66	57	62	46	55	71	45	0	64	72	60	78	63	41	38	68	49	53	79	51	78	74	67	43	53	37	71	55	75	55	69	48	31	32
78	48	66	58	39	73	55	39	60	57	65	33	53	43	77	44	46	48	53	31	38	75	72	55	50	44	56	48	65	30	68	70	56	48	45	77	45	64	37	36	57	32	51	75	40	80	37	31	78	30	33	75	33	69	45	73	75	35	46	45	74	76	50	73	34	79	72	45	33	69	74	49	76	64	0	41	42	68	38	31	79	72	45	44	65	47	52	71	60	39	45	52	36	47	51	53	37	68	75	53
48	54	78	60	67	61	37	46	32	38	65	42	39	74	64	36	45	47	69	36	39	55	43	75	45	32	65	64	46	61	58	64	52	30	53	57	68	77	39	61	64	75	78	77	70	33	35	38	37	46	53	50	32	59	61	64	44	45	66	36	78	50	53	73	68	76	30	31	47	79	56	37	65	72	41	0	55	36	67	77	71	65	77	65	52	42	35	33	45	71	37	42	34	67	80	34	65	62	55	69
33	56	44	33	54	32	79	48	66	76	70	42	54	75	39	71	54	80	68	51	75	66	59	61	48	41	48	59	62	50	72	74	47	45	73	48	55	46	58	63	53	79	71	58	68	48	66	76	50	51	39	75	49	76	73	65	35	69	58	71	40	63	65	64	51	74	31	35	54	67	59	40	73	60	42	55	0	38	40	48	69	48	47	73	32	72	52	46	65	75	50	53	73	38	76	33	34	70	37	32
52	40	51	78	74	56	42	60	67	36	65	35	53	43	49	55	33	51	49	69	59	75	73	66	76	41	39	45	61	48	41	54	59	70	59	61	72	34	80	77	79	74	80	33	47	80	57	51	52	37	66	34	49	34	76	66	42	37	55	59	35	70	57	45	77	64	74	46	33	43	51	59	31	78	68	36	38	0	57	69	52	80	41	57	53	67	78	40	46	51	36	60	40	56	40	59	40	42	43	32
58	36	65	77	35	61	68	45	80	79	71	51	39	64	49	30	40	61	32	50	61	55	57	74	36	71	32	38	78	47	69	62	79	63	73	80	37	31	57	30	42	51	42	79	58	39	50	52	56	79	61	59	63	50	31	49	66	63	51	39	57	39	46	67	44	64	43	51	55	37	51	34	69	63	38	67	40	57	0	55	76	75	71	73	41	61	80	38	41	46	66	70	42	51	47	79	39	66	64	42
44	65	66	76	51	54	68	41	40	38	73	59	70	50	69	59	49	80	34	43	64	64	59	58	54	61	70	57	35	44	75	55	58	68	40	41	67	35	66	54	34	76	41	70	30	44	66	54	68	53	71	74	79	55	42	72	43	45	71	76	65	67	52	38	35	41	65	39	74	67	46	53	78	41	31	77	48	69	55	0	69	41	54	38	43	44	54	52	56	47	39	73	71	69	57	53	39	43	33	38
60	67	50	74	30	80	45	56	43	45	57	68	31	74	50	56	36	64	66	71	48	48	58	71	70	52	67	73	49	57	70	55	70	78	34	80	50	36	52	76	47	52	31	80	31	33	34	70	35	30	59	56	63	48	60	72	47	71	30	45	51	56	68	62	32	80	72	35	62	57	41	43	50	38	79	71	69	52	76	69	0	43	31	44	76	30	49	52	43	31	65	64	69	80	69	79	36	32	48	53
40	66	80	44	75	71	73	68	70	56	38	53	41	63	56	48	41	76	56	38	68	69	61	65	43	73	58	80	56	36	65	44	42	46	67	34	34	43	70	39	74	73	67	38	56	52	42	57	73	50	50	46	37	55	47	71	40	78	46	47	65	31	38	66	46	57	46	37	47	33	53	38	79	68	72	65	48	80	75	41	43	0	49	30	52	44	68	34	54	57	37	39	49	39	66	35	51	56	68	60
54	46	44	76	61	63	78	61	59	31	39	38	31	66	46	48	30	49	42	69	37	51	40	34	35	45	35	56	72	67	51	56	61	70	53	70	63	66	41	44	57	39	63	42	60	67	75	65	35	40	79	40	41	30	57	68	30	60	79	74	43	67	80	75	50	69	52	44	36	79	68	51	53	49	45	77	47	41	71	54	31	49	0	79	46	77	54	59	40	37	65	57	53	32	38	47	73	44	44	69
67	77	33	66	46	60	37	35	31	80	62	72	56	42	71	62	73	36	48	76	67	71	59	71	63	55	42	52	35	42	61	57	74	39	74	55	64	76	41	47	78	53	51	42	34	58	49	48	60	54	68	78	33	47	60	54	41	74	73	37	45	79	66	53	66	43	52	34	71	44	56	65	65	53	44	65	73	57	73	38	44	30	79	0	68	39	52	34	74	63	76	62	68	65	70	51	31	34	43	54
54	57	66	62	40	32	36	30	62	33	52	75	53	38	47	46	65	32	31	35	80	45	63	51	49	31	64	37	54	57	77	74	33	41	60	75	49	47	58	47	31	65	50	55	77	62	55	74	51	42	36	37	31	70	33	71	52	45	57	69	74	55	31	67	31	75	48	35	50	79	44	72	76	79	65	52	32	53	41	43	76	52	46	68	0	60	36	61	39	44	52	67	69	33	78	65	44	51	58	31
75	71	69	60	43	44	54	47	54	37	68	56	41	70	35	41	72	41	59	75	64	38	72	42	68	40	43	71	57	75	44	77	79	35	33	61	46	47	59	48	75	57	40	75	50	60	79	54	31	71	38	46	57	77	79	56	70	64	73	75	68	44	41	77	42	57	50	50	32	63	64	64	59	51	47	42	72	67	61	44	30	44	77	39	60	0	48	37	50	76	44	56	44	39	38	63	67	41	30	32
55	72	34	45	54	71	75	33	33	74	53	40	34	69	63	40	78	31	56	32	54	66	74	58	30	65	52	40	58	40	34	48	66	34	54	63	55	31	40	35	49	31	70	54	71	63	65	40	46	53	40	61	61	53	52	63	44	74	44	31	71	69	49	79	43	32	63	45	33	74	64	72	54	78	52	35	52	78	80	54	49	68	54	52	36	48	0	61	42	44	41	56	35	78	66	32	55	36	50	49
31	74	30	74	64	50	54	31	55	66	43	79	57	40	59	73	39	45	43	72	45	76	33	38	52	45	56	36	46	64	71	42	37	50	56	50	70	38	34	40	33	69	68	61	43	58	48	59	58	55	53	70	34	43	30	51	64	56	61	72	36	32	35	42	64	31	62	79	59	70	36	33	31	74	71	33	46	40	38	52	52	34	59	34	61	37	61	0	46	77	51	33	70	47	57	39	64	64	43	68
41	34	67	46	42	65	34	71	53	57	76	62	47	51	74	73	48	75	73	69	56	41	51	40	69	32	55	36	76	54	47	57	45	34	34	32	57	37	76	57	41	71	67	31	58	42	34	57	53	67	69	38	32	36	74	66	38	51	45	70	77	39	75	51	76	37	66	32	46	62	44	57	79	67	60	45	65	46	41	56	43	54	40	74	39	50	42	46	0	51	73	39	42	33	64	39	51	57	45	80
41	74	63	73	44	52	65	61	75	71	39	77	75	66	42	55	69	40	34	38	40	52	58	57	80	75	74	54	58	70	74	46	74	49	35	40	59	44	56	58	45	41	79	38	44	69	49	40	37	36	51	68	59	63	70	71	37	35	38	37	71	60	56	41	35	74	71	51	68	71	69	71	66	43	39	71	75	51	46	47	31	57	37	63	44	76	44	77	51	0	54	70	68	69	66	44	36	71	45	42
46	49	52	78	51	44	35	56	57	53	35	53	73	51	71	65	32	49	48	53	54	47	31	37	49	45	78	43	32	38	57	36	34	41	73	55	70	40	74	42	56	63	59	62	40	45	60	58	69	30	66	35	71	63	66	60	63	36	42	61	33	32	52	66	44	63	36	68	47	65	46	48	40	53	45	37	50	36	66	39	65	37	65	76	52	44	41	51	73	54	0	71	55	57	54	59	72	80	46	35
60	31	43	50	41	48	47	57	42	43	43	35	35	70	76	48	36	54	53	48	45	60	45	74	51	68	76	36	63	40	36	51	74	42	34	35	67	31	40	69	49	64	31	80	43	51	34	40	66	46	46	74	77	67	69	30	33	66	56	33	53	48	60	50	49	35	53	37	75	64	61	50	57	37	52	42	53	60	70	73	64	39	57	62	67	56	56	33	39	70	71	0	80	58	59	48	46	32	45	39
51	45	49	66	51	40	33	30	33	72	70	67	69	60	31	45	57	75	43	68	63	66	44	46	59	39	36	56	42	39	58	77	66	44	51	42	47	80	59	53	46	75	67	68	33	63	57	72	64	71	39	47	66	61	45	61	53	65	79	43	37	50	63	67	59	79	31	49	68	51	59	56	44	71	36	34	73	40	42	71	69	49	53	68	69	44	35	70	42	68	55	80	0	74	61	47	77	66	70	50
73	71	73	47	61	53	61	50	43	34	33	67	76	49	63	38	41	53	47	53	31	55	47	40	40	66	47	62	67	76	70	80	37	79	79	64	48	33	47	41	62	70	55	31	46	68	33	62	62	31	36	78	39	34	50	40	69	72	54	31	67	56	59	32	59	79	66	55	62	65	34	54	43	55	47	67	38	56	51	69	80	39	32	65	33	39	78	47	33	69	57	58	74	0	61	73	40	79	37	33
71	49	54	65	34	47	36	69	47	42	53	45	37	71	61	38	32	77	66	66	52	62	62	58	77	56	76	58	35	75	31	49	41	50	37	42	33	46	64	72	30	34	64	52	77	60	66	67	72	42	67	58	74	54	36	77	32	56	43	50	66	78	59	74	74	65	69	69	45	41	34	66	71	75	51	80	76	40	47	57	69	66	38	70	78	38	66	57	64	66	54	59	61	61	0	58	46	57	37	60
41	47	44	41	41	45	64	62	35	72	52	42	35	56	54	38	71	52	53	46	38	79	33	55	31	47	47	64	66	68	51	62	31	69	76	79	77	78	49	67	59	61	63	68	63	73	76	39	56	30	40	72	58	36	59	38	39	41	37	35	65	52	80	78	43	73	55	32	74	76	50	47	70	55	53	34	33	59	79	53	79	35	47	51	65	63	32	39	39	44	59	48	47	73	58	0	57	41	59	56
34	68	57	51	61	69	77	68	69	66	52	55	50	71	72	38	70	39	47	77	57	45	80	45	55	78	62	63	49	41	54	65	43	44	68	72	64	78	64	33	61	33	44	74	48	33	38	32	41	52	80	48	70	57	53	53	37	60	37	72	35	34	30	68	55	52	32	72	60	33	59	65	39	69	37	65	34	40	39	39	36	51	73	31	44	67	55	64	51	36	72	46	77	40	46	57	0	74	48	79
50	34	61	72	72	39	47	32	48	52	61	48	41	59	56	47	34	34	53	42	30	30	57	75	59	32	47	64	69	54	64	55	57	66	40	78	41	80	80	61	42	47	44	35	78	39	75	71	43	79	42	61	73	39	57	48	73	53	45	41	65	79	51	61	51	35	73	48	40	41	60	62	70	48	68	62	70	42	66	43	32	56	44	34	51	41	36	64	57	71	80	32	66	79	57	41	74	0	41	57
46	41	57	30	36	76	33	55	56	60	36	52	49	62	60	73	61	67	77	66	68	69	45	47	65	69	44	34	60	72	43	58	30	52	77	74	75	37	57	80	32	70	41	69	40	75	34	30	77	58	55	50	37	46	62	49	71	71	55	30	36	30	48	78	47	58	80	41	63	79	44	52	41	31	75	55	37	43	64	33	48	68	44	43	58	30	50	43	45	45	46	45	70	37	37	59	48	41	0	35
75	67	79	55	55	44	47	63	50	70	73	40	53	44	73	50	61	44	60	61	55	55	38	65	33	33	54	52	67	73	57	50	54	78	41	67	61	79	50	33	53	70	41	30	78	47	53	45	70	58	60	77	78	70	42	59	57	43	73	47	69	49	40	54	74	50	67	52	48	50	64	49	49	32	53	69	32	32	42	38	53	60	69	54	31	32	49	68	80	42	35	39	50	33	60	56	79	57	35	0

Initial health value of each distributed equipment: 
(Where columns denote demand points: 1 to 100.)
255.84	236.91	228.75	325.22	286.58	434.73	460.80	270.18	227.97	585.87	217.54	211.58	349.44	165.39	180.93	429.00	163.90	250.32	276.00	429.51	266.60	204.13	259.26	470.88	307.80	435.00	224.99	189.23	351.79	315.90	226.48	180.29	355.34	380.25	247.34	272.67	271.18	404.67	229.46	536.94	286.08	548.10	375.72	289.06	355.68	229.46	204.13	573.30	456.96	151.98	286.08	163.90	275.94	178.80	406.98	421.08	384.07	365.79	243.95	217.54	542.52	416.00	184.80	479.96	174.33	219.03	324.88	534.30	295.02	411.48	219.03	319.74	273.92	153.47	173.80	263.35	213.57	461.16	405.04	453.25	246.44	292.40	600.98	247.34	243.11	438.03	251.81	219.60	289.06	248.88	307.51	273.84	286.08	235.42	344.40	322.00	393.24	318.45	293.22	362.70

Spare parts types of different demand points: 
(where columns denote demand points: 1 to 100.)
4	4	1	1	2	5	1	5	4	5	3	5	5	1	4	5	2	5	5	1	4	2	2	2	1	1	1	5	3	1	5	4	1	1	3	4	5	1	4	5	2	4	1	5	4	1	1	4	1	4	1	5	2	2	4	1	1	5	2	1	2	5	1	4	2	1	1	1	5	5	4	3	4	2	4	3	2	5	4	1	4	1	2	2	1	1	5	1	2	5	1	3	1	3	2	3	1	3	5	3

inventory management cost per unit time of different types of orders: 
(where columns denote types of orders: 1 to 5.)
2.2	2.2	1.3	2.7	1.6

Maintenance cost per unit time of different worker: 
(Where rows denote strategy: 1 to 4,and columns denote available worker of each strategy: 1 to 4.)
4.9	3.8	3.1	4.8
4.9	4.7	3.9	4.3
3.6	3.7	3.4	4.8
4.2	3.5	3.3	4.7

The weight of tardiness cost of different demand points: 
(where columns denote demand points: 1 to 100.)
3.3	4	3.6	5.3	4.8	4	4.3	5.1	5.8	3.3	5.6	4.1	4.8	3.7	5.4	3.9	5.6	4.8	5.6	4.8	5.4	3.8	5	4.2	5	5.6	5.6	3	4.5	4.7	4.5	3.4	3.2	5.5	5.9	3.3	5.4	5.2	3.1	5.7	5.8	3.9	5.9	3.4	4.4	3.9	3.8	5.4	4.5	5.8	3.9	5.8	3.6	4.3	5.6	4	5	4.1	5.1	5	5	3.8	4.7	3.6	4.4	5.5	5.2	3.7	5.3	3.7	4.6	4.9	3.1	5.6	3.6	5	5.6	5.5	3.6	5.8	3.9	3	4.7	3.9	4.8	5.1	3.7	3.9	5.5	3.1	3.4	5.9	5.6	5.9	4.8	5.5	4.7	4.6	3.6	3.1

The waste of old spare part per unit time of each distributed equipment: 
(where columns denote demand points: 1 to 100.)
6.9	6.5	6.5	7.9	5.5	6.4	6.8	5	7.2	6.1	6.3	5.5	6.3	6.1	5.4	7.4	7	6.6	5.7	7	6.5	7.3	5.2	5.7	7.1	5.9	7.2	7.1	7.3	7.7	7.6	5.7	6.3	5.1	6.8	5.8	5.2	6.3	6.6	6.7	7.9	6.8	7.4	7.1	5.6	5.7	6.4	5.8	6.8	5.5	5.3	5.3	6.8	5.3	5.3	7.7	5.9	5.9	5.9	6	7.1	6.1	5.2	6.4	5.2	5	5.9	7.5	6.4	7.3	5.4	5.4	6	6.3	6.1	6.6	7.2	7.8	5.8	6.1	6	6.8	6.3	7.3	6.6	7.2	7.9	6.4	5.1	5.8	5.3	6	6.8	7.6	7.1	6.9	5.2	6.4	5.7	5.8

shutdown cost per unit time of each distributed equipment: 
(where columns denote demand points: 1 to 100.)
22.9	23.5	23.2	24.4	24.2	20.7	24.3	23.8	23.7	22	24.4	20.4	23.9	24	20.4	20.5	20.9	21	22.6	22.3	24.3	20.8	20.7	23.7	20.8	21.9	23.3	21.5	23.5	23.9	23.6	20.6	23.7	23.9	22.4	23.3	23.8	21.4	21.4	24.4	22.7	22	22.9	22.2	24.9	24.6	22	21.6	23.7	20.3	20.2	20.5	24	20.7	24	24.1	20.5	21.9	22.2	24.2	24	23.4	23.5	24.7	22	20.1	21.8	23.5	23	24.4	21.2	21.8	22.8	23.9	22.2	24.9	23.3	22	24.2	20.4	21	23.2	20.8	21.7	21.8	20.2	24.1	20.9	24.2	21.6	23.2	22.7	20.4	24.3	22.3	22.8	24.8	22.6	22.7	22.4

Deterioration rate of each piece of equipment:
(Where columns denote distributed equipment: 1 to 100.)
1.04	1.59	1.25	1.01	1.78	1.29	1.92	1.58	1.53	1.77	1.46	1.42	1.92	1.11	1.11	1.43	1.1	1.68	1.5	1.39	1.24	1.37	1.74	1.44	1.14	1.45	1.51	1.27	1.27	1.3	1.52	1.21	1.63	1.17	1.66	1.83	1.82	1.41	1.54	1.71	1.92	1.74	1.86	1.94	1.44	1.54	1.37	1.82	1.92	1.02	1.92	1.1	1.26	1.2	1.71	1.32	1.93	1.37	1.19	1.46	1.98	1.3	1.12	1.42	1.17	1.47	1.24	1.95	1.98	1.62	1.47	1.46	1.07	1.03	1.1	1.15	1.13	1.89	1.66	1.85	1.22	1.36	1.99	1.66	1.61	1.57	1.69	1.2	1.94	1.36	1.91	1.63	1.92	1.58	1.68	1.61	1.16	1.93	1.62	1.17

The processing time of different types of spare parts: 
(Where rows denote machines: 1 to 8,and columns denote types: 1 to 5.)
11	29	16	20	29
13	11	11	23	15
15	24	27	29	17
27	18	23	16	27
10	11	23	20	18
11	10	27	24	21
28	11	10	26	16
25	26	11	17	19

The maintenance time of different workers: 
(Where rows denote strategy: 1 to 4,and columns denote available worker of each strategy: 1 to 4.)
39	40	43	37
30	34	40	42
45	46	41	34
40	49	41	40

Repair degree of different strategies: 
(Where rows denote strategy: 1 to 44.)
0.59	0.57	0.65	0.58

Quantity of spare parts of each type reserved in each warehouse: 
(where rows denote warehouses£º1 to 10,and columns denote types£º1 to 5.)
2	5
1	1
1	3	4	5
2	1	4	4
1	2	3	4
1	1	1	3
1	2	3	4	5
1	1	1	1	1
1
1

Initial due date of each order: 
(Where columns denote order: 1 to 100.)
246	149	183	322	161	337	240	171	149	331	149	149	182	149	163	300	149	149	184	309	215	149	149	327	270	300	149	149	277	243	149	149	218	325	149	149	149	287	149	314	149	315	202	149	247	149	149	315	238	149	149	149	219	149	238	319	199	267	205	149	274	320	165	338	149	149	262	274	149	254	149	219	256	149	158	229	189	244	244	245	202	215	302	149	151	279	149	183	149	183	161	168	149	149	205	200	339	165	181	310

Maintenance starting time window of each piece of equipment: 
(Where rows denote Lower and Upper bounds of Maintenance starting time window: 1 to 2,and columns denote distributed equipment: 1 to 100.)
172.2	104.3	128.1	225.4	112.7	235.9	168	119.7	104.3	231.7	104.3	104.3	127.4	104.3	114.1	210	104.3	104.3	128.8	216.3	150.5	104.3	104.3	228.9	189	210	104.3	104.3	193.9	170.1	104.3	104.3	152.6	227.5	104.3	104.3	104.3	200.9	104.3	219.8	104.3	220.5	141.4	104.3	172.9	104.3	104.3	220.5	166.6	104.3	104.3	104.3	153.3	104.3	166.6	223.3	139.3	186.9	143.5	104.3	191.8	224	115.5	236.6	104.3	104.3	183.4	191.8	104.3	177.8	104.3	153.3	179.2	104.3	110.6	160.3	132.3	170.8	170.8	171.5	141.4	150.5	211.4	104.3	105.7	195.3	104.3	128.1	104.3	128.1	112.7	117.6	104.3	104.3	143.5	140	237.3	115.5	126.7	217
221.4	134.1	164.7	289.8	144.9	303.3	216	153.9	134.1	297.9	134.1	134.1	163.8	134.1	146.7	270	134.1	134.1	165.6	278.1	193.5	134.1	134.1	294.3	243	270	134.1	134.1	249.3	218.7	134.1	134.1	196.2	292.5	134.1	134.1	134.1	258.3	134.1	282.6	134.1	283.5	181.8	134.1	222.3	134.1	134.1	283.5	214.2	134.1	134.1	134.1	197.1	134.1	214.2	287.1	179.1	240.3	184.5	134.1	246.6	288	148.5	304.2	134.1	134.1	235.8	246.6	134.1	228.6	134.1	197.1	230.4	134.1	142.2	206.1	170.1	219.6	219.6	220.5	181.8	193.5	271.8	134.1	135.9	251.1	134.1	164.7	134.1	164.7	144.9	151.2	134.1	134.1	184.5	180	305.1	148.5	162.9	279

