Number of orders: 
100

Number of factories\warehouses: 
5

Number of machines per factory: 
5

Number of types of spare parts: 
15

Number of maintenance strategies: 
3

Number of available workers per strategy: 
4

Transportation cost per unit time: 
3

Transprotation time between factories/warehouses and demand points: 
(Where rows denote factories: 1 to 5 ,and columns denote demand points: 1 to 100.)
67	130	126	70	106	115	74	134	65	134	62	53	32	138	149	33	142	95	52	83	130	100	97	71	93	111	109	87	141	61	88	144	114	83	82	114	113	73	90	45	146	93	67	33	38	54	62	137	70	70	46	109	133	107	148	47	36	42	139	70	108	126	127	35	136	133	45	142	39	69	104	86	57	41	148	95	121	79	68	125	109	138	36	48	130	106	119	48	136	113	145	131	145	97	98	143	51	36	137	49
105	125	94	136	99	105	111	87	115	51	98	67	129	145	98	73	133	109	139	45	83	106	81	127	102	131	147	114	148	114	59	146	136	76	143	64	54	149	53	148	99	41	34	35	139	95	82	41	38	37	122	103	55	76	137	144	95	54	143	118	56	55	130	122	99	58	108	114	79	59	68	122	110	55	100	83	147	118	96	95	77	37	130	53	137	85	85	40	113	49	115	61	84	96	48	122	39	120	98	88
93	75	42	140	40	76	77	131	116	94	75	99	45	91	77	109	143	44	89	129	75	144	131	81	143	104	72	148	113	149	127	140	52	107	58	126	116	86	90	141	36	45	92	72	64	40	137	52	136	119	71	129	122	76	54	148	33	104	53	117	111	146	92	69	96	70	149	32	53	38	104	97	30	30	148	47	104	47	107	134	73	75	67	50	124	139	134	88	47	37	128	89	134	97	71	54	98	44	132	142
85	36	119	69	96	42	36	124	61	92	30	54	45	70	73	104	76	78	91	83	71	101	87	124	82	69	140	141	124	70	102	79	80	101	124	53	133	89	129	98	31	48	114	100	149	124	63	102	46	45	98	43	127	137	74	35	55	109	111	67	97	70	117	59	59	87	60	47	91	57	128	141	89	49	136	142	117	49	129	89	61	65	92	97	102	34	126	127	87	33	147	83	46	118	121	140	132	116	148	104
128	114	99	31	137	55	36	103	94	91	73	89	48	61	131	100	104	71	118	52	45	112	113	103	76	95	48	140	32	48	64	90	116	137	59	91	109	35	65	147	138	141	60	52	83	77	52	69	47	63	45	123	108	138	130	116	97	35	36	67	47	113	85	38	137	78	115	101	46	54	39	87	52	30	149	94	50	100	86	129	105	108	83	114	42	110	72	123	48	76	89	79	141	103	101	34	33	50	142	50

Tranfer time of each worker between two different demand points: 
(Where rows and columns both denote demands points: 1 to 100.)
0	67	53	39	54	53	50	35	49	72	40	53	34	59	33	40	60	42	38	80	33	30	47	30	68	62	32	59	40	63	61	66	41	75	34	33	36	70	31	49	60	79	63	38	51	37	48	54	55	63	52	67	33	37	39	77	47	73	57	43	44	49	74	30	30	49	76	57	69	32	42	50	58	73	65	37	53	33	50	33	77	62	49	62	30	77	73	36	44	71	63	67	60	44	50	30	49	77	79	65
67	0	77	80	68	44	44	54	63	48	78	39	53	33	39	54	36	61	52	72	56	47	52	63	70	77	39	57	53	37	75	70	53	60	40	35	49	63	69	46	40	51	73	40	79	53	49	68	37	72	33	77	35	69	49	63	40	80	44	43	56	76	73	46	57	59	41	74	57	41	45	56	40	42	32	69	47	65	50	62	39	41	53	43	31	55	46	37	31	68	55	56	35	33	51	56	44	43	74	38
53	77	0	75	40	71	33	70	53	63	44	38	75	66	39	61	52	78	80	48	61	31	46	77	61	57	61	78	64	68	30	73	64	39	79	67	38	79	41	79	44	74	74	59	38	64	49	39	30	74	38	47	58	52	76	74	61	37	45	49	62	57	46	37	32	58	63	31	37	76	54	74	67	39	38	47	41	48	52	73	64	47	52	35	60	79	61	44	76	34	55	47	63	77	65	52	31	70	44	69
39	80	75	0	43	30	64	43	55	43	64	53	64	72	52	74	58	77	74	41	40	70	52	79	46	32	73	55	55	61	77	42	42	57	38	60	70	48	43	33	70	76	50	62	58	33	46	50	74	62	41	42	52	73	43	77	55	69	43	70	55	55	55	33	44	39	63	75	55	55	33	68	68	58	62	40	41	42	76	55	52	31	73	37	53	44	61	77	33	56	70	50	60	63	44	52	31	64	31	38
54	68	40	43	0	69	38	39	31	72	79	65	67	35	53	43	36	50	72	73	49	44	34	51	42	59	38	32	51	65	46	39	58	79	64	35	70	60	30	61	61	45	62	51	66	71	61	72	35	30	47	55	36	35	34	48	55	41	77	41	74	59	63	67	53	49	31	66	30	48	56	53	51	52	45	32	70	61	65	40	63	66	35	41	73	49	42	74	68	67	40	58	32	75	73	45	30	50	44	44
53	44	71	30	69	0	59	38	67	44	44	71	40	53	50	79	51	54	36	75	68	55	58	44	34	70	49	47	35	60	48	67	48	34	35	33	75	60	72	34	70	57	55	50	63	46	66	66	56	67	65	75	45	45	31	51	75	71	44	71	56	35	56	52	67	52	79	72	63	49	41	57	69	69	40	80	41	37	45	62	39	46	76	53	66	42	65	78	50	59	76	35	73	58	67	80	76	58	41	59
50	44	33	64	38	59	0	31	74	34	59	47	54	31	73	57	58	49	68	58	48	32	42	80	36	54	72	55	73	59	67	41	59	33	34	44	60	32	58	72	44	64	31	56	41	77	30	49	62	70	61	48	77	49	54	57	79	31	63	74	50	73	74	72	74	42	76	54	47	69	66	68	56	60	62	55	61	48	66	48	37	62	51	60	69	79	63	50	80	51	34	65	34	59	59	67	36	80	47	65
35	54	70	43	39	38	31	0	35	75	32	51	47	52	54	73	68	58	73	80	79	79	36	40	48	63	56	51	67	54	73	69	74	73	39	39	68	33	54	43	76	72	68	78	45	49	54	72	33	52	77	37	30	78	73	41	76	66	34	42	37	36	80	40	32	62	42	63	78	50	52	42	64	77	62	61	61	45	56	30	75	65	39	62	42	54	74	70	80	79	60	80	69	70	80	74	63	75	49	75
49	63	53	55	31	67	74	35	0	61	55	42	64	72	42	49	75	68	38	46	41	70	63	58	79	64	74	57	65	31	49	43	49	46	38	44	60	42	30	59	37	75	61	72	70	78	58	78	68	59	43	38	76	45	47	50	79	44	54	79	46	36	33	37	35	77	70	67	57	48	68	69	43	51	39	53	76	79	63	74	71	58	56	69	50	59	69	30	60	33	79	56	60	61	42	59	49	50	38	40
72	48	63	43	72	44	34	75	61	0	75	66	75	35	63	68	80	60	53	64	80	74	47	68	32	69	68	64	70	56	55	56	76	72	32	73	58	47	38	41	70	70	76	71	67	35	62	62	35	60	63	69	51	74	58	51	46	80	31	53	76	35	69	66	73	48	62	61	67	64	59	60	46	68	70	50	68	72	39	31	70	53	72	56	49	57	61	65	44	65	48	69	77	80	57	46	58	55	43	51
40	78	44	64	79	44	59	32	55	75	0	80	69	57	78	58	37	58	40	51	30	77	73	35	58	61	31	36	69	74	77	32	40	75	40	43	40	70	58	31	79	32	75	37	71	39	39	77	74	74	37	79	80	55	47	32	52	77	76	39	67	52	64	50	67	47	70	78	31	56	65	39	65	73	74	72	31	32	75	79	64	38	65	75	62	55	32	69	46	37	48	68	61	76	58	32	32	42	36	46
53	39	38	53	65	71	47	51	42	66	80	0	42	68	55	63	42	61	59	34	52	41	61	70	56	51	66	51	46	71	69	38	32	72	40	54	58	61	56	47	64	62	75	51	43	49	60	79	53	79	36	30	75	45	52	79	54	48	80	44	53	71	41	74	36	74	65	77	79	74	52	59	40	79	44	73	77	71	75	50	44	58	60	53	51	67	69	30	62	58	60	50	55	43	80	51	77	45	60	61
34	53	75	64	67	40	54	47	64	75	69	42	0	74	31	58	71	71	80	38	41	68	52	53	52	68	80	73	62	67	42	54	72	76	54	62	53	49	50	77	68	44	70	39	30	71	30	61	34	36	44	69	80	61	71	64	79	36	35	37	79	54	78	78	66	61	42	41	59	35	46	35	48	56	59	60	35	57	79	75	67	40	67	53	63	34	67	77	48	32	75	52	77	74	30	39	60	72	58	52
59	33	66	72	35	53	31	52	72	35	57	68	74	0	45	53	30	71	33	47	62	32	48	68	48	40	78	62	45	47	63	33	38	32	80	70	75	45	56	64	64	50	35	64	74	46	53	78	76	30	56	68	71	41	43	64	64	39	45	54	48	60	46	55	48	68	57	73	53	58	56	43	78	69	77	48	46	67	55	45	67	64	49	80	65	55	57	68	54	53	37	43	49	59	59	51	37	41	34	74
33	39	39	52	53	50	73	54	42	63	78	55	31	45	0	48	32	63	30	63	55	46	43	80	40	73	76	77	44	73	78	58	66	76	79	62	39	73	53	80	40	40	30	30	40	56	36	42	30	40	61	49	57	70	58	42	80	75	50	73	43	41	47	44	53	60	40	44	79	55	58	70	42	47	41	58	43	54	69	38	58	59	51	80	59	55	30	52	40	61	65	79	35	33	30	52	48	61	30	65
40	54	61	74	43	79	57	73	49	68	58	63	58	53	48	0	38	32	69	68	55	62	72	58	42	56	76	61	66	32	55	46	51	37	62	38	56	49	36	59	33	47	77	50	30	68	77	32	66	78	73	30	65	68	49	76	33	60	48	68	31	60	66	47	47	34	56	79	46	76	33	43	75	79	63	80	62	42	58	45	80	34	57	30	47	53	42	60	55	47	64	57	55	30	58	67	35	50	40	46
60	36	52	58	36	51	58	68	75	80	37	42	71	30	32	38	0	76	74	52	45	79	56	66	71	65	54	31	77	35	67	79	63	41	72	71	65	46	69	62	33	79	61	60	66	65	35	39	32	80	30	56	67	68	47	39	58	31	78	80	73	45	80	40	40	34	68	49	37	39	68	69	39	38	49	36	44	40	59	47	67	40	44	68	41	50	47	46	79	46	43	32	80	70	67	60	48	30	76	67
42	61	78	77	50	54	49	58	68	60	58	61	71	71	63	32	76	0	56	55	48	37	49	58	38	40	73	43	31	71	36	53	76	69	56	62	41	46	44	55	78	79	63	34	52	44	44	53	42	71	70	57	46	54	55	69	77	34	44	51	32	76	51	57	78	47	71	52	51	73	33	79	65	55	79	63	77	44	34	37	58	58	64	78	35	65	37	35	53	77	72	37	51	64	46	40	53	51	39	69
38	52	80	74	72	36	68	73	38	53	40	59	80	33	30	69	74	56	0	57	41	32	57	49	53	68	43	60	61	54	30	59	30	41	41	64	58	61	62	52	64	45	44	77	75	70	69	77	57	64	49	72	57	61	36	68	57	72	72	34	41	60	50	48	58	79	34	43	67	45	71	72	68	56	56	50	54	78	79	60	52	55	32	53	73	74	51	32	69	55	63	73	49	75	66	53	58	77	72	72
80	72	48	41	73	75	58	80	46	64	51	34	38	47	63	68	52	55	57	0	32	37	51	67	62	59	43	67	40	39	39	45	51	54	31	75	58	50	38	48	75	45	35	79	80	72	53	58	47	47	79	53	63	70	39	71	61	35	59	40	53	71	61	51	66	78	61	52	68	70	54	58	35	74	33	35	30	55	61	66	40	59	71	42	51	71	31	36	44	75	42	44	36	49	77	43	50	43	77	39
33	56	61	40	49	68	48	79	41	80	30	52	41	62	55	55	45	48	41	32	0	67	30	66	65	46	67	45	51	51	67	42	56	48	66	77	74	52	55	80	53	36	32	46	73	67	66	47	77	53	74	47	69	48	66	51	56	73	68	33	69	64	51	63	58	79	74	77	45	37	74	42	69	51	67	44	45	62	40	60	56	69	52	64	72	47	78	64	71	74	76	52	38	78	60	61	38	42	52	71
30	47	31	70	44	55	32	79	70	74	77	41	68	32	46	62	79	37	32	37	67	0	48	37	47	64	55	43	70	39	44	48	43	68	52	38	52	45	47	60	80	63	61	70	80	49	67	73	47	56	51	73	72	50	46	53	64	42	78	74	60	63	60	58	39	65	58	52	39	79	76	41	48	78	58	63	44	32	55	51	43	54	31	68	61	46	75	40	35	79	33	67	34	57	50	75	30	53	67	36
47	52	46	52	34	58	42	36	63	47	73	61	52	48	43	72	56	49	57	51	30	48	0	60	76	48	42	66	56	65	62	45	31	30	62	39	79	32	79	64	45	70	63	69	33	33	66	36	62	62	36	78	47	76	79	65	38	72	65	37	42	66	49	64	32	40	38	34	63	80	74	39	56	65	69	38	78	35	47	46	41	49	33	50	56	39	34	41	54	52	33	79	42	34	42	36	76	30	59	48
30	63	77	79	51	44	80	40	58	68	35	70	53	68	80	58	66	58	49	67	66	37	60	0	47	67	70	49	33	65	35	56	36	44	50	46	37	74	72	76	46	53	78	65	48	38	50	41	62	53	64	57	78	68	67	52	55	31	63	45	33	60	57	35	39	76	39	39	56	73	40	30	53	69	75	30	49	32	40	66	35	62	56	59	67	32	47	37	31	75	56	46	79	31	42	32	75	73	46	38
68	70	61	46	42	34	36	48	79	32	58	56	52	48	40	42	71	38	53	62	65	47	76	47	0	70	66	66	43	34	38	42	50	34	60	46	58	59	77	50	76	67	68	48	50	72	48	72	63	42	66	40	59	62	59	70	74	66	71	69	65	44	64	31	30	68	70	76	68	64	58	57	70	62	35	30	30	66	65	73	35	44	55	40	34	65	51	31	74	79	35	55	36	59	30	67	51	45	76	48
62	77	57	32	59	70	54	63	64	69	61	51	68	40	73	56	65	40	68	59	46	64	48	67	70	0	50	59	63	39	33	41	45	37	53	74	63	40	37	46	63	43	39	35	56	36	51	61	54	74	61	35	53	40	49	31	53	40	68	77	55	62	72	75	44	48	66	33	76	56	52	46	44	67	47	59	45	56	67	66	46	76	64	56	30	60	41	48	62	36	53	75	69	39	31	60	57	66	40	73
32	39	61	73	38	49	72	56	74	68	31	66	80	78	76	76	54	73	43	43	67	55	42	70	66	50	0	44	42	48	35	71	66	33	66	34	52	61	62	43	51	32	38	78	52	72	33	58	51	43	74	55	64	49	57	51	77	77	30	32	63	58	68	51	62	46	32	39	33	57	67	62	52	79	55	56	39	43	52	43	55	77	30	61	44	47	51	33	48	38	62	63	52	61	62	59	31	64	33	62
59	57	78	55	32	47	55	51	57	64	36	51	73	62	77	61	31	43	60	67	45	43	66	49	66	59	44	0	70	51	44	34	69	79	47	79	43	79	72	78	39	58	67	64	52	62	41	59	77	54	44	43	76	49	42	72	58	66	48	56	75	60	73	57	40	42	31	64	57	39	60	72	63	53	63	38	48	56	59	65	60	35	67	80	66	58	47	46	57	55	56	58	35	73	53	37	74	46	32	70
40	53	64	55	51	35	73	67	65	70	69	46	62	45	44	66	77	31	61	40	51	70	56	33	43	63	42	70	0	50	44	61	37	77	33	69	31	39	45	55	52	72	67	67	39	44	73	70	61	65	52	76	53	68	57	80	66	71	76	67	57	71	63	40	78	50	50	72	60	34	35	49	79	52	78	71	63	31	39	36	72	74	76	80	68	58	78	44	38	44	43	69	40	66	69	44	48	54	49	36
63	37	68	61	65	60	59	54	31	56	74	71	67	47	73	32	35	71	54	39	51	39	65	65	34	39	48	51	50	0	48	78	41	51	78	56	39	80	40	50	54	53	37	42	66	55	47	43	32	67	65	56	75	45	39	46	65	40	38	49	45	74	67	49	48	76	30	73	69	68	35	37	62	56	55	72	56	50	70	41	72	54	76	63	72	35	73	49	65	75	62	47	51	66	52	47	80	54	73	68
61	75	30	77	46	48	67	73	49	55	77	69	42	63	78	55	67	36	30	39	67	44	62	35	38	33	35	44	44	48	0	41	50	75	49	30	31	30	78	69	53	62	38	46	35	33	65	77	49	77	45	76	41	55	44	72	32	31	30	50	74	78	70	51	44	34	70	39	53	33	42	43	67	64	56	36	36	47	76	58	80	72	43	61	48	58	40	50	32	77	55	55	42	51	61	36	33	78	36	48
66	70	73	42	39	67	41	69	43	56	32	38	54	33	58	46	79	53	59	45	42	48	45	56	42	41	71	34	61	78	41	0	48	49	41	37	80	42	42	42	71	80	68	58	44	49	55	35	64	48	63	62	79	32	62	65	38	80	64	65	75	68	42	74	39	76	44	69	76	53	36	40	39	71	42	68	79	74	72	38	66	64	63	43	72	45	44	74	30	47	44	35	41	51	50	79	55	61	31	71
41	53	64	42	58	48	59	74	49	76	40	32	72	38	66	51	63	76	30	51	56	43	31	36	50	45	66	69	37	41	50	48	0	53	75	59	51	54	59	61	80	68	40	73	43	47	51	72	63	58	41	65	41	74	45	51	54	31	77	71	71	68	44	37	59	67	45	31	79	59	43	39	69	33	77	57	74	79	43	72	37	49	40	62	49	52	37	55	40	74	78	30	73	60	51	53	64	37	44	73
75	60	39	57	79	34	33	73	46	72	75	72	76	32	76	37	41	69	41	54	48	68	30	44	34	37	33	79	77	51	75	49	53	0	42	42	44	57	76	31	76	34	51	72	52	36	50	65	36	76	63	65	43	74	31	50	43	30	37	72	61	53	58	68	55	60	49	67	54	71	38	43	34	51	62	44	61	78	45	34	42	62	59	61	43	54	73	38	36	78	36	55	37	55	51	50	44	57	80	34
34	40	79	38	64	35	34	39	38	32	40	40	54	80	79	62	72	56	41	31	66	52	62	50	60	53	66	47	33	78	49	41	75	42	0	52	47	37	58	54	37	42	66	62	62	50	60	74	64	75	52	56	39	33	31	66	68	79	62	60	76	60	62	37	36	43	30	40	79	31	41	65	46	65	76	70	56	55	52	47	38	51	73	66	70	42	45	36	37	46	72	51	51	60	51	75	50	77	43	75
33	35	67	60	35	33	44	39	44	73	43	54	62	70	62	38	71	62	64	75	77	38	39	46	46	74	34	79	69	56	30	37	59	42	52	0	30	42	42	31	40	78	32	65	41	57	62	78	55	47	46	46	65	46	62	76	43	73	76	57	67	64	65	30	54	43	53	66	79	57	31	49	35	42	64	56	72	62	35	43	47	76	38	33	62	57	61	38	44	41	78	39	47	55	46	65	46	46	58	65
36	49	38	70	70	75	60	68	60	58	40	58	53	75	39	56	65	41	58	58	74	52	79	37	58	63	52	43	31	39	31	80	51	44	47	30	0	46	60	68	70	56	76	76	32	52	49	51	53	31	77	69	76	74	63	60	72	58	46	55	72	53	41	34	64	50	75	36	78	34	78	31	53	63	76	38	64	43	68	45	58	54	33	60	58	72	55	55	31	54	38	33	79	42	53	52	44	64	52	32
70	63	79	48	60	60	32	33	42	47	70	61	49	45	73	49	46	46	61	50	52	45	32	74	59	40	61	79	39	80	30	42	54	57	37	42	46	0	43	49	30	65	80	54	74	63	54	32	36	47	44	72	33	42	63	72	64	35	33	68	65	74	77	59	63	36	47	59	30	80	76	67	68	35	54	79	58	51	65	54	66	57	69	78	70	36	72	70	32	37	79	31	38	75	74	63	64	46	38	47
31	69	41	43	30	72	58	54	30	38	58	56	50	56	53	36	69	44	62	38	55	47	79	72	77	37	62	72	45	40	78	42	59	76	58	42	60	43	0	59	41	51	76	61	49	51	79	68	45	67	66	38	39	54	39	59	55	46	72	47	33	36	32	45	80	56	62	78	56	75	66	58	73	75	30	30	80	78	57	65	34	80	73	30	57	75	67	53	43	78	71	30	44	70	32	65	71	55	74	68
49	46	79	33	61	34	72	43	59	41	31	47	77	64	80	59	62	55	52	48	80	60	64	76	50	46	43	78	55	50	69	42	61	31	54	31	68	49	59	0	71	33	64	37	80	46	80	64	70	54	33	65	40	48	42	57	76	69	78	34	30	38	54	58	50	39	56	36	76	56	63	76	68	70	45	79	61	77	33	55	45	80	48	75	52	65	33	56	62	38	78	57	63	47	40	65	36	55	77	72
60	40	44	70	61	70	44	76	37	70	79	64	68	64	40	33	33	78	64	75	53	80	45	46	76	63	51	39	52	54	53	71	80	76	37	40	70	30	41	71	0	34	70	60	48	62	75	50	43	72	76	43	52	61	57	37	46	61	80	64	74	75	34	46	64	50	43	52	76	41	77	43	64	59	53	49	78	49	58	73	79	48	40	35	62	63	79	73	78	56	78	55	51	80	30	56	32	62	39	34
79	51	74	76	45	57	64	72	75	70	32	62	44	50	40	47	79	79	45	45	36	63	70	53	67	43	32	58	72	53	62	80	68	34	42	78	56	65	51	33	34	0	65	79	35	44	37	44	72	35	58	45	52	73	33	37	78	75	63	69	48	52	62	52	45	30	30	46	76	36	31	44	38	75	37	79	63	70	76	54	35	30	57	47	47	30	35	31	37	76	73	72	33	71	34	46	39	58	67	74
63	73	74	50	62	55	31	68	61	76	75	75	70	35	30	77	61	63	44	35	32	61	63	78	68	39	38	67	67	37	38	68	40	51	66	32	76	80	76	64	70	65	0	37	49	32	38	51	45	33	47	78	71	63	64	79	34	74	44	58	49	31	71	30	65	51	40	60	65	56	32	46	72	73	63	77	72	46	36	60	73	34	45	71	57	80	56	56	69	45	58	67	73	62	31	44	79	38	68	72
38	40	59	62	51	50	56	78	72	71	37	51	39	64	30	50	60	34	77	79	46	70	69	65	48	35	78	64	67	42	46	58	73	72	62	65	76	54	61	37	60	79	37	0	41	64	76	62	63	47	79	63	50	62	43	32	46	65	68	34	58	73	50	48	73	77	57	73	43	52	42	39	80	34	45	69	45	61	62	49	71	64	32	49	76	51	80	45	36	65	80	60	69	71	80	80	45	72	74	38
51	79	38	58	66	63	41	45	70	67	71	43	30	74	40	30	66	52	75	80	73	80	33	48	50	56	52	52	39	66	35	44	43	52	62	41	32	74	49	80	48	35	49	41	0	58	39	47	57	46	40	40	48	65	53	65	47	52	35	70	59	77	56	56	32	34	52	68	60	69	60	59	41	76	70	30	45	67	71	48	59	79	80	62	57	72	38	71	32	74	42	47	67	52	35	47	45	57	52	69
37	53	64	33	71	46	77	49	78	35	39	49	71	46	56	68	65	44	70	72	67	49	33	38	72	36	72	62	44	55	33	49	47	36	50	57	52	63	51	46	62	44	32	64	58	0	67	49	68	68	71	73	80	52	60	65	55	65	64	41	46	77	42	56	59	63	51	40	42	59	39	80	38	64	67	41	74	77	53	58	49	62	49	73	43	50	55	34	77	38	77	70	48	74	71	59	45	69	36	79
48	49	49	46	61	66	30	54	58	62	39	60	30	53	36	77	35	44	69	53	66	67	66	50	48	51	33	41	73	47	65	55	51	50	60	62	49	54	79	80	75	37	38	76	39	67	0	52	44	61	65	66	71	64	71	63	37	58	69	78	68	32	59	59	32	36	53	63	38	55	36	30	35	71	71	32	80	49	56	57	44	32	69	62	33	50	78	62	57	53	68	54	43	34	38	73	72	38	30	78
54	68	39	50	72	66	49	72	78	62	77	79	61	78	42	32	39	53	77	58	47	73	36	41	72	61	58	59	70	43	77	35	72	65	74	78	51	32	68	64	50	44	51	62	47	49	52	0	63	49	53	32	55	67	30	33	63	36	62	60	60	52	49	39	61	72	46	35	61	37	45	31	31	39	72	33	61	37	53	68	41	80	77	74	76	75	57	61	67	60	31	45	66	33	49	38	40	38	34	54
55	37	30	74	35	56	62	33	68	35	74	53	34	76	30	66	32	42	57	47	77	47	62	62	63	54	51	77	61	32	49	64	63	36	64	55	53	36	45	70	43	72	45	63	57	68	44	63	0	49	34	59	36	57	36	76	70	33	48	72	73	66	43	56	49	68	44	59	70	60	44	66	44	69	32	74	49	34	36	31	73	59	35	71	41	80	32	44	48	45	70	57	64	74	66	38	80	39	70	53
63	72	74	62	30	67	70	52	59	60	74	79	36	30	40	78	80	71	64	47	53	56	62	53	42	74	43	54	65	67	77	48	58	76	75	47	31	47	67	54	72	35	33	47	46	68	61	49	49	0	40	48	53	78	77	69	69	79	67	48	61	77	55	48	77	37	32	58	31	73	52	32	43	55	37	48	34	40	32	43	52	70	34	51	37	78	56	66	75	79	40	70	41	56	59	80	38	33	33	43
52	33	38	41	47	65	61	77	43	63	37	36	44	56	61	73	30	70	49	79	74	51	36	64	66	61	74	44	52	65	45	63	41	63	52	46	77	44	66	33	76	58	47	79	40	71	65	53	34	40	0	33	41	62	69	57	39	45	46	80	41	67	44	40	36	62	62	77	67	62	30	42	68	43	61	48	33	70	49	30	35	39	77	56	55	42	33	39	39	36	35	70	31	39	72	46	55	43	62	79
67	77	47	42	55	75	48	37	38	69	79	30	69	68	49	30	56	57	72	53	47	73	78	57	40	35	55	43	76	56	76	62	65	65	56	46	69	72	38	65	43	45	78	63	40	73	66	32	59	48	33	0	80	49	70	35	63	79	69	72	73	39	66	55	43	43	57	55	50	43	48	34	77	63	51	65	55	58	76	44	40	34	47	47	67	68	68	38	75	39	80	34	72	40	71	61	36	64	77	76
33	35	58	52	36	45	77	30	76	51	80	75	80	71	57	65	67	46	57	63	69	72	47	78	59	53	64	76	53	75	41	79	41	43	39	65	76	33	39	40	52	52	71	50	48	80	71	55	36	53	41	80	0	67	33	59	39	63	43	43	59	71	34	49	36	77	51	30	73	30	55	64	31	70	37	78	56	42	59	70	52	66	79	54	40	80	75	57	33	77	33	74	52	69	78	42	42	35	39	32
37	69	52	73	35	45	49	78	45	74	55	45	61	41	70	68	68	54	61	70	48	50	76	68	62	40	49	49	68	45	55	32	74	74	33	46	74	42	54	48	61	73	63	62	65	52	64	67	57	78	62	49	67	0	48	39	74	46	62	51	78	58	43	31	31	46	71	35	58	76	42	51	35	75	71	52	44	52	33	55	73	80	30	74	38	52	34	67	73	60	42	43	46	48	42	48	75	68	74	66
39	49	76	43	34	31	54	73	47	58	47	52	71	43	58	49	47	55	36	39	66	46	79	67	59	49	57	42	57	39	44	62	45	31	31	62	63	63	39	42	57	33	64	43	53	60	71	30	36	77	69	70	33	48	0	76	79	72	75	59	66	40	67	59	41	70	44	41	44	30	41	79	46	44	79	44	63	55	33	55	32	48	42	35	42	62	74	74	34	52	77	60	47	57	62	64	52	67	44	52
77	63	74	77	48	51	57	41	50	51	32	79	64	64	42	76	39	69	68	71	51	53	65	52	70	31	51	72	80	46	72	65	51	50	66	76	60	72	59	57	37	37	79	32	65	65	63	33	76	69	57	35	59	39	76	0	36	63	69	49	51	79	58	74	75	66	45	45	49	37	52	68	77	54	52	46	47	59	31	54	71	47	80	40	79	69	76	46	74	49	69	52	37	75	40	35	69	32	51	74
47	40	61	55	55	75	79	76	79	46	52	54	79	64	80	33	58	77	57	61	56	64	38	55	74	53	77	58	66	65	32	38	54	43	68	43	72	64	55	76	46	78	34	46	47	55	37	63	70	69	39	63	39	74	79	36	0	53	62	76	34	72	53	59	61	38	50	60	75	68	38	48	75	40	31	67	47	37	67	36	32	55	57	75	43	35	42	36	68	74	53	60	59	55	42	37	44	46	76	54
73	80	37	69	41	71	31	66	44	80	77	48	36	39	75	60	31	34	72	35	73	42	72	31	66	40	77	66	71	40	31	80	31	30	79	73	58	35	46	69	61	75	74	65	52	65	58	36	33	79	45	79	63	46	72	63	53	0	41	69	60	37	61	58	30	59	48	34	66	64	55	56	61	33	44	60	45	79	63	51	66	44	72	37	46	43	69	35	44	65	52	61	39	53	72	76	67	40	71	33
57	44	45	43	77	44	63	34	54	31	76	80	35	45	50	48	78	44	72	59	68	78	65	63	71	68	30	48	76	38	30	64	77	37	62	76	46	33	72	78	80	63	44	68	35	64	69	62	48	67	46	69	43	62	75	69	62	41	0	59	37	77	69	30	50	70	30	30	43	75	59	43	65	57	33	38	79	35	69	69	47	51	73	72	47	46	53	56	33	59	41	41	80	76	65	36	68	41	55	55
43	43	49	70	41	71	74	42	79	53	39	44	37	54	73	68	80	51	34	40	33	74	37	45	69	77	32	56	67	49	50	65	71	72	60	57	55	68	47	34	64	69	58	34	70	41	78	60	72	48	80	72	43	51	59	49	76	69	59	0	63	43	34	74	69	79	62	33	57	45	45	45	73	38	75	46	30	74	54	64	72	38	52	60	70	45	76	71	53	64	37	54	30	66	51	74	60	43	32	56
44	56	62	55	74	56	50	37	46	76	67	53	79	48	43	31	73	32	41	53	69	60	42	33	65	55	63	75	57	45	74	75	71	61	76	67	72	65	33	30	74	48	49	58	59	46	68	60	73	61	41	73	59	78	66	51	34	60	37	63	0	57	74	57	44	32	45	40	49	37	65	54	80	74	79	44	80	52	65	76	55	64	65	34	38	48	79	66	51	43	56	80	69	49	33	59	31	39	40	59
49	76	57	55	59	35	73	36	36	35	52	71	54	60	41	60	45	76	60	71	64	63	66	60	44	62	58	60	71	74	78	68	68	53	60	64	53	74	36	38	75	52	31	73	77	77	32	52	66	77	67	39	71	58	40	79	72	37	77	43	57	0	53	54	31	72	63	57	60	78	32	46	54	67	37	74	32	77	35	35	54	42	41	35	76	67	30	54	70	47	75	76	48	50	79	51	42	70	53	66
74	73	46	55	63	56	74	80	33	69	64	41	78	46	47	66	80	51	50	61	51	60	49	57	64	72	68	73	63	67	70	42	44	58	62	65	41	77	32	54	34	62	71	50	56	42	59	49	43	55	44	66	34	43	67	58	53	61	69	34	74	53	0	35	78	40	80	51	48	73	37	48	57	72	57	70	69	70	40	77	67	77	59	50	41	50	76	56	69	74	68	67	75	64	60	33	41	76	39	62
30	46	37	33	67	52	72	40	37	66	50	74	78	55	44	47	40	57	48	51	63	58	64	35	31	75	51	57	40	49	51	74	37	68	37	30	34	59	45	58	46	52	30	48	56	56	59	39	56	48	40	55	49	31	59	74	59	58	30	74	57	54	35	0	46	57	50	48	34	53	55	53	57	53	42	52	61	58	55	73	61	30	77	43	57	72	79	33	70	34	32	34	32	48	42	33	46	77	64	76
30	57	32	44	53	67	74	32	35	73	67	36	66	48	53	47	40	78	58	66	58	39	32	39	30	44	62	40	78	48	44	39	59	55	36	54	64	63	80	50	64	45	65	73	32	59	32	61	49	77	36	43	36	31	41	75	61	30	50	69	44	31	78	46	0	61	67	42	69	79	76	70	59	72	48	53	52	54	34	37	78	40	71	36	64	64	30	44	59	66	76	31	54	53	76	49	50	59	79	56
49	59	58	39	49	52	42	62	77	48	47	74	61	68	60	34	34	47	79	78	79	65	40	76	68	48	46	42	50	76	34	76	67	60	43	43	50	36	56	39	50	30	51	77	34	63	36	72	68	37	62	43	77	46	70	66	38	59	70	79	32	72	40	57	61	0	32	67	80	59	35	52	31	74	57	59	75	36	41	79	55	45	62	36	50	64	43	60	74	47	35	61	63	59	66	51	61	51	67	63
76	41	63	63	31	79	76	42	70	62	70	65	42	57	40	56	68	71	34	61	74	58	38	39	70	66	32	31	50	30	70	44	45	49	30	53	75	47	62	56	43	30	40	57	52	51	53	46	44	32	62	57	51	71	44	45	50	48	30	62	45	63	80	50	67	32	0	79	66	61	31	55	36	52	69	56	43	74	31	75	65	34	34	54	73	67	31	80	58	36	57	61	51	79	65	59	56	38	61	65
57	74	31	75	66	72	54	63	67	61	78	77	41	73	44	79	49	52	43	52	77	52	34	39	76	33	39	64	72	73	39	69	31	67	40	66	36	59	78	36	52	46	60	73	68	40	63	35	59	58	77	55	30	35	41	45	60	34	30	33	40	57	51	48	42	67	79	0	43	70	73	45	34	63	46	79	50	39	74	40	79	46	64	60	75	60	73	48	43	69	32	30	62	54	61	65	63	36	34	57
69	57	37	55	30	63	47	78	57	67	31	79	59	53	79	46	37	51	67	68	45	39	63	56	68	76	33	57	60	69	53	76	79	54	79	79	78	30	56	76	76	76	65	43	60	42	38	61	70	31	67	50	73	58	44	49	75	66	43	57	49	60	48	34	69	80	66	43	0	37	79	74	30	50	71	54	53	79	79	55	40	32	67	40	73	79	65	71	58	36	80	66	67	48	42	54	53	38	46	54
32	41	76	55	48	49	69	50	48	64	56	74	35	58	55	76	39	73	45	70	37	79	80	73	64	56	57	39	34	68	33	53	59	71	31	57	34	80	75	56	41	36	56	52	69	59	55	37	60	73	62	43	30	76	30	37	68	64	75	45	37	78	73	53	79	59	61	70	37	0	69	30	33	30	71	38	45	60	38	36	56	58	51	48	79	35	58	32	52	80	80	44	72	79	38	77	62	64	33	76
42	45	54	33	56	41	66	52	68	59	65	52	46	56	58	33	68	33	71	54	74	76	74	40	58	52	67	60	35	35	42	36	43	38	41	31	78	76	66	63	77	31	32	42	60	39	36	45	44	52	30	48	55	42	41	52	38	55	59	45	65	32	37	55	76	35	31	73	79	69	0	51	35	43	41	65	40	47	53	64	50	57	44	68	69	39	75	53	64	70	34	41	39	50	54	37	78	64	75	70
50	56	74	68	53	57	68	42	69	60	39	59	35	43	70	43	69	79	72	58	42	41	39	30	57	46	62	72	49	37	43	40	39	43	65	49	31	67	58	76	43	44	46	39	59	80	30	31	66	32	42	34	64	51	79	68	48	56	43	45	54	46	48	53	70	52	55	45	74	30	51	0	71	37	66	30	73	70	46	50	71	75	80	44	53	56	48	66	56	74	48	70	59	75	32	33	35	73	78	53
58	40	67	68	51	69	56	64	43	46	65	40	48	78	42	75	39	65	68	35	69	48	56	53	70	44	52	63	79	62	67	39	69	34	46	35	53	68	73	68	64	38	72	80	41	38	35	31	44	43	68	77	31	35	46	77	75	61	65	73	80	54	57	57	59	31	36	34	30	33	35	71	0	79	74	58	36	78	36	74	31	35	59	53	54	73	41	44	55	72	75	55	52	72	36	57	38	57	47	59
73	42	39	58	52	69	60	77	51	68	73	79	56	69	47	79	38	55	56	74	51	78	65	69	62	67	79	53	52	56	64	71	33	51	65	42	63	35	75	70	59	75	73	34	76	64	71	39	69	55	43	63	70	75	44	54	40	33	57	38	74	67	72	53	72	74	52	63	50	30	43	37	79	0	52	68	78	51	76	72	62	46	36	45	39	39	45	47	37	73	32	55	32	58	37	77	35	52	44	49
65	32	38	62	45	40	62	62	39	70	74	44	59	77	41	63	49	79	56	33	67	58	69	75	35	47	55	63	78	55	56	42	77	62	76	64	76	54	30	45	53	37	63	45	70	67	71	72	32	37	61	51	37	71	79	52	31	44	33	75	79	37	57	42	48	57	69	46	71	71	41	66	74	52	0	62	72	56	58	61	36	54	75	49	33	52	36	76	56	60	60	54	31	30	76	38	37	50	49	72
37	69	47	40	32	80	55	61	53	50	72	73	60	48	58	80	36	63	50	35	44	63	38	30	30	59	56	38	71	72	36	68	57	44	70	56	38	79	30	79	49	79	77	69	30	41	32	33	74	48	48	65	78	52	44	46	67	60	38	46	44	74	70	52	53	59	56	79	54	38	65	30	58	68	62	0	53	77	47	80	80	46	73	45	47	78	57	61	36	66	45	37	40	48	80	52	38	33	50	50
53	47	41	41	70	41	61	61	76	68	31	77	35	46	43	62	44	77	54	30	45	44	78	49	30	45	39	48	63	56	36	79	74	61	56	72	64	58	80	61	78	63	72	45	45	74	80	61	49	34	33	55	56	44	63	47	47	45	79	30	80	32	69	61	52	75	43	50	53	45	40	73	36	78	72	53	0	56	49	32	51	66	56	70	74	55	41	58	45	80	63	43	69	48	51	80	51	35	47	40
33	65	48	42	61	37	48	45	79	72	32	71	57	67	54	42	40	44	78	55	62	32	35	32	66	56	43	56	31	50	47	74	79	78	55	62	43	51	78	77	49	70	46	61	67	77	49	37	34	40	70	58	42	52	55	59	37	79	35	74	52	77	70	58	54	36	74	39	79	60	47	70	78	51	56	77	56	0	46	44	33	49	38	62	33	71	39	36	64	49	77	63	68	60	64	58	36	42	58	32
50	50	52	76	65	45	66	56	63	39	75	75	79	55	69	58	59	34	79	61	40	55	47	40	65	67	52	59	39	70	76	72	43	45	52	35	68	65	57	33	58	76	36	62	71	53	56	53	36	32	49	76	59	33	33	31	67	63	69	54	65	35	40	55	34	41	31	74	79	38	53	46	36	76	58	47	49	46	0	75	53	31	50	65	71	37	44	31	46	73	40	50	57	30	69	56	63	79	33	60
33	62	73	55	40	62	48	30	74	31	79	50	75	45	38	45	47	37	60	66	60	51	46	66	73	66	43	65	36	41	58	38	72	34	47	43	45	54	65	55	73	54	60	49	48	58	57	68	31	43	30	44	70	55	55	54	36	51	69	64	76	35	77	73	37	79	75	40	55	36	64	50	74	72	61	80	32	44	75	0	69	56	64	32	74	63	42	36	30	59	40	33	71	62	32	32	74	42	65	75
77	39	64	52	63	39	37	75	71	70	64	44	67	67	58	80	67	58	52	40	56	43	41	35	35	46	55	60	72	72	80	66	37	42	38	47	58	66	34	45	79	35	73	71	59	49	44	41	73	52	35	40	52	73	32	71	32	66	47	72	55	54	67	61	78	55	65	79	40	56	50	71	31	62	36	80	51	33	53	69	0	59	59	33	56	60	49	30	72	32	72	40	73	78	72	69	37	70	33	57
62	41	47	31	66	46	62	65	58	53	38	58	40	64	59	34	40	58	55	59	69	54	49	62	44	76	77	35	74	54	72	64	49	62	51	76	54	57	80	80	48	30	34	64	79	62	32	80	59	70	39	34	66	80	48	47	55	44	51	38	64	42	77	30	40	45	34	46	32	58	57	75	35	46	54	46	66	49	31	56	59	0	48	47	80	63	75	35	70	53	65	65	48	60	66	79	30	66	38	67
49	53	52	73	35	76	51	39	56	72	65	60	67	49	51	57	44	64	32	71	52	31	33	56	55	64	30	67	76	76	43	63	40	59	73	38	33	69	73	48	40	57	45	32	80	49	69	77	35	34	77	47	79	30	42	80	57	72	73	52	65	41	59	77	71	62	34	64	67	51	44	80	59	36	75	73	56	38	50	64	59	48	0	47	66	50	45	54	75	58	47	45	38	58	54	60	72	46	50	63
62	43	35	37	41	53	60	62	69	56	75	53	53	80	80	30	68	78	53	42	64	68	50	59	40	56	61	80	80	63	61	43	62	61	66	33	60	78	30	75	35	47	71	49	62	73	62	74	71	51	56	47	54	74	35	40	75	37	72	60	34	35	50	43	36	36	54	60	40	48	68	44	53	45	49	45	70	62	65	32	33	47	47	0	68	70	41	38	66	30	37	35	69	41	80	31	53	53	50	33
30	31	60	53	73	66	69	42	50	49	62	51	63	65	59	47	41	35	73	51	72	61	56	67	34	30	44	66	68	72	48	72	49	43	70	62	58	70	57	52	62	47	57	76	57	43	33	76	41	37	55	67	40	38	42	79	43	46	47	70	38	76	41	57	64	50	73	75	73	79	69	53	54	39	33	47	74	33	71	74	56	80	66	68	0	74	52	78	38	75	59	52	55	71	72	38	31	31	35	70
77	55	79	44	49	42	79	54	59	57	55	67	34	55	55	53	50	65	74	71	47	46	39	32	65	60	47	58	58	35	58	45	52	54	42	57	72	36	75	65	63	30	80	51	72	50	50	75	80	78	42	68	80	52	62	69	35	43	46	45	48	67	50	72	64	64	67	60	79	35	39	56	73	39	52	78	55	71	37	63	60	63	50	70	74	0	45	52	65	43	38	64	71	40	75	36	49	40	71	57
73	46	61	61	42	65	63	74	69	61	32	69	67	57	30	42	47	37	51	31	78	75	34	47	51	41	51	47	78	73	40	44	37	73	45	61	55	72	67	33	79	35	56	80	38	55	78	57	32	56	33	68	75	34	74	76	42	69	53	76	79	30	76	79	30	43	31	73	65	58	75	48	41	45	36	57	41	39	44	42	49	75	45	41	52	45	0	63	35	54	64	59	63	67	30	68	50	37	38	55
36	37	44	77	74	78	50	70	30	65	69	30	77	68	52	60	46	35	32	36	64	40	41	37	31	48	33	46	44	49	50	74	55	38	36	38	55	70	53	56	73	31	56	45	71	34	62	61	44	66	39	38	57	67	74	46	36	35	56	71	66	54	56	33	44	60	80	48	71	32	53	66	44	47	76	61	58	36	31	36	30	35	54	38	78	52	63	0	62	67	76	31	51	49	70	33	74	68	71	69
44	31	76	33	68	50	80	80	60	44	46	62	48	54	40	55	79	53	69	44	71	35	54	31	74	62	48	57	38	65	32	30	40	36	37	44	31	32	43	62	78	37	69	36	32	77	57	67	48	75	39	75	33	73	34	74	68	44	33	53	51	70	69	70	59	74	58	43	58	52	64	56	55	37	56	36	45	64	46	30	72	70	75	66	38	65	35	62	0	51	43	64	41	50	64	69	72	70	36	43
71	68	34	56	67	59	51	79	33	65	37	58	32	53	61	47	46	77	55	75	74	79	52	75	79	36	38	55	44	75	77	47	74	78	46	41	54	37	78	38	56	76	45	65	74	38	53	60	45	79	36	39	77	60	52	49	74	65	59	64	43	47	74	34	66	47	36	69	36	80	70	74	72	73	60	66	80	49	73	59	32	53	58	30	75	43	54	67	51	0	68	50	74	57	58	73	64	43	66	50
63	55	55	70	40	76	34	60	79	48	48	60	75	37	65	64	43	72	63	42	76	33	33	56	35	53	62	56	43	62	55	44	78	36	72	78	38	79	71	78	78	73	58	80	42	77	68	31	70	40	35	80	33	42	77	69	53	52	41	37	56	75	68	32	76	35	57	32	80	80	34	48	75	32	60	45	63	77	40	40	72	65	47	37	59	38	64	76	43	68	0	48	30	61	71	73	37	54	47	43
67	56	47	50	58	35	65	80	56	69	68	50	52	43	79	57	32	37	73	44	52	67	79	46	55	75	63	58	69	47	55	35	30	55	51	39	33	31	30	57	55	72	67	60	47	70	54	45	57	70	70	34	74	43	60	52	60	61	41	54	80	76	67	34	31	61	61	30	66	44	41	70	55	55	54	37	43	63	50	33	40	65	45	35	52	64	59	31	64	50	48	0	37	35	49	76	71	67	55	33
60	35	63	60	32	73	34	69	60	77	61	55	77	49	35	55	80	51	49	36	38	34	42	79	36	69	52	35	40	51	42	41	73	37	51	47	79	38	44	63	51	33	73	69	67	48	43	66	64	41	31	72	52	46	47	37	59	39	80	30	69	48	75	32	54	63	51	62	67	72	39	59	52	32	31	40	69	68	57	71	73	48	38	69	55	71	63	51	41	74	30	37	0	49	62	58	31	31	73	74
44	33	77	63	75	58	59	70	61	80	76	43	74	59	33	30	70	64	75	49	78	57	34	31	59	39	61	73	66	66	51	51	60	55	60	55	42	75	70	47	80	71	62	71	52	74	34	33	74	56	39	40	69	48	57	75	55	53	76	66	49	50	64	48	53	59	79	54	48	79	50	75	72	58	30	48	48	60	30	62	78	60	58	41	71	40	67	49	50	57	61	35	49	0	71	56	53	53	34	73
50	51	65	44	73	67	59	80	42	57	58	80	30	59	30	58	67	46	66	77	60	50	42	42	30	31	62	53	69	52	61	50	51	51	51	46	53	74	32	40	30	34	31	80	35	71	38	49	66	59	72	71	78	42	62	40	42	72	65	51	33	79	60	42	76	66	65	61	42	38	54	32	36	37	76	80	51	64	69	32	72	66	54	80	72	75	30	70	64	58	71	49	62	71	0	36	61	38	41	66
30	56	52	52	45	80	67	74	59	46	32	51	39	51	52	67	60	40	53	43	61	75	36	32	67	60	59	37	44	47	36	79	53	50	75	65	52	63	65	65	56	46	44	80	47	59	73	38	38	80	46	61	42	48	64	35	37	76	36	74	59	51	33	33	49	51	59	65	54	77	37	33	57	77	38	52	80	58	56	32	69	79	60	31	38	36	68	33	69	73	73	76	58	56	36	0	73	67	57	42
49	44	31	31	30	76	36	63	49	58	32	77	60	37	48	35	48	53	58	50	38	30	76	75	51	57	31	74	48	80	33	55	64	44	50	46	44	64	71	36	32	39	79	45	45	45	72	40	80	38	55	36	42	75	52	69	44	67	68	60	31	42	41	46	50	61	56	63	53	62	78	35	38	35	37	38	51	36	63	74	37	30	72	53	31	49	50	74	72	64	37	71	31	53	61	73	0	68	80	41
77	43	70	64	50	58	80	75	50	55	42	45	72	41	61	50	30	51	77	43	42	53	30	73	45	66	64	46	54	54	78	61	37	57	77	46	64	46	55	55	62	58	38	72	57	69	38	38	39	33	43	64	35	68	67	32	46	40	41	43	39	70	76	77	59	51	38	36	38	64	64	73	57	52	50	33	35	42	79	42	70	66	46	53	31	40	37	68	70	43	54	67	31	53	38	67	68	0	46	65
79	74	44	31	44	41	47	49	38	43	36	60	58	34	30	40	76	39	72	77	52	67	59	46	76	40	33	32	49	73	36	31	44	80	43	58	52	38	74	77	39	67	68	74	52	36	30	34	70	33	62	77	39	74	44	51	76	71	55	32	40	53	39	64	79	67	61	34	46	33	75	78	47	44	49	50	47	58	33	65	33	38	50	50	35	71	38	71	36	66	47	55	73	34	41	57	80	46	0	75
65	38	69	38	44	59	65	75	40	51	46	61	52	74	65	46	67	69	72	39	71	36	48	38	48	73	62	70	36	68	48	71	73	34	75	65	32	47	68	72	34	74	72	38	69	79	78	54	53	43	79	76	32	66	52	74	54	33	55	56	59	66	62	76	56	63	65	57	54	76	70	53	59	49	72	50	40	32	60	75	57	67	63	33	70	57	55	69	43	50	43	33	74	73	66	42	41	65	75	0

Initial health value of each distributed equipment: 
(Where columns denote demand points: 1 to 100.)
258.42	265.20	171.60	319.20	221.76	294.10	226.32	381.30	293.88	244.36	235.42	205.66	241.30	291.41	293.02	280.12	233.93	165.39	369.38	274.16	246.45	186.25	335.62	355.68	414.74	253.30	415.16	280.12	334.40	310.98	241.92	239.85	183.27	369.66	333.45	259.29	172.84	319.80	180.29	219.76	238.00	168.67	283.10	277.14	166.88	418.00	270.10	323.08	195.19	364.08	312.66	347.26	386.37	290.45	174.33	284.58	396.01	257.52	279.85	315.71	279.11	304.92	268.20	362.25	301.07	304.47	274.30	195.19	222.01	447.81	256.28	220.52	204.13	289.06	417.78	280.12	174.33	284.59	254.76	273.42	168.37	226.48	242.87	283.10	303.01	295.02	330.00	280.24	287.31	237.39	160.92	295.03	214.56	478.72	397.65	175.82	372.24	385.14	244.40	275.65

Spare parts types of different demand points: 
(where columns denote demand points: 1 to 100.)
8	3	8	3	9	2	10	9	5	4	3	7	12	2	4	15	6	13	1	1	9	15	12	3	4	3	3	12	11	10	10	3	8	7	14	3	9	11	5	8	15	2	3	2	12	11	14	5	14	14	5	12	12	14	12	7	4	14	6	9	15	15	2	12	8	1	5	8	10	4	6	13	9	12	5	4	5	6	13	11	7	6	3	13	5	9	13	9	11	3	3	14	10	10	15	9	13	9	13	15

inventory management cost per unit time of different types of orders: 
(where columns denote types of orders: 1 to 15.)
2.7	1	2.8	2.5	2.1	2.8	2.8	1.1	2.6	1.3	1.2	2.9	1.3	1.8	1.7

Maintenance cost per unit time of different worker: 
(Where rows denote strategy: 1 to 3,and columns denote available worker of each strategy: 1 to 4.)
4.4	4.6	3.8
3.8	4.6	4.3
5	4.7	3.6
4.5	4.5	4.7

The weight of tardiness cost of different demand points: 
(where columns denote demand points: 1 to 100.)
5.4	4.6	4.1	4	3.5	4.5	5.2	4.6	5	3	5.5	5.9	5.8	5.4	4.7	4.9	5.3	5.2	5.9	3	4.1	5.8	5.3	4.4	5.6	5.7	3.8	5.2	3	3.9	4.5	4.3	3.3	4.3	4.7	3.8	5.8	4.3	3.5	4.6	3.8	4	4.8	5.8	4.7	3.1	4.1	3	5	5.6	5.4	4.2	5.5	4.3	4.6	5.1	4.4	3	4.8	4.2	3.5	4.6	4.4	3.5	5.5	4.5	4.8	4.5	3.5	4.6	4.1	5.1	3.4	3.5	5	5.7	3.1	5.2	5.4	4.9	5.6	5.1	5.4	5.5	4.5	5	4.2	3.1	4.7	3	3.8	4.9	4.6	4.8	3.4	4.9	4.9	3.6	4	3.2

The waste of old spare part per unit time of each distributed equipment: 
(where columns denote demand points: 1 to 100.)
7	6.3	7	5.7	5.7	5.8	8	5.1	6.6	7.8	7.7	6.2	7.1	5	7	7.6	7.1	6.3	7.1	7.3	6.8	5.1	6.1	7.9	7.6	5.9	5.8	5.4	7.4	6.8	5.7	7.3	5.6	6.2	8	6.9	6.9	7.2	6.4	7.2	5.4	5.7	5.7	7.7	6.5	5.1	5.6	5.4	6.3	6.2	5.2	6.6	7.1	5.2	5.7	5.6	6.2	5.3	7	6.6	6.8	6.3	5.6	7.9	6.3	7.7	6.1	5.6	5.3	7	6.3	7	5.2	5.7	6.7	6.9	7.7	5.6	5.1	6	6.8	6	6.6	5.7	7.3	5.8	5	7.2	5.5	5.3	5.3	6.9	6.4	5.1	6.9	5.7	6.9	7.9	7.5	6.9

shutdown cost per unit time of each distributed equipment: 
(where columns denote demand points: 1 to 100.)
20.1	24.5	20.8	20.7	21	20.5	24.3	21.3	23.1	21.6	24.9	20.8	24.8	23.3	20.7	23.5	21	21.2	21.2	23.2	21.7	22.2	24.7	24.7	24.3	21.6	23.5	24.4	22.5	21.9	22.9	24.7	22.2	24	22.3	21	23.6	20.8	22.3	24.9	21.1	20.2	22.2	24.4	22.4	21.8	23.4	24.6	24.3	20.6	20.9	24.8	20	23.8	21	24.3	24	21.6	22.3	21.4	22	22	20.9	21.8	20.7	23.5	20.9	22.4	21	23.8	21.4	23.6	23.7	20.2	24.7	20.7	23.1	23.4	23.2	23.1	24.1	22.5	24.3	20.6	24.7	24.6	20.7	20.6	22.2	24.4	22.8	21	24.8	21.9	20.1	23.4	22.6	22.4	20.6	24.3

Deterioration rate of each piece of equipment:
(Where columns denote distributed equipment: 1 to 100.)
1.18	1.7	1.1	1.33	1.12	1.7	1.23	1.86	1.24	1.64	1.58	1.13	1.27	1.81	1.61	1.88	1.57	1.11	1.46	1.84	1.55	1.25	1.73	1.52	1.78	1.7	1.94	1.88	1.76	1.46	1.26	1.17	1.23	1.83	1.71	1.29	1.16	1.23	1.21	1.34	1.19	1.01	1.9	1.86	1.12	1.9	1.46	1.97	1.31	1.64	1.62	1.94	1.59	1.85	1.17	1.53	1.99	1.16	1.45	1.31	1.13	1.54	1.8	1.61	1.61	1.53	1.3	1.31	1.49	1.77	1.72	1.48	1.37	1.94	1.98	1.88	1.17	1.91	1.32	1.26	1.13	1.52	1.63	1.9	1.93	1.98	1.25	1.13	1.57	1.23	1.08	1.81	1.44	1.87	1.65	1.18	1.98	1.47	1.04	1.85

The processing time of different types of spare parts: 
(Where rows denote machines: 1 to 5,and columns denote types: 1 to 15.)
10	11	19	26	27	20	20	25	15	21	20	15	23	20	19
29	23	20	15	11	20	16	27	23	11	25	23	20	15	13
18	26	20	28	24	17	14	16	14	17	15	10	16	13	25
22	13	18	25	29	21	20	28	10	17	25	28	18	18	27
11	23	23	23	25	18	10	11	24	17	17	22	14	15	26

The maintenance time of different workers: 
(Where rows denote strategy: 1 to 3,and columns denote available worker of each strategy: 1 to 4.)
31	42	38
34	40	36
30	36	41
30	47	31

Repair degree of different strategies: 
(Where rows denote strategy: 1 to 34.)
0.68	0.63	0.64

Quantity of spare parts of each type reserved in each warehouse: 
(where rows denote warehouses£º1 to 10,and columns denote types£º1 to 15.)
3	7	10
1	1	1
6	9	12	14
1	1	1	1
4	5	7	12
1	1	1	1
5	6	9	13	15
1	1	1	1	1
11
1

Initial due date of each order: 
(Where columns denote order: 1 to 100.)
219	156	156	240	198	173	184	205	237	149	149	182	190	161	182	149	149	149	253	149	159	149	194	234	233	149	214	149	190	213	192	205	149	202	195	201	149	260	149	164	200	167	149	149	149	220	185	164	149	222	193	179	243	157	149	186	199	222	193	241	247	198	149	225	187	199	211	149	149	253	149	149	149	149	211	149	149	149	193	217	149	149	149	149	157	149	264	248	183	193	149	163	149	256	241	149	188	262	235	149

Maintenance starting time window of each piece of equipment: 
(Where rows denote Lower and Upper bounds of Maintenance starting time window: 1 to 2,and columns denote distributed equipment: 1 to 100.)
153.3	109.2	109.2	168	138.6	121.1	128.8	143.5	165.9	104.3	104.3	127.4	133	112.7	127.4	104.3	104.3	104.3	177.1	104.3	111.3	104.3	135.8	163.8	163.1	104.3	149.8	104.3	133	149.1	134.4	143.5	104.3	141.4	136.5	140.7	104.3	182	104.3	114.8	140	116.9	104.3	104.3	104.3	154	129.5	114.8	104.3	155.4	135.1	125.3	170.1	109.9	104.3	130.2	139.3	155.4	135.1	168.7	172.9	138.6	104.3	157.5	130.9	139.3	147.7	104.3	104.3	177.1	104.3	104.3	104.3	104.3	147.7	104.3	104.3	104.3	135.1	151.9	104.3	104.3	104.3	104.3	109.9	104.3	184.8	173.6	128.1	135.1	104.3	114.1	104.3	179.2	168.7	104.3	131.6	183.4	164.5	104.3
197.1	140.4	140.4	216	178.2	155.7	165.6	184.5	213.3	134.1	134.1	163.8	171	144.9	163.8	134.1	134.1	134.1	227.7	134.1	143.1	134.1	174.6	210.6	209.7	134.1	192.6	134.1	171	191.7	172.8	184.5	134.1	181.8	175.5	180.9	134.1	234	134.1	147.6	180	150.3	134.1	134.1	134.1	198	166.5	147.6	134.1	199.8	173.7	161.1	218.7	141.3	134.1	167.4	179.1	199.8	173.7	216.9	222.3	178.2	134.1	202.5	168.3	179.1	189.9	134.1	134.1	227.7	134.1	134.1	134.1	134.1	189.9	134.1	134.1	134.1	173.7	195.3	134.1	134.1	134.1	134.1	141.3	134.1	237.6	223.2	164.7	173.7	134.1	146.7	134.1	230.4	216.9	134.1	169.2	235.8	211.5	134.1

