Number of orders: 
100

Number of factories\warehouses: 
5

Number of machines per factory: 
8

Number of types of spare parts: 
15

Number of maintenance strategies: 
3

Number of available workers per strategy: 
4

Transportation cost per unit time: 
3

Transprotation time between factories/warehouses and demand points: 
(Where rows denote factories: 1 to 5 ,and columns denote demand points: 1 to 100.)
95	41	69	143	86	45	35	133	55	120	147	42	137	133	49	139	126	35	143	54	57	38	99	48	98	124	138	45	134	100	42	137	102	86	57	57	77	46	100	127	102	135	52	59	137	83	102	88	131	122	74	66	129	54	35	126	93	116	112	50	30	43	106	37	52	130	79	39	79	133	115	59	115	34	56	33	88	112	64	75	145	148	97	83	133	51	119	51	148	87	82	65	54	113	33	144	112	53	113	47
146	38	53	41	37	135	140	64	54	138	141	105	101	130	67	34	113	148	43	50	35	51	99	139	112	70	107	73	47	105	61	135	88	57	127	139	55	103	105	33	60	107	140	109	74	55	119	129	81	64	76	125	67	41	112	122	127	137	46	52	112	67	124	74	63	90	105	65	67	62	114	83	99	39	123	145	45	79	106	30	40	58	132	128	120	84	72	106	149	51	133	42	143	100	98	122	45	118	136	119
52	106	45	111	139	81	94	148	122	59	87	53	86	42	66	103	110	138	56	125	34	139	129	90	33	45	114	130	80	131	66	127	137	123	102	96	138	43	71	43	103	44	58	51	93	85	85	124	33	44	107	78	93	146	71	37	134	141	34	124	58	52	83	121	42	113	134	64	134	133	74	104	58	73	129	131	149	53	124	100	36	53	121	130	119	101	74	113	35	48	79	95	97	75	51	76	135	106	55	123
140	131	146	111	62	97	99	71	91	56	128	58	89	41	128	100	61	61	122	46	80	77	130	55	79	135	98	59	97	88	33	66	116	118	139	50	95	122	60	64	72	93	139	31	55	132	62	76	63	52	31	84	130	123	131	142	130	124	78	101	86	58	33	118	113	148	137	62	83	87	106	56	121	63	96	96	78	96	92	60	69	63	64	138	73	105	128	75	81	118	137	135	117	98	125	61	61	69	88	128
122	96	98	145	85	71	42	31	77	32	59	138	59	119	91	115	126	59	71	144	64	132	53	149	77	90	140	60	112	140	71	61	149	65	119	40	36	101	149	90	84	71	46	148	59	51	32	33	117	73	72	148	57	136	48	34	91	148	129	145	132	30	100	44	45	140	61	142	142	129	131	35	72	54	67	60	79	125	121	122	79	133	86	71	120	62	76	49	71	101	63	83	101	102	73	104	100	69	109	138

Tranfer time of each worker between two different demand points: 
(Where rows and columns both denote demands points: 1 to 100.)
0	78	36	75	42	78	59	47	49	58	40	32	73	79	46	30	42	34	36	37	50	53	37	46	33	79	50	51	60	44	48	69	72	71	32	50	57	80	79	65	73	77	57	46	66	66	56	48	47	44	59	41	55	58	73	69	63	35	42	60	74	77	74	67	48	56	68	57	77	44	69	57	40	53	53	32	56	32	55	58	48	79	42	69	39	52	54	42	70	45	37	49	61	71	78	37	65	58	61	58
78	0	62	77	68	42	72	51	60	67	35	40	51	69	42	74	74	64	53	73	78	34	56	33	45	54	72	72	74	46	45	37	76	54	72	38	80	77	69	43	37	61	39	45	34	33	45	76	31	79	35	72	77	80	31	63	36	57	59	59	51	55	71	55	42	80	60	59	48	64	58	31	41	68	56	75	69	42	76	59	58	31	33	31	43	30	38	55	68	59	45	37	48	39	43	42	50	56	80	51
36	62	0	46	72	44	49	73	52	41	45	41	30	53	69	44	43	67	64	53	30	40	46	49	48	45	69	62	45	72	42	74	43	42	68	65	80	46	33	54	55	48	68	42	55	80	49	71	78	41	74	79	78	69	73	52	60	49	30	53	52	41	39	35	32	38	71	51	54	39	32	48	79	48	39	75	79	73	80	58	36	79	33	68	51	34	31	56	63	42	39	61	76	74	70	30	33	67	63	46
75	77	46	0	38	68	36	51	37	31	44	67	66	78	74	73	65	69	78	80	33	57	32	39	79	48	49	76	47	75	62	31	74	73	58	50	48	35	38	75	30	31	59	38	45	40	78	36	39	80	34	32	45	79	77	59	37	30	69	75	40	46	31	71	69	76	41	49	73	59	49	42	69	58	50	51	75	53	58	71	72	39	63	37	44	77	71	77	63	30	46	31	49	32	61	61	37	54	47	48
42	68	72	38	0	40	57	34	49	75	37	68	75	73	54	63	41	80	37	54	71	31	48	63	72	62	40	61	40	45	69	44	39	58	66	69	36	70	67	49	39	38	38	79	37	30	71	51	61	45	60	39	74	38	37	74	39	35	45	46	48	41	34	35	35	72	76	50	46	60	77	67	63	31	64	41	41	60	47	74	45	47	66	42	63	52	33	58	54	30	31	55	62	67	37	67	61	38	57	80
78	42	44	68	40	0	67	62	60	42	41	50	62	48	78	53	78	67	41	34	49	55	67	43	44	42	74	44	77	76	47	59	44	62	49	77	47	61	64	74	65	72	46	45	65	37	35	61	57	51	51	50	57	66	49	66	39	60	73	52	71	42	33	58	33	38	74	68	36	55	70	58	36	76	64	47	53	78	56	64	80	73	53	51	78	35	37	67	63	40	33	54	40	57	79	37	57	80	79	33
59	72	49	36	57	67	0	33	56	71	68	77	31	46	68	47	42	38	41	76	44	41	77	36	34	31	76	46	70	59	42	46	53	65	73	71	42	52	34	52	39	41	40	63	40	65	34	40	75	49	45	38	41	53	72	34	57	56	49	40	50	64	39	32	71	50	30	41	41	45	63	54	78	72	47	34	79	47	53	53	34	58	68	77	60	73	44	69	53	40	76	43	50	39	45	52	66	68	35	61
47	51	73	51	34	62	33	0	52	46	53	38	54	40	55	71	47	69	75	42	56	74	37	47	30	52	54	40	75	54	76	42	70	31	31	73	69	74	70	73	43	47	66	71	67	39	59	43	72	78	31	51	56	64	46	47	33	78	43	34	51	41	57	80	36	56	39	52	65	71	43	41	67	45	57	64	47	41	32	72	46	38	48	58	36	65	68	74	49	39	30	55	80	60	67	62	69	64	76	47
49	60	52	37	49	60	56	52	0	53	43	68	37	79	62	72	59	62	63	32	75	48	62	52	46	79	30	62	61	72	43	49	71	53	53	62	75	65	58	52	57	57	48	56	46	77	32	66	38	73	67	68	34	76	56	55	37	39	77	30	71	45	69	56	58	40	45	70	71	62	80	39	40	48	38	62	48	35	59	68	62	65	35	50	49	55	51	56	69	40	58	74	42	56	35	31	66	69	37	37
58	67	41	31	75	42	71	46	53	0	34	64	37	77	68	65	76	48	70	64	51	65	53	37	51	46	72	59	30	39	41	67	38	69	71	42	30	73	78	55	80	62	59	52	34	48	43	56	72	51	31	61	74	49	51	69	54	33	32	50	40	40	69	50	54	69	47	33	41	70	65	41	68	59	76	76	63	55	30	71	80	40	57	56	49	56	62	46	80	67	59	67	58	64	63	36	45	80	52	71
40	35	45	44	37	41	68	53	43	34	0	71	51	66	34	54	43	49	73	31	68	45	53	63	53	30	38	48	34	49	80	43	41	79	36	33	35	67	62	59	40	56	44	52	40	30	65	58	58	49	62	67	74	56	58	64	33	36	31	68	70	80	38	76	74	54	77	48	41	36	57	76	77	63	70	57	55	56	65	39	64	52	57	34	34	61	48	68	41	44	52	70	70	78	33	47	67	55	38	59
32	40	41	67	68	50	77	38	68	64	71	0	75	75	78	46	50	69	44	48	36	74	42	59	50	49	31	56	69	61	74	40	77	44	58	42	34	34	54	59	58	67	59	57	71	64	36	73	64	50	68	33	76	75	53	37	38	50	73	45	39	62	45	51	52	72	77	71	56	70	73	52	44	40	59	77	30	35	49	57	80	36	56	42	61	53	54	31	45	34	36	52	32	60	56	47	49	70	47	52
73	51	30	66	75	62	31	54	37	37	51	75	0	49	62	79	65	39	64	59	32	77	71	55	63	64	54	66	40	50	70	31	66	62	64	53	78	34	38	33	39	62	77	38	50	68	76	46	40	52	50	50	68	32	46	61	60	69	62	50	58	67	58	47	44	60	64	32	54	51	67	59	37	51	73	48	32	76	76	43	50	42	49	53	32	74	75	59	80	77	33	70	30	52	63	66	32	49	44	41
79	69	53	78	73	48	46	40	79	77	66	75	49	0	70	67	69	77	72	47	75	44	30	65	40	36	68	46	55	61	55	43	40	56	78	49	67	80	61	64	40	37	66	33	32	51	78	45	67	78	60	32	70	73	59	68	48	50	76	75	61	52	35	51	52	40	70	76	58	65	66	44	40	49	75	38	65	31	75	45	49	57	64	62	64	39	34	78	57	57	69	38	44	37	70	63	60	70	48	75
46	42	69	74	54	78	68	55	62	68	34	78	62	70	0	46	51	38	62	54	76	46	56	53	33	41	43	49	58	38	77	75	67	31	67	38	71	59	63	45	74	51	69	50	54	69	60	38	73	31	71	70	33	67	50	58	47	54	30	44	40	55	77	53	79	66	64	31	61	52	77	50	71	53	77	46	33	50	43	39	48	42	77	36	59	32	80	41	48	59	64	79	50	34	74	31	52	50	55	55
30	74	44	73	63	53	47	71	72	65	54	46	79	67	46	0	77	71	60	40	80	56	72	72	32	63	45	58	44	41	67	39	31	80	62	42	53	77	61	72	39	59	74	79	78	64	44	78	44	63	47	71	72	37	55	72	36	65	78	60	33	73	71	59	54	80	56	44	42	49	79	72	61	57	53	65	63	65	80	60	65	48	58	38	53	39	53	41	68	41	51	58	45	35	75	56	48	73	70	62
42	74	43	65	41	78	42	47	59	76	43	50	65	69	51	77	0	75	63	35	59	43	45	39	41	32	79	35	73	48	46	44	62	56	31	78	76	67	33	40	47	47	66	66	58	78	76	71	65	50	39	68	61	56	46	52	41	30	77	70	71	56	45	78	36	74	58	66	76	74	45	56	55	61	53	55	50	62	78	30	41	40	48	42	35	66	51	49	52	46	47	58	38	52	47	48	35	48	71	58
34	64	67	69	80	67	38	69	62	48	49	69	39	77	38	71	75	0	52	43	48	40	80	49	52	44	32	76	41	78	51	74	62	72	70	40	61	48	64	32	76	49	55	76	45	60	32	55	71	79	38	65	45	61	46	32	73	32	60	52	66	48	65	65	61	30	53	43	65	58	75	45	79	57	39	40	63	69	75	74	72	43	79	39	70	32	78	59	65	80	79	36	33	66	78	36	31	74	47	40
36	53	64	78	37	41	41	75	63	70	73	44	64	72	62	60	63	52	0	76	31	47	76	33	62	48	71	31	56	62	40	74	55	53	76	72	43	43	72	30	40	64	60	48	31	72	58	36	56	56	34	68	33	75	72	37	41	62	74	43	48	35	52	80	41	33	78	69	31	31	50	76	42	37	59	57	77	80	79	58	32	39	41	35	39	54	61	72	52	57	70	74	35	61	58	41	74	71	54	73
37	73	53	80	54	34	76	42	32	64	31	48	59	47	54	40	35	43	76	0	70	44	31	30	71	52	46	57	75	50	52	32	80	58	36	37	42	72	66	60	74	79	70	61	47	47	70	41	54	42	58	51	52	64	42	36	34	42	66	50	34	37	72	35	61	56	77	50	47	46	40	52	30	48	67	57	43	66	53	36	65	35	30	46	56	61	74	34	72	47	67	31	56	47	68	31	44	56	31	64
50	78	30	33	71	49	44	56	75	51	68	36	32	75	76	80	59	48	31	70	0	74	47	59	61	56	77	74	68	33	39	78	52	33	35	41	65	56	52	59	38	55	31	59	41	48	43	54	74	45	59	51	45	42	43	74	56	61	80	64	44	55	55	73	56	40	54	44	66	55	76	51	61	59	37	78	76	47	37	45	32	36	56	62	75	56	56	56	63	75	30	65	46	40	57	42	30	56	73	77
53	34	40	57	31	55	41	74	48	65	45	74	77	44	46	56	43	40	47	44	74	0	64	69	60	43	68	77	44	72	37	35	38	38	35	34	54	60	39	62	60	58	47	68	40	33	66	77	72	68	35	65	47	78	33	49	48	36	66	59	73	42	53	44	56	47	37	79	77	72	44	76	44	78	36	43	66	78	41	70	41	74	64	72	65	72	42	34	74	33	60	71	54	37	40	55	64	30	60	50
37	56	46	32	48	67	77	37	62	53	53	42	71	30	56	72	45	80	76	31	47	64	0	40	67	72	30	62	55	64	75	74	74	42	39	57	71	43	53	38	69	46	37	48	68	47	59	30	68	58	42	55	72	69	68	38	40	31	41	67	75	55	42	49	32	71	44	76	77	64	64	53	64	52	79	41	71	69	77	80	32	30	48	68	38	49	44	61	41	48	38	78	66	33	54	38	70	38	43	71
46	33	49	39	63	43	36	47	52	37	63	59	55	65	53	72	39	49	33	30	59	69	40	0	69	74	36	54	58	49	64	80	41	66	44	39	41	59	69	63	53	70	72	54	44	55	72	35	71	66	56	50	33	50	59	33	53	42	37	64	59	74	72	39	50	66	71	44	40	49	40	57	79	30	67	32	70	56	31	75	67	32	52	34	32	50	44	52	59	76	56	61	73	60	72	44	64	74	72	71
33	45	48	79	72	44	34	30	46	51	53	50	63	40	33	32	41	52	62	71	61	60	67	69	0	57	54	54	77	75	71	61	35	35	42	45	68	38	46	79	66	52	61	52	48	72	34	30	61	60	75	60	65	51	40	77	53	58	32	30	54	32	42	43	61	37	52	69	79	55	61	66	60	64	45	44	30	78	59	34	76	40	73	50	51	79	74	64	47	38	57	76	37	31	39	80	46	51	60	34
79	54	45	48	62	42	31	52	79	46	30	49	64	36	41	63	32	44	48	52	56	43	72	74	57	0	52	63	80	59	30	63	63	43	78	72	34	52	77	62	67	34	57	79	62	32	40	56	43	78	34	39	45	33	61	75	58	70	63	36	44	57	52	64	54	78	71	76	60	54	66	48	61	66	47	42	69	66	44	42	36	61	80	73	31	80	66	40	45	47	50	51	60	60	39	72	48	42	70	75
50	72	69	49	40	74	76	54	30	72	38	31	54	68	43	45	79	32	71	46	77	68	30	36	54	52	0	48	42	77	52	45	76	74	45	47	47	33	70	62	77	75	46	68	40	56	46	38	71	75	39	37	70	34	40	69	37	73	36	55	52	58	37	35	31	76	34	41	35	73	72	33	54	62	36	51	55	46	76	60	43	50	57	67	62	46	50	33	73	33	42	32	35	46	39	42	63	34	57	47
51	72	62	76	61	44	46	40	62	59	48	56	66	46	49	58	35	76	31	57	74	77	62	54	54	63	48	0	74	58	50	44	77	61	70	51	71	37	51	70	56	75	76	65	78	60	40	50	53	52	80	78	51	77	75	68	66	43	64	69	69	56	59	57	53	52	77	77	56	56	42	38	43	39	78	61	50	54	72	39	43	44	70	56	37	61	77	55	66	74	60	68	31	38	73	63	67	72	71	31
60	74	45	47	40	77	70	75	61	30	34	69	40	55	58	44	73	41	56	75	68	44	55	58	77	80	42	74	0	56	70	43	77	52	70	77	31	53	80	38	74	44	48	69	34	35	36	77	42	44	62	48	42	36	77	77	54	65	46	35	48	37	65	42	64	80	42	42	42	75	31	74	45	73	60	59	49	73	63	36	72	68	65	54	44	32	78	71	51	69	65	67	73	73	58	63	47	47	72	74
44	46	72	75	45	76	59	54	72	39	49	61	50	61	38	41	48	78	62	50	33	72	64	49	75	59	77	58	56	0	57	63	38	40	55	36	61	46	53	43	63	33	59	77	66	33	53	80	71	55	30	80	47	54	60	68	62	30	72	38	64	37	78	64	52	34	52	62	65	36	76	76	74	64	38	31	79	53	57	51	74	48	45	56	40	71	41	35	71	65	54	71	40	37	35	32	39	54	49	75
48	45	42	62	69	47	42	76	43	41	80	74	70	55	77	67	46	51	40	52	39	37	75	64	71	30	52	50	70	57	0	70	58	64	34	62	66	50	75	65	40	74	31	49	30	61	54	55	66	74	70	42	57	52	45	50	33	34	45	58	39	75	33	72	68	57	52	63	49	59	68	69	70	47	61	38	79	75	73	49	55	60	35	46	32	42	46	67	40	43	43	36	48	37	56	45	52	65	69	50
69	37	74	31	44	59	46	42	49	67	43	40	31	43	75	39	44	74	74	32	78	35	74	80	61	63	45	44	43	63	70	0	51	39	80	59	56	41	38	54	36	71	70	63	40	52	67	40	76	34	68	37	52	70	36	47	74	53	59	35	67	47	52	30	71	37	77	47	79	34	37	67	47	50	66	31	49	75	39	39	79	33	76	78	69	30	77	80	66	59	36	32	60	71	34	33	55	55	70	39
72	76	43	74	39	44	53	70	71	38	41	77	66	40	67	31	62	62	55	80	52	38	74	41	35	63	76	77	77	38	58	51	0	38	69	44	70	30	80	35	42	64	45	49	50	70	53	57	41	57	60	75	34	34	63	77	32	76	46	80	68	48	73	64	75	51	78	61	74	61	49	32	68	30	77	80	43	80	42	50	53	33	40	38	34	79	63	68	46	70	62	80	53	63	37	38	37	39	39	52
71	54	42	73	58	62	65	31	53	69	79	44	62	56	31	80	56	72	53	58	33	38	42	66	35	43	74	61	52	40	64	39	38	0	68	67	32	41	79	31	53	57	53	39	69	34	35	33	69	47	56	50	34	57	51	38	45	74	75	47	74	76	52	31	38	46	33	49	33	33	73	71	39	55	46	48	57	71	46	64	42	66	72	43	42	55	54	70	51	63	80	53	43	69	56	43	44	43	71	72
32	72	68	58	66	49	73	31	53	71	36	58	64	78	67	62	31	70	76	36	35	35	39	44	42	78	45	70	70	55	34	80	69	68	0	63	59	56	47	71	72	33	60	59	33	32	60	70	58	46	77	78	62	38	66	36	35	77	47	58	45	78	52	56	61	46	30	72	51	55	79	54	64	48	72	65	68	58	42	53	68	73	32	70	36	38	38	61	56	44	50	48	80	39	33	55	59	52	57	53
50	38	65	50	69	77	71	73	62	42	33	42	53	49	38	42	78	40	72	37	41	34	57	39	45	72	47	51	77	36	62	59	44	67	63	0	33	53	71	66	36	34	80	50	49	33	50	73	60	67	68	38	71	74	57	58	44	76	71	50	62	64	76	33	40	77	65	64	49	53	68	62	63	32	70	45	75	71	30	30	43	59	37	30	56	72	41	62	68	71	55	54	77	74	50	51	54	63	62	73
57	80	80	48	36	47	42	69	75	30	35	34	78	67	71	53	76	61	43	42	65	54	71	41	68	34	47	71	31	61	66	56	70	32	59	33	0	72	53	70	40	61	33	68	30	40	58	59	45	57	79	43	55	44	39	44	36	64	76	55	76	33	45	33	41	77	57	54	58	54	42	56	33	49	30	56	59	47	58	43	46	56	37	49	74	38	52	36	36	61	75	63	57	54	64	44	54	38	40	55
80	77	46	35	70	61	52	74	65	73	67	34	34	80	59	77	67	48	43	72	56	60	43	59	38	52	33	37	53	46	50	41	30	41	56	53	72	0	66	48	52	65	33	68	31	60	32	76	38	78	31	71	72	44	53	58	45	69	66	43	60	59	34	56	38	53	32	52	55	43	55	77	56	67	54	75	52	62	46	56	65	71	70	46	72	64	67	59	62	48	58	74	32	35	42	39	68	35	61	64
79	69	33	38	67	64	34	70	58	78	62	54	38	61	63	61	33	64	72	66	52	39	53	69	46	77	70	51	80	53	75	38	80	79	47	71	53	66	0	74	76	75	62	67	65	63	59	43	38	38	51	57	78	45	41	72	46	59	48	33	34	76	58	78	30	54	79	64	31	63	49	50	74	47	36	62	75	52	37	71	57	52	70	32	33	39	32	49	63	45	43	33	74	46	46	42	57	43	41	44
65	43	54	75	49	74	52	73	52	55	59	59	33	64	45	72	40	32	30	60	59	62	38	63	79	62	62	70	38	43	65	54	35	31	71	66	70	48	74	0	73	59	68	47	56	78	67	42	70	51	76	38	44	37	37	75	79	77	49	32	70	49	53	56	66	54	48	69	63	36	57	52	69	38	30	44	71	72	42	40	75	77	48	40	67	32	45	62	62	59	54	74	42	39	65	65	40	34	68	53
73	37	55	30	39	65	39	43	57	80	40	58	39	40	74	39	47	76	40	74	38	60	69	53	66	67	77	56	74	63	40	36	42	53	72	36	40	52	76	73	0	61	71	46	43	71	77	71	80	41	73	76	80	44	66	78	74	69	68	73	31	43	67	47	52	34	53	69	34	67	41	48	66	72	47	33	66	78	77	67	67	75	40	37	62	48	35	70	80	38	60	59	62	59	66	33	65	70	57	30
77	61	48	31	38	72	41	47	57	62	56	67	62	37	51	59	47	49	64	79	55	58	46	70	52	34	75	75	44	33	74	71	64	57	33	34	61	65	75	59	61	0	42	42	57	74	47	61	32	69	38	68	56	58	54	45	41	32	74	51	38	60	58	49	68	58	71	73	79	57	71	59	54	46	74	38	50	62	70	47	72	58	69	56	62	51	36	52	53	77	40	66	62	52	53	30	74	34	69	65
57	39	68	59	38	46	40	66	48	59	44	59	77	66	69	74	66	55	60	70	31	47	37	72	61	57	46	76	48	59	31	70	45	53	60	80	33	33	62	68	71	42	0	67	74	43	41	53	66	32	40	34	39	73	31	63	72	48	60	73	35	50	65	32	41	31	48	42	41	34	65	35	74	65	70	77	63	62	30	60	47	47	73	36	33	54	42	69	36	68	64	34	66	56	68	42	30	78	44	64
46	45	42	38	79	45	63	71	56	52	52	57	38	33	50	79	66	76	48	61	59	68	48	54	52	79	68	65	69	77	49	63	49	39	59	50	68	68	67	47	46	42	67	0	77	68	45	47	36	55	46	48	63	68	41	51	40	68	77	50	34	71	47	56	34	41	34	59	67	35	54	48	44	46	70	57	40	74	54	79	78	33	45	71	61	68	41	61	54	66	66	41	30	50	43	38	30	34	40	32
66	34	55	45	37	65	40	67	46	34	40	71	50	32	54	78	58	45	31	47	41	40	68	44	48	62	40	78	34	66	30	40	50	69	33	49	30	31	65	56	43	57	74	77	0	64	70	80	70	76	32	78	58	34	79	38	33	31	60	61	47	60	41	49	47	47	50	38	36	58	61	36	57	46	70	52	68	50	57	37	50	56	35	37	54	35	77	55	51	35	79	65	55	56	49	60	55	66	53	59
66	33	80	40	30	37	65	39	77	48	30	64	68	51	69	64	78	60	72	47	48	33	47	55	72	32	56	60	35	33	61	52	70	34	32	33	40	60	63	78	71	74	43	68	64	0	46	63	47	73	42	45	57	65	36	80	44	48	47	43	40	70	40	60	62	75	48	62	60	30	71	49	78	51	48	54	48	75	64	71	73	34	38	48	62	56	52	30	70	72	39	44	78	60	58	50	67	50	76	46
56	45	49	78	71	35	34	59	32	43	65	36	76	78	60	44	76	32	58	70	43	66	59	72	34	40	46	40	36	53	54	67	53	35	60	50	58	32	59	67	77	47	41	45	70	46	0	47	33	72	58	74	68	61	68	52	49	34	51	54	62	63	33	51	42	66	56	38	37	42	34	49	55	55	35	35	78	46	56	74	33	60	37	78	51	55	30	70	36	50	56	41	58	79	75	64	45	63	33	32
48	76	71	36	51	61	40	43	66	56	58	73	46	45	38	78	71	55	36	41	54	77	30	35	30	56	38	50	77	80	55	40	57	33	70	73	59	76	43	42	71	61	53	47	80	63	47	0	63	73	30	31	46	36	79	78	51	68	80	49	42	62	68	78	67	74	54	35	45	80	64	56	79	37	46	68	51	75	74	52	44	77	48	34	69	69	52	61	43	69	47	55	55	37	67	40	38	51	47	44
47	31	78	39	61	57	75	72	38	72	58	64	40	67	73	44	65	71	56	54	74	72	68	71	61	43	71	53	42	71	66	76	41	69	58	60	45	38	38	70	80	32	66	36	70	47	33	63	0	55	76	80	64	67	62	34	65	48	35	62	71	54	48	67	65	37	32	74	71	72	70	50	79	58	40	40	43	75	78	60	43	43	44	39	69	63	80	64	35	37	41	63	35	65	71	60	37	61	34	74
44	79	41	80	45	51	49	78	73	51	49	50	52	78	31	63	50	79	56	42	45	68	58	66	60	78	75	52	44	55	74	34	57	47	46	67	57	78	38	51	41	69	32	55	76	73	72	73	55	0	51	65	72	79	70	67	40	69	62	65	47	57	73	48	66	80	47	51	67	39	74	75	32	71	42	30	35	42	78	66	74	48	51	58	62	43	70	56	51	74	80	65	80	67	70	80	39	61	63	72
59	35	74	34	60	51	45	31	67	31	62	68	50	60	71	47	39	38	34	58	59	35	42	56	75	34	39	80	62	30	70	68	60	56	77	68	79	31	51	76	73	38	40	46	32	42	58	30	76	51	0	68	54	80	54	79	68	80	48	71	53	57	33	48	73	69	69	78	65	79	30	45	64	39	69	59	35	38	74	37	38	31	76	43	49	64	59	43	31	72	45	33	78	51	61	47	74	58	46	41
41	72	79	32	39	50	38	51	68	61	67	33	50	32	70	71	68	65	68	51	51	65	55	50	60	39	37	78	48	80	42	37	75	50	78	38	43	71	57	38	76	68	34	48	78	45	74	31	80	65	68	0	73	53	49	36	72	34	79	53	32	34	61	79	57	65	32	46	76	50	71	55	33	74	41	44	44	77	65	54	80	42	58	80	72	68	75	63	38	45	42	76	80	38	67	37	47	57	51	78
55	77	78	45	74	57	41	56	34	74	74	76	68	70	33	72	61	45	33	52	45	47	72	33	65	45	70	51	42	47	57	52	34	34	62	71	55	72	78	44	80	56	39	63	58	57	68	46	64	72	54	73	0	76	35	63	42	35	68	34	48	46	79	75	50	66	52	58	38	50	47	41	46	44	76	70	72	45	32	37	40	35	36	50	33	70	44	34	75	67	43	47	35	46	69	63	31	76	56	59
58	80	69	79	38	66	53	64	76	49	56	75	32	73	67	37	56	61	75	64	42	78	69	50	51	33	34	77	36	54	52	70	34	57	38	74	44	44	45	37	44	58	73	68	34	65	61	36	67	79	80	53	76	0	59	35	35	43	35	34	57	69	65	70	59	50	35	59	31	70	59	71	44	68	50	37	46	55	54	44	74	52	64	63	54	76	51	55	78	33	78	37	40	67	53	74	60	42	33	47
73	31	73	77	37	49	72	46	56	51	58	53	46	59	50	55	46	46	72	42	43	33	68	59	40	61	40	75	77	60	45	36	63	51	66	57	39	53	41	37	66	54	31	41	79	36	68	79	62	70	54	49	35	59	0	66	35	43	55	54	71	61	75	31	63	60	65	71	34	42	60	73	48	37	33	67	40	32	65	65	45	76	73	36	32	64	63	59	35	61	41	67	47	62	72	30	45	45	44	74
69	63	52	59	74	66	34	47	55	69	64	37	61	68	58	72	52	32	37	36	74	49	38	33	77	75	69	68	77	68	50	47	77	38	36	58	44	58	72	75	78	45	63	51	38	80	52	78	34	67	79	36	63	35	66	0	79	66	46	46	56	35	75	33	75	31	43	68	69	70	80	65	47	35	79	32	69	48	40	67	77	69	55	57	59	51	57	73	74	72	76	53	80	70	30	53	47	71	57	69
63	36	60	37	39	39	57	33	37	54	33	38	60	48	47	36	41	73	41	34	56	48	40	53	53	58	37	66	54	62	33	74	32	45	35	44	36	45	46	79	74	41	72	40	33	44	49	51	65	40	68	72	42	35	35	79	0	47	67	61	41	56	75	72	50	75	57	59	42	51	31	43	32	32	58	73	79	58	70	37	40	57	38	39	46	58	48	41	76	68	52	80	61	56	53	47	64	73	30	49
35	57	49	30	35	60	56	78	39	33	36	50	69	50	54	65	30	32	62	42	61	36	31	42	58	70	73	43	65	30	34	53	76	74	77	76	64	69	59	77	69	32	48	68	31	48	34	68	48	69	80	34	35	43	43	66	47	0	59	69	37	38	70	42	39	59	80	60	38	65	67	58	42	34	80	66	47	65	53	71	56	77	80	56	46	32	78	77	62	35	76	79	38	72	63	40	56	76	43	46
42	59	30	69	45	73	49	43	77	32	31	73	62	76	30	78	77	60	74	66	80	66	41	37	32	63	36	64	46	72	45	59	46	75	47	71	76	66	48	49	68	74	60	77	60	47	51	80	35	62	48	79	68	35	55	46	67	59	0	66	62	50	37	36	33	66	54	41	79	71	50	69	44	45	41	79	72	44	70	64	59	31	32	75	54	41	54	33	67	68	75	78	47	63	62	62	35	51	57	57
60	59	53	75	46	52	40	34	30	50	68	45	50	75	44	60	70	52	43	50	64	59	67	64	30	36	55	69	35	38	58	35	80	47	58	50	55	43	33	32	73	51	73	50	61	43	54	49	62	65	71	53	34	34	54	46	61	69	66	0	67	31	55	40	50	57	54	30	67	71	74	68	45	57	57	41	76	58	57	47	69	47	31	58	35	69	54	49	67	33	76	58	43	37	73	31	39	45	36	72
74	51	52	40	48	71	50	51	71	40	70	39	58	61	40	33	71	66	48	34	44	73	75	59	54	44	52	69	48	64	39	67	68	74	45	62	76	60	34	70	31	38	35	34	47	40	62	42	71	47	53	32	48	57	71	56	41	37	62	67	0	32	47	53	73	46	33	65	62	44	56	33	75	51	32	55	57	73	63	53	45	78	52	79	61	60	39	43	54	60	70	32	56	70	65	63	52	73	52	45
77	55	41	46	41	42	64	41	45	40	80	62	67	52	55	73	56	48	35	37	55	42	55	74	32	57	58	56	37	37	75	47	48	76	78	64	33	59	76	49	43	60	50	71	60	70	63	62	54	57	57	34	46	69	61	35	56	38	50	31	32	0	50	69	39	39	50	57	42	71	57	53	64	39	40	33	67	46	48	58	47	46	59	69	80	35	45	58	79	42	61	67	52	75	46	50	58	54	37	66
74	71	39	31	34	33	39	57	69	69	38	45	58	35	77	71	45	65	52	72	55	53	42	72	42	52	37	59	65	78	33	52	73	52	52	76	45	34	58	53	67	58	65	47	41	40	33	68	48	73	33	61	79	65	75	75	75	70	37	55	47	50	0	59	69	60	34	39	36	63	30	79	42	50	58	46	78	36	52	74	52	34	48	54	70	62	51	30	38	72	77	40	72	53	70	58	58	58	65	52
67	55	35	71	35	58	32	80	56	50	76	51	47	51	53	59	78	65	80	35	73	44	49	39	43	64	35	57	42	64	72	30	64	31	56	33	33	56	78	56	47	49	32	56	49	60	51	78	67	48	48	79	75	70	31	33	72	42	36	40	53	69	59	0	78	35	76	49	65	45	63	71	73	31	55	37	76	71	43	80	38	39	53	46	69	55	58	64	73	44	58	74	55	61	69	52	80	46	76	71
48	42	32	69	35	33	71	36	58	54	74	52	44	52	79	54	36	61	41	61	56	56	32	50	61	54	31	53	64	52	68	71	75	38	61	40	41	38	30	66	52	68	41	34	47	62	42	67	65	66	73	57	50	59	63	75	50	39	33	50	73	39	69	78	0	80	46	65	47	54	49	61	80	77	55	75	69	39	48	53	78	55	47	41	73	48	66	60	76	41	69	40	31	32	69	31	30	51	37	63
56	80	38	76	72	38	50	56	40	69	54	72	60	40	66	80	74	30	33	56	40	47	71	66	37	78	76	52	80	34	57	37	51	46	46	77	77	53	54	54	34	58	31	41	47	75	66	74	37	80	69	65	66	50	60	31	75	59	66	57	46	39	60	35	80	0	44	59	33	34	69	36	75	30	80	43	49	52	66	43	54	56	72	62	67	61	63	41	40	51	56	57	76	60	78	57	36	37	80	60
68	60	71	41	76	74	30	39	45	47	77	77	64	70	64	56	58	53	78	77	54	37	44	71	52	71	34	77	42	52	52	77	78	33	30	65	57	32	79	48	53	71	48	34	50	48	56	54	32	47	69	32	52	35	65	43	57	80	54	54	33	50	34	76	46	44	0	44	68	58	79	49	52	35	69	60	59	62	61	66	55	38	56	50	39	63	42	68	45	78	46	76	64	43	40	33	34	73	79	79
57	59	51	49	50	68	41	52	70	33	48	71	32	76	31	44	66	43	69	50	44	79	76	44	69	76	41	77	42	62	63	47	61	49	72	64	54	52	64	69	69	73	42	59	38	62	38	35	74	51	78	46	58	59	71	68	59	60	41	30	65	57	39	49	65	59	44	0	43	30	69	66	49	71	36	52	43	44	45	65	43	32	51	52	39	72	66	51	78	48	76	68	60	72	33	77	60	76	33	41
77	48	54	73	46	36	41	65	71	41	41	56	54	58	61	42	76	65	31	47	66	77	77	40	79	60	35	56	42	65	49	79	74	33	51	49	58	55	31	63	34	79	41	67	36	60	37	45	71	67	65	76	38	31	34	69	42	38	79	67	62	42	36	65	47	33	68	43	0	57	74	43	51	48	56	59	40	30	43	55	52	32	33	32	69	57	52	41	37	60	74	56	39	35	56	59	60	72	77	34
44	64	39	59	60	55	45	71	62	70	36	70	51	65	52	49	74	58	31	46	55	72	64	49	55	54	73	56	75	36	59	34	61	33	55	53	54	43	63	36	67	57	34	35	58	30	42	80	72	39	79	50	50	70	42	70	51	65	71	71	44	71	63	45	54	34	58	30	57	0	61	72	56	46	76	64	36	75	52	63	35	36	38	34	59	74	80	31	67	45	51	77	75	35	58	58	33	39	79	33
69	58	32	49	77	70	63	43	80	65	57	73	67	66	77	79	45	75	50	40	76	44	64	40	61	66	72	42	31	76	68	37	49	73	79	68	42	55	49	57	41	71	65	54	61	71	34	64	70	74	30	71	47	59	60	80	31	67	50	74	56	57	30	63	49	69	79	69	74	61	0	78	69	43	73	53	46	45	30	31	54	59	74	60	60	39	68	48	34	38	56	45	51	44	37	50	71	77	50	31
57	31	48	42	67	58	54	41	39	41	76	52	59	44	50	72	56	45	76	52	51	76	53	57	66	48	33	38	74	76	69	67	32	71	54	62	56	77	50	52	48	59	35	48	36	49	49	56	50	75	45	55	41	71	73	65	43	58	69	68	33	53	79	71	61	36	49	66	43	72	78	0	30	33	60	31	31	80	78	52	34	56	30	32	55	33	54	45	62	43	48	79	56	48	30	75	72	59	66	80
40	41	79	69	63	36	78	67	40	68	77	44	37	40	71	61	55	79	42	30	61	44	64	79	60	61	54	43	45	74	70	47	68	39	64	63	33	56	74	69	66	54	74	44	57	78	55	79	79	32	64	33	46	44	48	47	32	42	44	45	75	64	42	73	80	75	52	49	51	56	69	30	0	69	40	57	49	77	62	35	46	32	79	53	79	31	48	55	53	58	51	64	79	79	61	51	56	31	69	54
53	68	48	58	31	76	72	45	48	59	63	40	51	49	53	57	61	57	37	48	59	78	52	30	64	66	62	39	73	64	47	50	30	55	48	32	49	67	47	38	72	46	65	46	46	51	55	37	58	71	39	74	44	68	37	35	32	34	45	57	51	39	50	31	77	30	35	71	48	46	43	33	69	0	64	73	51	75	68	68	30	67	33	74	44	45	64	30	39	79	42	42	80	69	31	71	48	75	80	43
53	56	39	50	64	64	47	57	38	76	70	59	73	75	77	53	53	39	59	67	37	36	79	67	45	47	36	78	60	38	61	66	77	46	72	70	30	54	36	30	47	74	70	70	70	48	35	46	40	42	69	41	76	50	33	79	58	80	41	57	32	40	58	55	55	80	69	36	56	76	73	60	40	64	0	42	40	74	39	69	73	62	53	51	65	57	43	46	41	65	54	67	66	57	69	70	59	53	33	65
32	75	75	51	41	47	34	64	62	76	57	77	48	38	46	65	55	40	57	57	78	43	41	32	44	42	51	61	59	31	38	31	80	48	65	45	56	75	62	44	33	38	77	57	52	54	35	68	40	30	59	44	70	37	67	32	73	66	79	41	55	33	46	37	75	43	60	52	59	64	53	31	57	73	42	0	57	31	31	56	33	78	68	50	66	38	46	67	33	59	65	30	34	34	53	30	59	58	51	33
56	69	79	75	41	53	79	47	48	63	55	30	32	65	33	63	50	63	77	43	76	66	71	70	30	69	55	50	49	79	79	49	43	57	68	75	59	52	75	71	66	50	63	40	68	48	78	51	43	35	35	44	72	46	40	69	79	47	72	76	57	67	78	76	69	49	59	43	40	36	46	31	49	51	40	57	0	49	41	60	43	30	30	79	72	44	57	36	62	61	74	53	30	48	54	56	31	53	37	35
32	42	73	53	60	78	47	41	35	55	56	35	76	31	50	65	62	69	80	66	47	78	69	56	78	66	46	54	73	53	75	75	80	71	58	71	47	62	52	72	78	62	62	74	50	75	46	75	75	42	38	77	45	55	32	48	58	65	44	58	73	46	36	71	39	52	62	44	30	75	45	80	77	75	74	31	49	0	53	75	61	58	32	80	44	54	71	54	44	44	57	53	31	69	67	66	48	75	64	73
55	76	80	58	47	56	53	32	59	30	65	49	76	75	43	80	78	75	79	53	37	41	77	31	59	44	76	72	63	57	73	39	42	46	42	30	58	46	37	42	77	70	30	54	57	64	56	74	78	78	74	65	32	54	65	40	70	53	70	57	63	48	52	43	48	66	61	45	43	52	30	78	62	68	39	31	41	53	0	47	35	36	34	68	72	52	53	56	63	76	74	68	60	44	46	69	70	70	53	37
58	59	58	71	74	64	53	72	68	71	39	57	43	45	39	60	30	74	58	36	45	70	80	75	34	42	60	39	36	51	49	39	50	64	53	30	43	56	71	40	67	47	60	79	37	71	74	52	60	66	37	54	37	44	65	67	37	71	64	47	53	58	74	80	53	43	66	65	55	63	31	52	35	68	69	56	60	75	47	0	42	50	55	68	61	32	58	42	32	31	60	36	56	71	76	71	53	61	77	48
48	58	36	72	45	80	34	46	62	80	64	80	50	49	48	65	41	72	32	65	32	41	32	67	76	36	43	43	72	74	55	79	53	42	68	43	46	65	57	75	67	72	47	78	50	73	33	44	43	74	38	80	40	74	45	77	40	56	59	69	45	47	52	38	78	54	55	43	52	35	54	34	46	30	73	33	43	61	35	42	0	52	42	54	74	31	44	44	62	45	70	79	41	53	31	79	78	75	68	59
79	31	79	39	47	73	58	38	65	40	52	36	42	57	42	48	40	43	39	35	36	74	30	32	40	61	50	44	68	48	60	33	33	66	73	59	56	71	52	77	75	58	47	33	56	34	60	77	43	48	31	42	35	52	76	69	57	77	31	47	78	46	34	39	55	56	38	32	32	36	59	56	32	67	62	78	30	58	36	50	52	0	36	56	30	80	80	44	36	34	66	56	80	43	37	69	37	42	50	40
42	33	33	63	66	53	68	48	35	57	57	56	49	64	77	58	48	79	41	30	56	64	48	52	73	80	57	70	65	45	35	76	40	72	32	37	37	70	70	48	40	69	73	45	35	38	37	48	44	51	76	58	36	64	73	55	38	80	32	31	52	59	48	53	47	72	56	51	33	38	74	30	79	33	53	68	30	32	34	55	42	36	0	32	50	57	61	72	50	31	30	72	41	68	68	72	31	51	31	42
69	31	68	37	42	51	77	58	50	56	34	42	53	62	36	38	42	39	35	46	62	72	68	34	50	73	67	56	54	56	46	78	38	43	70	30	49	46	32	40	37	56	36	71	37	48	78	34	39	58	43	80	50	63	36	57	39	56	75	58	79	69	54	46	41	62	50	52	32	34	60	32	53	74	51	50	79	80	68	68	54	56	32	0	39	43	80	40	38	36	30	64	41	78	78	55	78	49	65	42
39	43	51	44	63	78	60	36	49	49	34	61	32	64	59	53	35	70	39	56	75	65	38	32	51	31	62	37	44	40	32	69	34	42	36	56	74	72	33	67	62	62	33	61	54	62	51	69	69	62	49	72	33	54	32	59	46	46	54	35	61	80	70	69	73	67	39	39	69	59	60	55	79	44	65	66	72	44	72	61	74	30	50	39	0	57	40	42	71	75	37	66	45	43	76	47	80	49	63	56
52	30	34	77	52	35	73	65	55	56	61	53	74	39	32	39	66	32	54	61	56	72	49	50	79	80	46	61	32	71	42	30	79	55	38	72	38	64	39	32	48	51	54	68	35	56	55	69	63	43	64	68	70	76	64	51	58	32	41	69	60	35	62	55	48	61	63	72	57	74	39	33	31	45	57	38	44	54	52	32	31	80	57	43	57	0	76	49	80	79	47	70	77	57	57	52	66	54	64	55
54	38	31	71	33	37	44	68	51	62	48	54	75	34	80	53	51	78	61	74	56	42	44	44	74	66	50	77	78	41	46	77	63	54	38	41	52	67	32	45	35	36	42	41	77	52	30	52	80	70	59	75	44	51	63	57	48	78	54	54	39	45	51	58	66	63	42	66	52	80	68	54	48	64	43	46	57	71	53	58	44	80	61	80	40	76	0	39	43	52	41	54	77	37	46	66	56	40	69	56
42	55	56	77	58	67	69	74	56	46	68	31	59	78	41	41	49	59	72	34	56	34	61	52	64	40	33	55	71	35	67	80	68	70	61	62	36	59	49	62	70	52	69	61	55	30	70	61	64	56	43	63	34	55	59	73	41	77	33	49	43	58	30	64	60	41	68	51	41	31	48	45	55	30	46	67	36	54	56	42	44	44	72	40	42	49	39	0	49	38	75	40	40	33	68	77	62	59	49	37
70	68	63	63	54	63	53	49	69	80	41	45	80	57	48	68	52	65	52	72	63	74	41	59	47	45	73	66	51	71	40	66	46	51	56	68	36	62	63	62	80	53	36	54	51	70	36	43	35	51	31	38	75	78	35	74	76	62	67	67	54	79	38	73	76	40	45	78	37	67	34	62	53	39	41	33	62	44	63	32	62	36	50	38	71	80	43	49	0	45	57	51	45	54	57	43	74	51	71	72
45	59	42	30	30	40	40	39	40	67	44	34	77	57	59	41	46	80	57	47	75	33	48	76	38	47	33	74	69	65	43	59	70	63	44	71	61	48	45	59	38	77	68	66	35	72	50	69	37	74	72	45	67	33	61	72	68	35	68	33	60	42	72	44	41	51	78	48	60	45	38	43	58	79	65	59	61	44	76	31	45	34	31	36	75	79	52	38	45	0	58	39	37	73	40	30	46	77	39	61
37	45	39	46	31	33	76	30	58	59	52	36	33	69	64	51	47	79	70	67	30	60	38	56	57	50	42	60	65	54	43	36	62	80	50	55	75	58	43	54	60	40	64	66	79	39	56	47	41	80	45	42	43	78	41	76	52	76	75	76	70	61	77	58	69	56	46	76	74	51	56	48	51	42	54	65	74	57	74	60	70	66	30	30	37	47	41	75	57	58	0	52	63	51	53	54	71	49	52	51
49	37	61	31	55	54	43	55	74	67	70	52	70	38	79	58	58	36	74	31	65	71	78	61	76	51	32	68	67	71	36	32	80	53	48	54	63	74	33	74	59	66	34	41	65	44	41	55	63	65	33	76	47	37	67	53	80	79	78	58	32	67	40	74	40	57	76	68	56	77	45	79	64	42	67	30	53	53	68	36	79	56	72	64	66	70	54	40	51	39	52	0	67	79	79	34	76	69	72	54
61	48	76	49	62	40	50	80	42	58	70	32	30	44	50	45	38	33	35	56	46	54	66	73	37	60	35	31	73	40	48	60	53	43	80	77	57	32	74	42	62	62	66	30	55	78	58	55	35	80	78	80	35	40	47	80	61	38	47	43	56	52	72	55	31	76	64	60	39	75	51	56	79	80	66	34	30	31	60	56	41	80	41	41	45	77	77	40	45	37	63	67	0	34	73	61	38	39	62	73
71	39	74	32	67	57	39	60	56	64	78	60	52	37	34	35	52	66	61	47	40	37	33	60	31	60	46	38	73	37	37	71	63	69	39	74	54	35	46	39	59	52	56	50	56	60	79	37	65	67	51	38	46	67	62	70	56	72	63	37	70	75	53	61	32	60	43	72	35	35	44	48	79	69	57	34	48	69	44	71	53	43	68	78	43	57	37	33	54	73	51	79	34	0	62	67	60	57	73	68
78	43	70	61	37	79	45	67	35	63	33	56	63	70	74	75	47	78	58	68	57	40	54	72	39	39	39	73	58	35	56	34	37	56	33	50	64	42	46	65	66	53	68	43	49	58	75	67	71	70	61	67	69	53	72	30	53	63	62	73	65	46	70	69	69	78	40	33	56	58	37	30	61	31	69	53	54	67	46	76	31	37	68	78	76	57	46	68	57	40	53	79	73	62	0	74	78	65	77	75
37	42	30	61	67	37	52	62	31	36	47	47	66	63	31	56	48	36	41	31	42	55	38	44	80	72	42	63	63	32	45	33	38	43	55	51	44	39	42	65	33	30	42	38	60	50	64	40	60	80	47	37	63	74	30	53	47	40	62	31	63	50	58	52	31	57	33	77	59	58	50	75	51	71	70	30	56	66	69	71	79	69	72	55	47	52	66	77	43	30	54	34	61	67	74	0	65	56	50	76
65	50	33	37	61	57	66	69	66	45	67	49	32	60	52	48	35	31	74	44	30	64	70	64	46	48	63	67	47	39	52	55	37	44	59	54	54	68	57	40	65	74	30	30	55	67	45	38	37	39	74	47	31	60	45	47	64	56	35	39	52	58	58	80	30	36	34	60	60	33	71	72	56	48	59	59	31	48	70	53	78	37	31	78	80	66	56	62	74	46	71	76	38	60	78	65	0	67	38	74
58	56	67	54	38	80	68	64	69	80	55	70	49	70	50	73	48	74	71	56	56	30	38	74	51	42	34	72	47	54	65	55	39	43	52	63	38	35	43	34	70	34	78	34	66	50	63	51	61	61	58	57	76	42	45	71	73	76	51	45	73	54	58	46	51	37	73	76	72	39	77	59	31	75	53	58	53	75	70	61	75	42	51	49	49	54	40	59	51	77	49	69	39	57	65	56	67	0	55	57
61	80	63	47	57	79	35	76	37	52	38	47	44	48	55	70	71	47	54	31	73	60	43	72	60	70	57	71	72	49	69	70	39	71	57	62	40	61	41	68	57	69	44	40	53	76	33	47	34	63	46	51	56	33	44	57	30	43	57	36	52	37	65	76	37	80	79	33	77	79	50	66	69	80	33	51	37	64	53	77	68	50	31	65	63	64	69	49	71	39	52	72	62	73	77	50	38	55	0	68
58	51	46	48	80	33	61	47	37	71	59	52	41	75	55	62	58	40	73	64	77	50	71	71	34	75	47	31	74	75	50	39	52	72	53	73	55	64	44	53	30	65	64	32	59	46	32	44	74	72	41	78	59	47	74	69	49	46	57	72	45	66	52	71	63	60	79	41	34	33	31	80	54	43	65	33	35	73	37	48	59	40	42	42	56	55	56	37	72	61	51	54	73	68	75	76	74	57	68	0

Initial health value of each distributed equipment: 
(Where columns denote demand points: 1 to 100.)
223.50	249.75	209.88	227.92	244.02	222.01	235.42	525.60	402.30	160.92	295.02	275.65	254.79	384.16	150.49	165.39	359.37	400.80	194.81	253.30	434.70	510.30	283.10	292.04	202.64	280.13	219.03	385.20	334.80	296.51	224.99	241.38	238.56	220.78	283.36	159.43	488.30	291.55	485.10	176.49	422.76	378.24	227.55	305.52	169.86	387.10	469.70	452.32	233.53	267.60	220.15	259.26	346.61	322.66	157.94	447.72	496.51	374.42	165.39	462.88	235.42	433.92	310.42	197.82	360.19	268.20	207.11	162.64	205.62	257.92	482.08	367.83	254.79	287.28	251.81	514.28	506.88	421.80	531.11	414.12	272.67	266.71	206.87	226.57	409.64	423.12	178.80	249.70	223.50	227.97	271.18	279.72	286.08	523.25	195.80	422.37	266.60	507.50	291.06	336.49

Spare parts types of different demand points: 
(where columns denote demand points: 1 to 100.)
1	5	9	1	11	1	11	13	14	8	14	4	2	9	1	3	15	7	5	7	6	2	5	9	2	4	3	12	10	14	1	5	6	10	9	7	3	9	11	15	5	13	4	12	10	3	1	11	5	7	4	8	8	2	15	1	10	9	9	14	14	13	10	3	13	7	9	3	4	5	4	13	12	1	12	8	14	15	6	5	13	15	10	9	3	13	12	14	7	8	15	8	9	14	6	4	14	5	9	15

inventory management cost per unit time of different types of orders: 
(where columns denote types of orders: 1 to 15.)
1.9	2.7	2.9	2.2	2.2	1.6	2.2	1.1	2.7	1.7	2.4	2.6	3	1.7	2.3

Maintenance cost per unit time of different worker: 
(Where rows denote strategy: 1 to 3,and columns denote available worker of each strategy: 1 to 4.)
3.5	4	3.7
4.7	3.7	4.6
3.9	3.1	3.7
3	3.3	3.2

The weight of tardiness cost of different demand points: 
(where columns denote demand points: 1 to 100.)
3.6	4.1	4.7	4.5	3.2	4.7	5.9	5.2	5.7	5	3.9	5.6	5	5.1	5.7	3.9	4.5	3.3	4.7	5.1	4.6	5.5	5.6	5	3.9	3.5	4	5.1	4.1	4.3	3.6	3.4	5.6	4.6	5.7	3.3	3.9	5.6	4.2	3.3	3.6	4.2	5.3	3.3	3.3	4.6	5.9	3.3	4.7	5.7	5.5	3.3	5.8	3.2	5.7	4.6	3.9	5.5	3.3	5.9	4.1	5.1	5.6	5.8	4.2	4.3	4.4	3.4	4.6	5.8	4.1	4.4	5.4	3.5	3	4.8	4.4	3.6	4.8	3.7	5.8	4.4	3.3	3.8	3.3	3.1	5.4	4.3	3.1	4.3	5.1	5.2	3	3.1	5.3	3.8	3.8	3.7	4.4	4

The waste of old spare part per unit time of each distributed equipment: 
(where columns denote demand points: 1 to 100.)
5.6	5.1	7.2	5.9	6	7	5.7	6.8	5.8	5.8	5.1	7.4	5.2	6.1	5.4	7.2	6.9	5	6.9	5.7	7.3	8	7.5	5.2	7.1	7	5.5	5.1	6.7	5.8	7.3	5.2	7.5	6.4	7.4	7.7	7	7.7	7.4	6.3	6.4	7.6	6	5.4	6.5	7.7	5.3	5.7	7.9	7.4	7.2	7.1	7.4	7.2	6.5	5.5	7.6	7.5	7.3	5.6	6.9	7.3	6.1	5.7	8	5.3	7.5	5.7	6.3	6	7.3	6.3	6.2	5.2	7.2	6.8	6	7.8	5.3	5.6	6.8	5	5.7	7.3	5.3	5.6	6.8	7.1	7.6	6.6	6.8	7.4	7.6	7.2	7.5	6.8	6.6	5.3	7.1	7.2

shutdown cost per unit time of each distributed equipment: 
(where columns denote demand points: 1 to 100.)
21	23.1	21.9	24.5	22.4	21.1	24.1	24.1	22.7	24.2	22.6	22.7	22.5	21.4	20.8	21	21.2	20.5	21.8	24.2	21.1	23.4	23	23.6	24	20	22.9	22.6	23.9	20.6	23.1	20.6	22.6	20.3	20.2	23.5	21.9	20.5	24.5	21.1	20.9	24.3	20.5	20.4	20	24.3	20.8	20.9	21.4	21.7	21.8	20.4	24	23.4	20.3	22.8	20.2	23.8	23	23.6	23.3	23.4	24.9	20.4	21.4	21.8	24.7	20.3	22.2	22.5	23.3	21	21.4	24.9	22.8	20.6	21	23.3	22	21.3	20.3	23.8	20.6	23.6	24.3	22	23.9	21.1	22.1	22.1	24.6	21.6	24.7	20.2	22.8	20.4	24.6	20.5	23.1	21.5

Deterioration rate of each piece of equipment:
(Where columns denote distributed equipment: 1 to 100.)
1.5	1.35	1.06	1.48	1.47	1.49	1.49	1.8	1.35	1.08	1.98	1.85	1.71	1.96	1.01	1.11	1.21	1.67	1.21	1.7	1.89	1.89	1.9	1.96	1.36	1.09	1.47	1.8	1.2	1.99	1.51	1.62	1.42	1.33	1.61	1.07	1.9	1.19	1.65	1.11	1.56	1.92	1.23	1.34	1.14	1.58	1.54	1.76	1.21	1.2	1.19	1.74	1.37	1.46	1.06	1.82	1.73	1.94	1.11	1.76	1.58	1.92	1.87	1.26	1.99	1.8	1.39	1.07	1.38	1.24	1.84	1.83	1.71	1.68	1.69	1.72	1.92	1.48	1.73	1.74	1.83	1.79	1.37	1.39	1.54	1.64	1.2	1.1	1.5	1.53	1.82	1.08	1.92	1.75	1.1	1.71	1.24	1.75	1.26	1.61

The processing time of different types of spare parts: 
(Where rows denote machines: 1 to 8,and columns denote types: 1 to 15.)
29	19	10	13	27	22	26	19	26	17	29	20	25	11	29
24	13	13	26	16	15	15	28	15	22	22	25	24	12	20
14	24	19	20	10	18	23	23	23	23	18	20	20	17	27
17	18	12	26	12	28	14	16	25	18	26	11	23	22	20
18	27	20	26	26	12	27	13	15	20	26	26	17	19	28
18	20	27	13	17	27	25	11	18	13	23	21	20	22	13
23	13	12	24	17	18	29	21	11	12	14	17	19	23	29
24	25	11	15	12	24	10	14	18	20	17	10	18	20	17

The maintenance time of different workers: 
(Where rows denote strategy: 1 to 3,and columns denote available worker of each strategy: 1 to 4.)
43	37	32
32	43	30
35	48	35
44	46	40

Repair degree of different strategies: 
(Where rows denote strategy: 1 to 34.)
0.54	0.58	0.56

Quantity of spare parts of each type reserved in each warehouse: 
(where rows denote warehouses£º1 to 10,and columns denote types£º1 to 15.)
13	14
1	1
8	10
1	1
3	5	12	13	14
1	1	1	1	1
1	4	5	6	12	13	15
1	1	1	1	1	1	1
4	12	13
1	1	1

Initial due date of each order: 
(Where columns denote order: 1 to 100.)
149	185	198	154	166	149	158	292	298	149	149	149	149	196	149	149	297	240	161	149	230	270	149	149	149	257	149	214	279	149	149	149	168	166	176	149	257	245	294	159	271	197	185	228	149	245	305	257	193	223	185	149	253	221	149	246	287	193	149	263	149	226	166	157	181	149	149	152	149	208	262	201	149	171	149	299	264	285	307	238	149	149	151	163	266	258	149	227	149	149	149	259	149	299	178	247	215	290	231	209

Maintenance starting time window of each piece of equipment: 
(Where rows denote Lower and Upper bounds of Maintenance starting time window: 1 to 2,and columns denote distributed equipment: 1 to 100.)
104.3	129.5	138.6	107.8	116.2	104.3	110.6	204.4	208.6	104.3	104.3	104.3	104.3	137.2	104.3	104.3	207.9	168	112.7	104.3	161	189	104.3	104.3	104.3	179.9	104.3	149.8	195.3	104.3	104.3	104.3	117.6	116.2	123.2	104.3	179.9	171.5	205.8	111.3	189.7	137.9	129.5	159.6	104.3	171.5	213.5	179.9	135.1	156.1	129.5	104.3	177.1	154.7	104.3	172.2	200.9	135.1	104.3	184.1	104.3	158.2	116.2	109.9	126.7	104.3	104.3	106.4	104.3	145.6	183.4	140.7	104.3	119.7	104.3	209.3	184.8	199.5	214.9	166.6	104.3	104.3	105.7	114.1	186.2	180.6	104.3	158.9	104.3	104.3	104.3	181.3	104.3	209.3	124.6	172.9	150.5	203	161.7	146.3
134.1	166.5	178.2	138.6	149.4	134.1	142.2	262.8	268.2	134.1	134.1	134.1	134.1	176.4	134.1	134.1	267.3	216	144.9	134.1	207	243	134.1	134.1	134.1	231.3	134.1	192.6	251.1	134.1	134.1	134.1	151.2	149.4	158.4	134.1	231.3	220.5	264.6	143.1	243.9	177.3	166.5	205.2	134.1	220.5	274.5	231.3	173.7	200.7	166.5	134.1	227.7	198.9	134.1	221.4	258.3	173.7	134.1	236.7	134.1	203.4	149.4	141.3	162.9	134.1	134.1	136.8	134.1	187.2	235.8	180.9	134.1	153.9	134.1	269.1	237.6	256.5	276.3	214.2	134.1	134.1	135.9	146.7	239.4	232.2	134.1	204.3	134.1	134.1	134.1	233.1	134.1	269.1	160.2	222.3	193.5	261	207.9	188.1

