Number of orders: 
100

Number of factories\warehouses: 
3

Number of machines per factory: 
8

Number of types of spare parts: 
5

Number of maintenance strategies: 
4

Number of available workers per strategy: 
4

Transportation cost per unit time: 
3

Transprotation time between factories/warehouses and demand points: 
(Where rows denote factories: 1 to 3 ,and columns denote demand points: 1 to 100.)
49	104	37	33	145	31	86	45	116	99	113	76	93	63	47	127	59	116	56	65	68	37	123	148	65	45	108	51	109	80	87	89	51	75	51	119	94	97	69	75	94	99	64	130	82	99	147	33	42	71	85	109	63	58	52	145	134	49	116	106	112	132	140	129	146	114	139	32	102	87	36	65	33	52	145	126	100	31	104	63	127	88	105	138	56	120	57	98	127	140	122	148	45	30	127	31	104	60	88	91
52	33	55	59	47	104	76	148	74	136	74	52	115	135	80	142	52	143	122	130	65	31	144	53	127	51	114	89	126	130	119	69	149	95	137	132	145	144	66	104	94	89	144	71	148	120	68	57	52	64	33	66	131	102	89	57	101	93	73	100	64	47	76	57	41	52	120	68	112	127	68	98	85	68	106	67	58	118	116	118	91	145	75	33	143	118	115	149	76	130	52	131	46	33	82	81	61	127	91	122
56	34	91	34	116	107	80	89	48	113	141	57	72	70	122	74	35	76	139	112	54	97	42	71	83	89	52	106	119	133	91	39	69	116	129	131	109	56	147	73	30	148	37	71	44	45	135	92	56	149	136	103	114	99	115	68	122	73	136	71	103	35	98	109	145	74	63	123	118	129	124	85	102	100	91	114	41	77	39	109	46	86	38	125	87	104	41	135	74	43	120	125	137	39	130	100	112	54	51	42

Tranfer time of each worker between two different demand points: 
(Where rows and columns both denote demands points: 1 to 100.)
0	60	64	69	30	80	73	30	47	51	78	74	71	51	60	72	55	37	52	53	47	58	68	78	45	53	31	56	30	46	43	49	33	57	80	40	57	76	34	69	39	73	73	77	39	43	68	67	49	62	52	41	38	47	50	47	78	49	42	60	64	63	80	34	59	79	77	73	54	47	62	54	43	79	78	80	54	65	64	60	58	55	31	63	65	62	39	62	64	58	43	53	43	58	68	33	40	68	77	44
60	0	44	80	50	47	48	31	46	71	60	67	54	47	45	50	43	74	72	67	74	63	39	73	66	51	51	74	69	34	39	62	41	53	51	71	69	39	33	79	75	56	79	58	60	38	47	67	66	50	56	44	34	72	76	67	60	68	71	52	46	60	63	35	54	67	49	41	64	77	49	33	64	41	43	79	34	78	64	44	66	56	67	32	69	33	37	72	51	48	62	38	35	60	38	58	39	63	50	40
64	44	0	62	35	71	62	58	53	37	64	75	47	52	77	58	40	60	62	65	45	55	57	78	70	31	71	33	57	63	54	46	49	37	45	51	64	48	66	32	64	54	63	68	64	32	37	45	75	30	74	69	31	78	37	39	61	46	73	38	30	48	43	37	34	63	37	56	34	33	69	32	76	70	41	39	67	36	54	57	36	39	64	43	52	42	48	65	59	79	67	62	47	78	41	38	32	80	76	77
69	80	62	0	72	66	44	73	35	32	73	37	55	51	37	79	80	43	42	70	53	52	69	72	73	42	63	40	55	59	50	36	30	53	61	67	52	32	64	58	71	73	41	52	68	75	45	71	34	36	57	31	50	48	44	62	33	77	76	59	45	52	63	34	76	67	55	68	55	43	57	32	74	45	32	30	40	53	40	32	52	44	60	75	68	74	63	58	49	31	39	61	64	47	34	77	48	34	48	35
30	50	35	72	0	36	44	32	60	75	70	34	78	52	46	36	77	77	62	47	53	42	48	37	43	75	74	57	48	64	34	68	78	34	32	48	39	63	50	42	63	54	47	73	32	39	77	77	50	32	67	56	55	62	69	55	50	70	65	69	39	46	63	39	68	65	75	77	45	55	34	60	65	43	68	78	34	60	59	36	80	39	70	36	31	72	37	65	70	73	46	58	46	39	53	36	70	48	73	57
80	47	71	66	36	0	54	76	65	46	75	62	45	80	74	39	73	77	69	49	37	58	48	50	47	40	49	34	41	46	65	62	63	71	53	41	41	34	66	58	38	57	36	58	77	40	80	57	69	69	49	78	52	38	50	32	69	49	36	73	78	47	51	78	70	43	59	73	50	64	56	69	37	37	71	35	80	63	41	55	80	46	72	33	77	31	65	67	78	41	51	58	45	31	74	45	72	41	66	66
73	48	62	44	44	54	0	37	31	60	57	77	78	40	53	77	60	42	43	42	74	63	36	64	71	48	43	30	59	46	78	47	53	53	57	40	30	66	76	80	55	66	68	43	79	67	31	57	77	30	34	61	46	70	32	40	41	40	72	47	75	51	74	48	35	61	36	57	54	30	31	30	50	40	63	58	71	78	47	72	79	64	78	77	60	57	56	64	40	31	56	49	38	41	36	73	49	72	68	55
30	31	58	73	32	76	37	0	68	80	77	74	65	69	61	62	51	53	74	76	42	64	53	63	38	80	48	65	51	36	74	80	76	38	61	42	51	60	59	78	70	59	40	32	53	74	57	38	62	78	42	65	30	48	38	52	59	59	61	39	50	57	78	57	67	65	44	61	30	66	39	52	59	76	37	52	32	40	30	31	50	77	48	80	58	59	42	33	42	51	71	75	55	75	56	49	71	76	55	30
47	46	53	35	60	65	31	68	0	49	35	35	69	78	35	38	63	33	40	49	61	69	51	62	51	70	56	41	45	62	79	33	67	42	63	64	41	54	36	63	79	42	53	71	50	44	67	31	40	67	55	74	38	77	78	43	71	53	77	40	49	54	52	39	47	68	51	66	71	80	70	40	59	57	79	46	33	53	36	47	39	40	62	34	36	53	69	72	75	71	72	64	76	39	80	38	67	42	65	45
51	71	37	32	75	46	60	80	49	0	33	80	49	73	54	70	64	79	44	70	33	48	57	39	70	63	70	60	38	79	53	39	60	46	76	60	34	76	31	36	49	37	32	61	51	67	31	43	80	64	50	31	78	80	68	54	64	41	52	41	70	31	47	54	32	48	42	35	48	75	44	58	73	40	45	60	75	69	34	49	41	57	55	48	68	41	37	62	67	30	54	65	75	76	78	44	57	62	70	38
78	60	64	73	70	75	57	77	35	33	0	59	77	36	75	80	44	64	53	77	46	59	70	52	64	75	41	30	37	38	49	79	63	35	46	51	68	76	47	43	80	54	52	32	62	80	47	72	66	57	66	60	61	44	56	70	49	72	70	65	34	33	79	38	46	30	80	76	52	51	58	63	80	45	30	71	53	72	57	50	31	31	65	39	38	40	54	62	55	51	46	80	56	59	61	34	72	50	59	56
74	67	75	37	34	62	77	74	35	80	59	0	68	64	43	63	31	49	32	72	37	52	45	46	30	41	65	76	47	68	47	63	67	51	59	34	48	44	41	58	77	67	70	45	64	62	53	65	60	77	64	79	77	54	58	43	59	61	77	61	72	47	63	51	62	67	74	77	75	53	80	30	32	74	47	66	47	39	30	31	64	61	57	73	65	79	49	69	30	54	56	66	63	31	54	41	77	57	35	38
71	54	47	55	78	45	78	65	69	49	77	68	0	47	59	41	37	52	62	68	66	44	33	45	45	62	72	72	49	42	47	56	52	31	34	61	41	35	72	61	61	48	55	56	66	60	66	53	42	33	80	58	35	57	37	36	39	49	41	45	72	73	51	60	76	76	65	43	47	50	48	48	75	65	47	56	72	49	33	53	68	80	77	60	65	44	51	35	46	63	70	65	38	31	51	77	58	41	76	47
51	47	52	51	52	80	40	69	78	73	36	64	47	0	54	76	57	61	53	68	34	75	47	44	71	76	62	45	64	58	56	79	57	54	47	78	46	31	79	39	55	34	63	61	43	41	73	73	43	77	52	54	51	31	50	54	68	79	63	67	50	78	60	62	66	68	64	57	39	42	64	54	45	39	54	50	36	69	56	74	58	49	72	38	48	48	58	70	71	80	37	67	75	49	49	33	49	66	49	30
60	45	77	37	46	74	53	61	35	54	75	43	59	54	0	74	30	57	75	66	72	67	64	39	44	77	68	34	48	57	58	55	65	77	62	42	42	48	37	55	40	50	80	65	62	57	68	66	40	77	36	51	40	44	44	42	71	76	75	79	48	65	54	69	32	58	68	38	66	31	70	45	70	75	50	45	51	63	61	33	44	67	69	56	42	59	42	67	33	46	60	30	61	62	40	67	60	55	75	65
72	50	58	79	36	39	77	62	38	70	80	63	41	76	74	0	47	46	55	78	40	57	78	57	79	79	62	55	70	38	43	35	79	69	64	42	42	41	70	52	38	45	71	64	76	34	45	75	70	42	61	32	48	68	80	35	40	45	80	70	67	36	80	72	43	67	40	75	35	77	66	77	67	33	42	71	41	49	43	38	40	67	48	48	52	52	61	59	36	51	30	50	43	50	44	40	52	62	40	33
55	43	40	80	77	73	60	51	63	64	44	31	37	57	30	47	0	46	59	65	41	34	35	74	61	70	38	38	46	68	52	74	60	41	46	54	32	32	76	47	57	50	61	43	42	79	62	32	62	46	47	65	40	42	31	52	74	46	59	59	43	70	59	36	44	41	60	71	40	59	49	30	79	45	44	37	66	78	61	33	66	75	72	67	37	76	49	58	36	65	57	67	36	79	59	69	68	59	57	63
37	74	60	43	77	77	42	53	33	79	64	49	52	61	57	46	46	0	40	39	54	61	70	32	72	71	51	67	78	36	60	37	80	70	66	35	48	41	62	73	61	72	37	70	54	38	63	41	45	60	51	50	44	38	67	65	43	58	55	71	43	44	37	78	49	73	47	74	59	61	39	78	60	75	32	60	75	34	70	35	39	36	31	40	69	77	42	67	76	37	77	49	41	41	63	57	36	79	46	67
52	72	62	42	62	69	43	74	40	44	53	32	62	53	75	55	59	40	0	49	50	75	50	64	30	73	53	72	53	52	55	60	53	47	44	75	30	36	75	68	36	66	35	58	49	35	78	57	54	35	47	71	36	53	39	78	46	45	35	64	60	31	76	70	45	55	56	75	42	80	31	72	62	31	51	70	45	38	79	35	64	42	61	43	39	78	80	38	40	70	56	79	41	57	50	35	72	67	77	69
53	67	65	70	47	49	42	76	49	70	77	72	68	68	66	78	65	39	49	0	75	32	79	51	51	54	63	71	50	40	80	30	73	40	60	32	77	36	38	45	64	75	64	69	30	44	60	53	69	50	50	53	62	61	31	70	30	71	68	33	62	80	60	44	57	46	39	33	55	51	53	56	54	43	70	73	32	69	61	77	42	30	62	76	76	78	32	50	42	79	72	78	35	70	58	42	46	61	55	65
47	74	45	53	53	37	74	42	61	33	46	37	66	34	72	40	41	54	50	75	0	47	33	56	43	31	34	48	38	35	79	65	55	37	77	41	62	37	59	71	37	78	70	34	72	38	36	40	56	44	39	33	76	71	72	64	39	64	44	43	32	76	72	39	78	68	63	59	42	57	53	75	40	68	69	57	34	38	50	57	33	44	74	42	45	79	35	46	75	56	75	36	76	32	39	48	38	48	77	40
58	63	55	52	42	58	63	64	69	48	59	52	44	75	67	57	34	61	75	32	47	0	72	31	54	68	40	67	43	55	38	74	65	76	42	30	76	58	53	62	32	68	51	72	39	48	40	66	56	53	55	62	65	47	79	62	75	42	31	72	52	33	59	67	59	48	42	55	59	48	59	68	68	37	38	67	77	32	75	32	72	33	78	37	49	65	42	43	77	31	56	75	64	33	33	37	69	39	79	48
68	39	57	69	48	48	36	53	51	57	70	45	33	47	64	78	35	70	50	79	33	72	0	45	80	32	30	78	69	30	71	73	63	49	47	77	78	80	68	41	66	34	76	70	41	75	39	66	33	41	65	73	59	31	68	50	52	59	42	80	64	32	54	69	68	33	69	58	79	79	32	42	79	34	39	46	72	41	51	72	43	48	64	61	73	52	58	37	53	42	38	76	57	70	53	52	41	60	78	73
78	73	78	72	37	50	64	63	62	39	52	46	45	44	39	57	74	32	64	51	56	31	45	0	76	58	73	50	55	74	57	68	79	31	64	53	70	67	44	67	51	61	75	78	49	48	63	35	54	65	45	42	65	68	34	54	49	39	41	67	34	74	44	36	41	42	69	54	53	61	67	60	61	51	71	76	50	60	76	39	67	71	62	75	62	71	53	69	40	46	68	78	31	40	72	53	35	55	45	76
45	66	70	73	43	47	71	38	51	70	64	30	45	71	44	79	61	72	30	51	43	54	80	76	0	77	65	58	61	48	45	30	52	53	37	73	54	79	52	56	71	63	72	70	54	55	62	30	53	77	50	39	33	71	38	66	72	62	45	32	56	59	39	53	34	53	60	41	70	48	68	67	66	34	59	38	53	32	59	53	48	57	75	68	59	71	55	61	43	78	49	75	56	30	46	78	58	48	77	70
53	51	31	42	75	40	48	80	70	63	75	41	62	76	77	79	70	71	73	54	31	68	32	58	77	0	55	51	72	64	64	33	54	46	53	41	42	32	39	45	54	41	49	54	65	66	79	32	67	32	39	71	40	57	62	44	70	41	68	77	33	74	55	43	73	53	34	41	34	30	36	54	38	48	30	77	70	44	41	46	38	80	70	40	57	67	77	38	77	63	57	57	79	67	38	48	54	59	42	35
31	51	71	63	74	49	43	48	56	70	41	65	72	62	68	62	38	51	53	63	34	40	30	73	65	55	0	39	53	52	49	59	38	60	70	80	62	46	50	47	58	68	61	54	61	44	73	42	56	67	62	64	67	72	69	56	73	76	40	69	59	50	30	36	39	72	64	74	57	30	80	34	76	38	72	33	75	61	45	60	62	69	76	45	39	73	37	30	31	66	56	75	45	49	40	30	39	72	35	45
56	74	33	40	57	34	30	65	41	60	30	76	72	45	34	55	38	67	72	71	48	67	78	50	58	51	39	0	64	39	44	74	38	41	54	71	62	39	76	67	40	31	45	76	37	78	69	39	57	38	72	30	70	73	67	44	70	71	72	75	57	57	57	76	50	52	80	36	34	32	59	50	64	34	66	31	30	60	62	66	66	30	68	34	76	80	68	54	59	73	35	54	68	67	64	64	48	79	45	54
30	69	57	55	48	41	59	51	45	38	37	47	49	64	48	70	46	78	53	50	38	43	69	55	61	72	53	64	0	75	31	54	44	80	40	78	49	79	60	42	51	37	37	75	39	30	42	32	39	32	78	39	31	62	39	61	80	32	60	59	73	54	51	47	30	35	59	47	32	67	63	51	73	32	72	68	75	52	36	35	33	54	78	41	62	40	53	58	32	38	51	46	59	35	61	53	61	77	49	69
46	34	63	59	64	46	46	36	62	79	38	68	42	58	57	38	68	36	52	40	35	55	30	74	48	64	52	39	75	0	41	65	75	30	76	64	34	56	77	78	31	60	36	71	33	68	64	30	51	33	47	63	44	79	62	36	61	38	42	47	80	65	67	49	58	40	41	78	40	54	40	69	32	60	31	74	51	66	64	52	77	41	31	75	57	79	72	51	69	33	66	66	52	33	57	80	61	76	52	31
43	39	54	50	34	65	78	74	79	53	49	47	47	56	58	43	52	60	55	80	79	38	71	57	45	64	49	44	31	41	0	50	64	66	46	68	74	50	79	44	33	58	56	55	39	78	41	71	38	33	33	71	78	47	49	32	63	80	77	63	55	37	61	35	71	43	57	74	66	57	60	42	57	33	78	55	43	72	63	68	49	76	74	57	44	39	73	61	61	80	47	77	45	36	33	68	38	75	44	51
49	62	46	36	68	62	47	80	33	39	79	63	56	79	55	35	74	37	60	30	65	74	73	68	30	33	59	74	54	65	50	0	55	38	75	51	47	46	37	57	34	40	30	75	34	71	33	66	50	58	32	35	39	55	59	53	80	41	77	44	51	36	45	37	54	60	69	65	50	58	52	74	60	40	62	52	44	33	65	74	59	76	51	57	38	53	33	68	50	62	55	69	58	59	59	59	76	33	58	57
33	41	49	30	78	63	53	76	67	60	63	67	52	57	65	79	60	80	53	73	55	65	63	79	52	54	38	38	44	75	64	55	0	75	56	70	42	31	61	44	36	64	63	78	70	48	57	43	37	76	36	74	50	78	78	62	66	70	39	32	70	46	79	47	74	64	63	34	64	55	57	78	31	70	32	64	71	79	55	57	37	41	80	52	32	40	77	65	69	63	37	72	38	57	60	77	71	62	67	36
57	53	37	53	34	71	53	38	42	46	35	51	31	54	77	69	41	70	47	40	37	76	49	31	53	46	60	41	80	30	66	38	75	0	34	50	45	31	44	46	32	50	55	64	41	68	61	39	45	38	71	46	77	58	78	72	52	67	52	36	52	46	38	72	36	49	59	40	36	61	46	54	76	55	76	77	44	76	49	40	51	67	65	60	43	31	40	32	37	51	43	33	78	75	62	30	66	53	67	68
80	51	45	61	32	53	57	61	63	76	46	59	34	47	62	64	46	66	44	60	77	42	47	64	37	53	70	54	40	76	46	75	56	34	0	30	48	62	34	59	44	54	57	75	65	58	75	31	54	69	39	69	38	63	68	35	65	44	58	36	59	64	51	61	65	72	43	79	37	32	42	39	32	36	36	30	74	78	63	62	44	34	64	69	53	40	47	61	51	73	67	34	59	39	69	57	45	57	70	42
40	71	51	67	48	41	40	42	64	60	51	34	61	78	42	42	54	35	75	32	41	30	77	53	73	41	80	71	78	64	68	51	70	50	30	0	58	44	37	62	66	67	53	60	59	39	55	60	75	68	42	55	41	42	56	56	48	76	34	57	57	78	75	64	40	62	62	66	78	49	59	62	76	74	69	49	57	34	56	73	55	68	54	47	48	61	67	42	45	69	48	50	54	54	71	57	69	55	35	58
57	69	64	52	39	41	30	51	41	34	68	48	41	46	42	42	32	48	30	77	62	76	78	70	54	42	62	62	49	34	74	47	42	45	48	58	0	37	61	40	30	30	68	37	54	58	57	80	66	58	42	69	57	59	74	33	43	61	73	61	64	77	62	40	66	47	44	76	41	80	32	40	61	66	46	30	64	34	31	42	36	80	50	60	34	65	51	54	41	67	73	41	53	75	45	57	36	46	69	30
76	39	48	32	63	34	66	60	54	76	76	44	35	31	48	41	32	41	36	36	37	58	80	67	79	32	46	39	79	56	50	46	31	31	62	44	37	0	47	68	70	61	69	52	44	80	35	53	33	34	42	47	36	40	60	61	50	31	50	70	62	73	44	45	48	40	78	52	63	66	68	68	50	35	66	57	39	56	67	32	70	72	57	66	71	75	57	61	67	78	49	74	34	39	65	38	61	71	73	36
34	33	66	64	50	66	76	59	36	31	47	41	72	79	37	70	76	62	75	38	59	53	68	44	52	39	50	76	60	77	79	37	61	44	34	37	61	47	0	78	64	31	70	37	35	67	48	56	74	67	80	40	49	63	54	54	42	74	65	51	64	59	74	46	60	58	60	61	70	46	38	65	69	67	53	62	66	33	68	58	30	58	52	49	78	61	51	39	30	62	51	48	80	51	76	37	73	42	63	75
69	79	32	58	42	58	80	78	63	36	43	58	61	39	55	52	47	73	68	45	71	62	41	67	56	45	47	67	42	78	44	57	44	46	59	62	40	68	78	0	38	41	73	69	56	78	75	43	74	53	78	42	77	36	52	67	30	49	58	76	67	52	49	30	48	54	65	38	76	38	46	47	56	34	77	72	53	67	76	76	76	34	49	40	50	37	30	51	70	44	33	80	62	60	50	38	52	49	72	60
39	75	64	71	63	38	55	70	79	49	80	77	61	55	40	38	57	61	36	64	37	32	66	51	71	54	58	40	51	31	33	34	36	32	44	66	30	70	64	38	0	57	50	33	59	44	33	36	39	64	63	72	52	36	55	36	58	73	70	70	30	34	54	48	39	47	71	31	45	43	38	58	36	68	55	78	62	41	47	76	61	59	49	30	30	41	55	50	30	67	52	74	78	58	58	68	33	62	59	67
73	56	54	73	54	57	66	59	42	37	54	67	48	34	50	45	50	72	66	75	78	68	34	61	63	41	68	31	37	60	58	40	64	50	54	67	30	61	31	41	57	0	76	37	73	47	72	64	60	34	31	31	44	55	38	34	33	37	51	65	72	45	66	62	43	43	31	34	48	40	67	69	73	33	57	54	60	49	65	57	63	67	80	61	80	44	72	68	70	39	50	63	61	56	46	78	60	34	58	30
73	79	63	41	47	36	68	40	53	32	52	70	55	63	80	71	61	37	35	64	70	51	76	75	72	49	61	45	37	36	56	30	63	55	57	53	68	69	70	73	50	76	0	63	52	35	54	71	59	78	66	76	54	51	35	67	76	34	37	47	74	77	30	42	63	53	40	37	48	38	53	59	64	36	60	55	63	37	36	74	34	80	63	66	40	50	77	57	33	80	32	73	40	78	55	39	55	45	73	73
77	58	68	52	73	58	43	32	71	61	32	45	56	61	65	64	43	70	58	69	34	72	70	78	70	54	54	76	75	71	55	75	78	64	75	60	37	52	37	69	33	37	63	0	42	72	80	48	61	69	61	47	33	72	48	57	57	77	69	52	67	74	74	63	59	31	67	32	61	50	50	57	79	58	62	33	72	35	42	40	64	37	41	77	40	35	62	41	62	50	66	36	30	40	55	49	59	52	79	58
39	60	64	68	32	77	79	53	50	51	62	64	66	43	62	76	42	54	49	30	72	39	41	49	54	65	61	37	39	33	39	34	70	41	65	59	54	44	35	56	59	73	52	42	0	30	64	39	76	38	75	47	60	62	38	71	42	73	35	79	32	42	42	30	30	36	47	47	43	47	35	50	66	44	78	35	67	57	49	30	38	65	60	45	79	61	66	73	47	59	47	60	62	69	76	64	77	68	69	46
43	38	32	75	39	40	67	74	44	67	80	62	60	41	57	34	79	38	35	44	38	48	75	48	55	66	44	78	30	68	78	71	48	68	58	39	58	80	67	78	44	47	35	72	30	0	63	30	33	54	31	41	73	62	42	38	62	52	41	60	42	59	50	80	57	72	45	76	46	60	73	75	39	79	61	46	32	76	35	76	67	33	65	45	71	79	65	73	61	34	54	41	62	62	80	72	63	59	34	43
68	47	37	45	77	80	31	57	67	31	47	53	66	73	68	45	62	63	78	60	36	40	39	63	62	79	73	69	42	64	41	33	57	61	75	55	57	35	48	75	33	72	54	80	64	63	0	65	55	46	50	30	44	78	68	36	69	79	50	43	47	33	78	79	42	51	69	47	34	60	56	64	61	32	69	68	77	33	31	77	48	77	55	69	50	66	44	54	62	66	55	73	62	34	48	76	37	78	40	75
67	67	45	71	77	57	57	38	31	43	72	65	53	73	66	75	32	41	57	53	40	66	66	35	30	32	42	39	32	30	71	66	43	39	31	60	80	53	56	43	36	64	71	48	39	30	65	0	68	54	72	66	59	69	48	58	73	31	39	60	32	38	50	71	52	54	50	54	60	35	31	71	45	39	48	31	73	68	64	41	74	76	56	44	77	74	74	54	32	35	75	54	59	74	69	39	67	49	43	69
49	66	75	34	50	69	77	62	40	80	66	60	42	43	40	70	62	45	54	69	56	56	33	54	53	67	56	57	39	51	38	50	37	45	54	75	66	33	74	74	39	60	59	61	76	33	55	68	0	61	52	61	41	56	47	49	41	58	67	43	61	76	33	47	30	57	31	45	64	70	61	55	57	48	74	51	54	76	55	30	67	79	35	48	41	52	79	40	34	53	69	60	44	36	54	33	69	70	67	50
62	50	30	36	32	69	30	78	67	64	57	77	33	77	77	42	46	60	35	50	44	53	41	65	77	32	67	38	32	33	33	58	76	38	69	68	58	34	67	53	64	34	78	69	38	54	46	54	61	0	42	54	78	79	53	30	60	71	70	62	72	38	60	66	45	47	43	77	71	33	43	39	31	50	69	63	47	76	78	56	80	64	30	77	45	49	34	68	54	52	74	77	30	64	55	70	35	31	64	66
52	56	74	57	67	49	34	42	55	50	66	64	80	52	36	61	47	51	47	50	39	55	65	45	50	39	62	72	78	47	33	32	36	71	39	42	42	42	80	78	63	31	66	61	75	31	50	72	52	42	0	70	65	60	39	42	35	63	54	77	44	37	51	41	30	72	35	30	47	39	65	80	71	39	42	51	61	65	51	71	69	57	34	52	61	43	75	64	67	77	76	49	48	72	54	48	39	45	36	34
41	44	69	31	56	78	61	65	74	31	60	79	58	54	51	32	65	50	71	53	33	62	73	42	39	71	64	30	39	63	71	35	74	46	69	55	69	47	40	42	72	31	76	47	47	41	30	66	61	54	70	0	35	69	31	58	57	63	52	67	73	35	48	54	38	57	75	72	80	55	36	49	72	67	72	77	74	76	54	45	33	63	80	44	59	41	69	48	41	72	45	79	40	70	72	65	30	42	50	50
38	34	31	50	55	52	46	30	38	78	61	77	35	51	40	48	40	44	36	62	76	65	59	65	33	40	67	70	31	44	78	39	50	77	38	41	57	36	49	77	52	44	54	33	60	73	44	59	41	78	65	35	0	61	43	56	52	53	55	51	38	68	65	58	39	61	61	57	63	39	74	44	70	41	33	52	54	61	38	45	72	78	62	31	77	70	66	56	35	36	65	37	38	75	35	63	39	68	45	58
47	72	78	48	62	38	70	48	77	80	44	54	57	31	44	68	42	38	53	61	71	47	31	68	71	57	72	73	62	79	47	55	78	58	63	42	59	40	63	36	36	55	51	72	62	62	78	69	56	79	60	69	61	0	50	74	44	48	64	34	76	70	32	32	30	32	75	51	36	62	31	80	43	57	66	42	46	61	79	69	45	43	65	78	67	54	46	62	56	80	55	75	55	42	64	60	33	40	45	49
50	76	37	44	69	50	32	38	78	68	56	58	37	50	44	80	31	67	39	31	72	79	68	34	38	62	69	67	39	62	49	59	78	78	68	56	74	60	54	52	55	38	35	48	38	42	68	48	47	53	39	31	43	50	0	78	67	48	56	35	73	58	57	65	41	62	70	76	77	31	55	78	67	59	50	80	77	58	40	62	36	48	57	50	33	71	47	78	76	45	61	39	34	30	59	42	66	74	39	69
47	67	39	62	55	32	40	52	43	54	70	43	36	54	42	35	52	65	78	70	64	62	50	54	66	44	56	44	61	36	32	53	62	72	35	56	33	61	54	67	36	34	67	57	71	38	36	58	49	30	42	58	56	74	78	0	59	71	74	55	66	33	75	60	41	66	47	40	34	61	46	57	72	57	36	53	74	56	31	66	79	54	61	80	79	63	37	42	74	35	52	77	68	77	34	46	48	38	66	80
78	60	61	33	50	69	41	59	71	64	49	59	39	68	71	40	74	43	46	30	39	75	52	49	72	70	73	70	80	61	63	80	66	52	65	48	43	50	42	30	58	33	76	57	42	62	69	73	41	60	35	57	52	44	67	59	0	43	61	76	53	34	67	70	57	32	31	75	38	65	62	39	43	63	58	41	43	42	41	56	37	41	32	39	50	51	53	74	70	76	32	38	75	40	33	40	78	57	63	56
49	68	46	77	70	49	40	59	53	41	72	61	49	79	76	45	46	58	45	71	64	42	59	39	62	41	76	71	32	38	80	41	70	67	44	76	61	31	74	49	73	37	34	77	73	52	79	31	58	71	63	63	53	48	48	71	43	0	38	68	64	40	61	50	44	65	71	60	49	62	75	31	65	58	63	55	50	35	43	50	49	78	69	52	34	73	51	39	36	71	35	31	62	44	55	50	39	79	51	75
42	71	73	76	65	36	72	61	77	52	70	77	41	63	75	80	59	55	35	68	44	31	42	41	45	68	40	72	60	42	77	77	39	52	58	34	73	50	65	58	70	51	37	69	35	41	50	39	67	70	54	52	55	64	56	74	61	38	0	53	57	66	66	52	56	48	39	32	64	34	68	69	47	40	79	43	68	42	39	41	79	58	37	74	47	33	35	33	70	79	67	49	67	64	42	56	51	44	54	66
60	52	38	59	69	73	47	39	40	41	65	61	45	67	79	70	59	71	64	33	43	72	80	67	32	77	69	75	59	47	63	44	32	36	36	57	61	70	51	76	70	65	47	52	79	60	43	60	43	62	77	67	51	34	35	55	76	68	53	0	49	39	49	74	51	56	51	47	70	46	79	70	62	70	65	71	66	64	44	36	61	63	79	62	42	80	60	46	51	63	30	36	60	32	41	75	30	56	79	66
64	46	30	45	39	78	75	50	49	70	34	72	72	50	48	67	43	43	60	62	32	52	64	34	56	33	59	57	73	80	55	51	70	52	59	57	64	62	64	67	30	72	74	67	32	42	47	32	61	72	44	73	38	76	73	66	53	64	57	49	0	74	72	31	47	46	61	46	38	34	73	53	30	60	80	68	70	67	31	36	31	51	78	80	69	59	60	76	67	48	40	76	60	39	48	68	66	31	33	47
63	60	48	52	46	47	51	57	54	31	33	47	73	78	65	36	70	44	31	80	76	33	32	74	59	74	50	57	54	65	37	36	46	46	64	78	77	73	59	52	34	45	77	74	42	59	33	38	76	38	37	35	68	70	58	33	34	40	66	39	74	0	34	46	34	44	48	37	36	76	47	79	65	47	47	35	44	45	62	71	71	72	78	34	46	70	45	79	58	50	38	32	43	64	34	60	41	63	51	53
80	63	43	63	63	51	74	78	52	47	79	63	51	60	54	80	59	37	76	60	72	59	54	44	39	55	30	57	51	67	61	45	79	38	51	75	62	44	74	49	54	66	30	74	42	50	78	50	33	60	51	48	65	32	57	75	67	61	66	49	72	34	0	44	47	38	59	31	67	56	45	37	62	54	63	78	42	34	80	80	36	66	35	30	50	65	64	44	50	69	73	69	71	33	35	61	76	74	43	31
34	35	37	34	39	78	48	57	39	54	38	51	60	62	69	72	36	78	70	44	39	67	69	36	53	43	36	76	47	49	35	37	47	72	61	64	40	45	46	30	48	62	42	63	30	80	79	71	47	66	41	54	58	32	65	60	70	50	52	74	31	46	44	0	40	60	43	78	65	45	41	56	31	62	79	66	44	67	48	73	36	34	47	32	79	47	36	67	37	65	67	49	77	43	63	41	38	39	66	38
59	54	34	76	68	70	35	67	47	32	46	62	76	66	32	43	44	49	45	57	78	59	68	41	34	73	39	50	30	58	71	54	74	36	65	40	66	48	60	48	39	43	63	59	30	57	42	52	30	45	30	38	39	30	41	41	57	44	56	51	47	34	47	40	0	59	69	52	73	58	61	61	41	54	59	42	55	56	73	77	59	68	80	55	45	30	56	49	31	62	80	48	48	72	75	47	70	62	71	47
79	67	63	67	65	43	61	65	68	48	30	67	76	68	58	67	41	73	55	46	68	48	33	42	53	53	72	52	35	40	43	60	64	49	72	62	47	40	58	54	47	43	53	31	36	72	51	54	57	47	72	57	61	32	62	66	32	65	48	56	46	44	38	60	59	0	56	73	31	64	31	78	53	69	60	37	59	70	45	43	66	74	33	74	58	51	78	55	35	33	74	30	80	33	76	49	45	62	43	79
77	49	37	55	75	59	36	44	51	42	80	74	65	64	68	40	60	47	56	39	63	42	69	69	60	34	64	80	59	41	57	69	63	59	43	62	44	78	60	65	71	31	40	67	47	45	69	50	31	43	35	75	61	75	70	47	31	71	39	51	61	48	59	43	69	56	0	61	73	33	40	79	43	51	42	60	52	76	64	73	75	67	58	80	37	53	69	37	39	77	55	75	62	59	62	57	46	36	72	60
73	41	56	68	77	73	57	61	66	35	76	77	43	57	38	75	71	74	75	33	59	55	58	54	41	41	74	36	47	78	74	65	34	40	79	66	76	52	61	38	31	34	37	32	47	76	47	54	45	77	30	72	57	51	76	40	75	60	32	47	46	37	31	78	52	73	61	0	43	69	50	80	68	45	75	67	53	56	67	33	80	73	36	60	34	31	39	50	51	34	67	39	77	52	71	78	56	47	48	37
54	64	34	55	45	50	54	30	71	48	52	75	47	39	66	35	40	59	42	55	42	59	79	53	70	34	57	34	32	40	66	50	64	36	37	78	41	63	70	76	45	48	48	61	43	46	34	60	64	71	47	80	63	36	77	34	38	49	64	70	38	36	67	65	73	31	73	43	0	33	57	65	56	41	65	50	63	43	75	46	56	69	65	39	47	31	66	70	73	47	77	57	78	79	38	44	43	61	55	63
47	77	33	43	55	64	30	66	80	75	51	53	50	42	31	77	59	61	80	51	57	48	79	61	48	30	30	32	67	54	57	58	55	61	32	49	80	66	46	38	43	40	38	50	47	60	60	35	70	33	39	55	39	62	31	61	65	62	34	46	34	76	56	45	58	64	33	69	33	0	58	62	30	41	62	76	73	46	56	56	33	51	34	38	31	61	40	41	49	69	65	32	71	45	71	45	48	73	40	80
62	49	69	57	34	56	31	39	70	44	58	80	48	64	70	66	49	39	31	53	53	59	32	67	68	36	80	59	63	40	60	52	57	46	42	59	32	68	38	46	38	67	53	50	35	73	56	31	61	43	65	36	74	31	55	46	62	75	68	79	73	47	45	41	61	31	40	50	57	58	0	46	71	51	80	80	39	58	32	33	76	54	65	56	42	65	43	65	70	47	76	59	79	78	56	66	41	35	64	78
54	33	32	32	60	69	30	52	40	58	63	30	48	54	45	77	30	78	72	56	75	68	42	60	67	54	34	50	51	69	42	74	78	54	39	62	40	68	65	47	58	69	59	57	50	75	64	71	55	39	80	49	44	80	78	57	39	31	69	70	53	79	37	56	61	78	79	80	65	62	46	0	53	57	46	42	50	72	78	63	42	77	65	55	42	77	45	68	50	40	53	77	44	80	49	72	80	49	71	67
43	64	76	74	65	37	50	59	59	73	80	32	75	45	70	67	79	60	62	54	40	68	79	61	66	38	76	64	73	32	57	60	31	76	32	76	61	50	69	56	36	73	64	79	66	39	61	45	57	31	71	72	70	43	67	72	43	65	47	62	30	65	62	31	41	53	43	68	56	30	71	53	0	52	45	50	43	58	63	45	73	50	60	70	58	67	55	78	53	70	71	68	57	34	60	33	71	57	65	62
79	41	70	45	43	37	40	76	57	40	45	74	65	39	75	33	45	75	31	43	68	37	34	51	34	48	38	34	32	60	33	40	70	55	36	74	66	35	67	34	68	33	36	58	44	79	32	39	48	50	39	67	41	57	59	57	63	58	40	70	60	47	54	62	54	69	51	45	41	41	51	57	52	0	43	32	36	68	38	77	47	46	52	74	70	71	71	61	73	60	70	75	33	35	36	54	44	30	67	31
78	43	41	32	68	71	63	37	79	45	30	47	47	54	50	42	44	32	51	70	69	38	39	71	59	30	72	66	72	31	78	62	32	76	36	69	46	66	53	77	55	57	60	62	78	61	69	48	74	69	42	72	33	66	50	36	58	63	79	65	80	47	63	79	59	60	42	75	65	62	80	46	45	43	0	51	59	50	58	78	40	35	63	39	73	31	77	70	75	57	50	54	58	80	49	54	50	53	58	48
80	79	39	30	78	35	58	52	46	60	71	66	56	50	45	71	37	60	70	73	57	67	46	76	38	77	33	31	68	74	55	52	64	77	30	49	30	57	62	72	78	54	55	33	35	46	68	31	51	63	51	77	52	42	80	53	41	55	43	71	68	35	78	66	42	37	60	67	50	76	80	42	50	32	51	0	50	34	36	30	51	61	39	36	36	72	71	69	34	61	76	66	48	47	74	38	73	68	38	43
54	34	67	40	34	80	71	32	33	75	53	47	72	36	51	41	66	75	45	32	34	77	72	50	53	70	75	30	75	51	43	44	71	44	74	57	64	39	66	53	62	60	63	72	67	32	77	73	54	47	61	74	54	46	77	74	43	50	68	66	70	44	42	44	55	59	52	53	63	73	39	50	43	36	59	50	0	70	59	59	56	72	79	52	37	52	49	56	37	38	50	77	51	34	45	68	52	35	58	32
65	78	36	53	60	63	78	40	53	69	72	39	49	69	63	49	78	34	38	69	38	32	41	60	32	44	61	60	52	66	72	33	79	76	78	34	34	56	33	67	41	49	37	35	57	76	33	68	76	76	65	76	61	61	58	56	42	35	42	64	67	45	34	67	56	70	76	56	43	46	58	72	58	68	50	34	70	0	76	69	72	39	54	36	42	80	69	72	53	42	74	54	53	46	48	56	55	52	58	76
64	64	54	40	59	41	47	30	36	34	57	30	33	56	61	43	61	70	79	61	50	75	51	76	59	41	45	62	36	64	63	65	55	49	63	56	31	67	68	76	47	65	36	42	49	35	31	64	55	78	51	54	38	79	40	31	41	43	39	44	31	62	80	48	73	45	64	67	75	56	32	78	63	38	58	36	59	76	0	54	72	78	30	71	45	75	61	51	76	45	36	68	40	51	42	66	60	59	37	59
60	44	57	32	36	55	72	31	47	49	50	31	53	74	33	38	33	35	35	77	57	32	72	39	53	46	60	66	35	52	68	74	57	40	62	73	42	32	58	76	76	57	74	40	30	76	77	41	30	56	71	45	45	69	62	66	56	50	41	36	36	71	80	73	77	43	73	33	46	56	33	63	45	77	78	30	59	69	54	0	55	46	51	51	66	50	69	35	65	61	73	58	38	62	72	53	31	49	73	77
58	66	36	52	80	80	79	50	39	41	31	64	68	58	44	40	66	39	64	42	33	72	43	67	48	38	62	66	33	77	49	59	37	51	44	55	36	70	30	76	61	63	34	64	38	67	48	74	67	80	69	33	72	45	36	79	37	49	79	61	31	71	36	36	59	66	75	80	56	33	76	42	73	47	40	51	56	72	72	55	0	64	76	79	69	54	64	33	33	45	58	60	72	61	72	69	47	38	68	77
55	56	39	44	39	46	64	77	40	57	31	61	80	49	67	67	75	36	42	30	44	33	48	71	57	80	69	30	54	41	76	76	41	67	34	68	80	72	58	34	59	67	80	37	65	33	77	76	79	64	57	63	78	43	48	54	41	78	58	63	51	72	66	34	68	74	67	73	69	51	54	77	50	46	35	61	72	39	78	46	64	0	37	56	57	43	47	47	51	70	53	42	73	41	38	65	45	63	43	53
31	67	64	60	70	72	78	48	62	55	65	57	77	72	69	48	72	31	61	62	74	78	64	62	75	70	76	68	78	31	74	51	80	65	64	54	50	57	52	49	49	80	63	41	60	65	55	56	35	30	34	80	62	65	57	61	32	69	37	79	78	78	35	47	80	33	58	36	65	34	65	65	60	52	63	39	79	54	30	51	76	37	0	70	52	71	65	54	40	38	58	57	42	42	40	46	63	74	58	78
63	32	43	75	36	33	77	80	34	48	39	73	60	38	56	48	67	40	43	76	42	37	61	75	68	40	45	34	41	75	57	57	52	60	69	47	60	66	49	40	30	61	66	77	45	45	69	44	48	77	52	44	31	78	50	80	39	52	74	62	80	34	30	32	55	74	80	60	39	38	56	55	70	74	39	36	52	36	71	51	79	56	70	0	39	45	48	57	75	52	46	60	59	52	45	55	61	60	64	76
65	69	52	68	31	77	60	58	36	68	38	65	65	48	42	52	37	69	39	76	45	49	73	62	59	57	39	76	62	57	44	38	32	43	53	48	34	71	78	50	30	80	40	40	79	71	50	77	41	45	61	59	77	67	33	79	50	34	47	42	69	46	50	79	45	58	37	34	47	31	42	42	58	70	73	36	37	42	45	66	69	57	52	39	0	75	37	72	40	64	47	34	68	63	32	80	36	72	68	72
62	33	42	74	72	31	57	59	53	41	40	79	44	48	59	52	76	77	78	78	79	65	52	71	71	67	73	80	40	79	39	53	40	31	40	61	65	75	61	37	41	44	50	35	61	79	66	74	52	49	43	41	70	54	71	63	51	73	33	80	59	70	65	47	30	51	53	31	31	61	65	77	67	71	31	72	52	80	75	50	54	43	71	45	75	0	60	42	39	42	74	55	58	55	40	62	30	34	77	36
39	37	48	63	37	65	56	42	69	37	54	49	51	58	42	61	49	42	80	32	35	42	58	53	55	77	37	68	53	72	73	33	77	40	47	67	51	57	51	30	55	72	77	62	66	65	44	74	79	34	75	69	66	46	47	37	53	51	35	60	60	45	64	36	56	78	69	39	66	40	43	45	55	71	77	71	49	69	61	69	64	47	65	48	37	60	0	55	34	62	53	43	68	72	72	37	51	68	66	64
62	72	65	58	65	67	64	33	72	62	62	69	35	70	67	59	58	67	38	50	46	43	37	69	61	38	30	54	58	51	61	68	65	32	61	42	54	61	39	51	50	68	57	41	73	73	54	54	40	68	64	48	56	62	78	42	74	39	33	46	76	79	44	67	49	55	37	50	70	41	65	68	78	61	70	69	56	72	51	35	33	47	54	57	72	42	55	0	75	60	65	48	67	45	74	73	30	77	31	59
64	51	59	49	70	78	40	42	75	67	55	30	46	71	33	36	36	76	40	42	75	77	53	40	43	77	31	59	32	69	61	50	69	37	51	45	41	67	30	70	30	70	33	62	47	61	62	32	34	54	67	41	35	56	76	74	70	36	70	51	67	58	50	37	31	35	39	51	73	49	70	50	53	73	75	34	37	53	76	65	33	51	40	75	40	39	34	75	0	39	63	56	74	52	57	65	63	40	30	66
58	48	79	31	73	41	31	51	71	30	51	54	63	80	46	51	65	37	70	79	56	31	42	46	78	63	66	73	38	33	80	62	63	51	73	69	67	78	62	44	67	39	80	50	59	34	66	35	53	52	77	72	36	80	45	35	76	71	79	63	48	50	69	65	62	33	77	34	47	69	47	40	70	60	57	61	38	42	45	61	45	70	38	52	64	42	62	60	39	0	80	51	73	35	50	55	38	57	48	67
43	62	67	39	46	51	56	71	72	54	46	56	70	37	60	30	57	77	56	72	75	56	38	68	49	57	56	35	51	66	47	55	37	43	67	48	73	49	51	33	52	50	32	66	47	54	55	75	69	74	76	45	65	55	61	52	32	35	67	30	40	38	73	67	80	74	55	67	77	65	76	53	71	70	50	76	50	74	36	73	58	53	58	46	47	74	53	65	63	80	0	44	34	30	34	30	79	37	35	52
53	38	62	61	58	58	49	75	64	65	80	66	65	67	30	50	67	49	79	78	36	75	76	78	75	57	75	54	46	66	77	69	72	33	34	50	41	74	48	80	74	63	73	36	60	41	73	54	60	77	49	79	37	75	39	77	38	31	49	36	76	32	69	49	48	30	75	39	57	32	59	77	68	75	54	66	77	54	68	58	60	42	57	60	34	55	43	48	56	51	44	0	64	31	41	56	77	30	46	46
43	35	47	64	46	45	38	55	76	75	56	63	38	75	61	43	36	41	41	35	76	64	57	31	56	79	45	68	59	52	45	58	38	78	59	54	53	34	80	62	78	61	40	30	62	62	62	59	44	30	48	40	38	55	34	68	75	62	67	60	60	43	71	77	48	80	62	77	78	71	79	44	57	33	58	48	51	53	40	38	72	73	42	59	68	58	68	67	74	73	34	64	0	36	58	48	48	40	35	61
58	60	78	47	39	31	41	75	39	76	59	31	31	49	62	50	79	41	57	70	32	33	70	40	30	67	49	67	35	33	36	59	57	75	39	54	75	39	51	60	58	56	78	40	69	62	34	74	36	64	72	70	75	42	30	77	40	44	64	32	39	64	33	43	72	33	59	52	79	45	78	80	34	35	80	47	34	46	51	62	61	41	42	52	63	55	72	45	52	35	30	31	36	0	36	37	46	32	56	43
68	38	41	34	53	74	36	56	80	78	61	54	51	49	40	44	59	63	50	58	39	33	53	72	46	38	40	64	61	57	33	59	60	62	69	71	45	65	76	50	58	46	55	55	76	80	48	69	54	55	54	72	35	64	59	34	33	55	42	41	48	34	35	63	75	76	62	71	38	71	56	49	60	36	49	74	45	48	42	72	72	38	40	45	32	40	72	74	57	50	34	41	58	36	0	39	78	36	76	64
33	58	38	77	36	45	73	49	38	44	34	41	77	33	67	40	69	57	35	42	48	37	52	53	78	48	30	64	53	80	68	59	77	30	57	57	57	38	37	38	68	78	39	49	64	72	76	39	33	70	48	65	63	60	42	46	40	50	56	75	68	60	61	41	47	49	57	78	44	45	66	72	33	54	54	38	68	56	66	53	69	65	46	55	80	62	37	73	65	55	30	56	48	37	39	0	71	48	47	59
40	39	32	48	70	72	49	71	67	57	72	77	58	49	60	52	68	36	72	46	38	69	41	35	58	54	39	48	61	61	38	76	71	66	45	69	36	61	73	52	33	60	55	59	77	63	37	67	69	35	39	30	39	33	66	48	78	39	51	30	66	41	76	38	70	45	46	56	43	48	41	80	71	44	50	73	52	55	60	31	47	45	63	61	36	30	51	30	63	38	79	77	48	46	78	71	0	63	53	65
68	63	80	34	48	41	72	76	42	62	50	57	41	66	55	62	59	79	67	61	48	39	60	55	48	59	72	79	77	76	75	33	62	53	57	55	46	71	42	49	62	34	45	52	68	59	78	49	70	31	45	42	68	40	74	38	57	79	44	56	31	63	74	39	62	62	36	47	61	73	35	49	57	30	53	68	35	52	59	49	38	63	74	60	72	34	68	77	40	57	37	30	40	32	36	48	63	0	53	46
77	50	76	48	73	66	68	55	65	70	59	35	76	49	75	40	57	46	77	55	77	79	78	45	77	42	35	45	49	52	44	58	67	67	70	35	69	73	63	72	59	58	73	79	69	34	40	43	67	64	36	50	45	45	39	66	63	51	54	79	33	51	43	66	71	43	72	48	55	40	64	71	65	67	58	38	58	58	37	73	68	43	58	64	68	77	66	31	30	48	35	46	35	56	76	47	53	53	0	46
44	40	77	35	57	66	55	30	45	38	56	38	47	30	65	33	63	67	69	65	40	48	73	76	70	35	45	54	69	31	51	57	36	68	42	58	30	36	75	60	67	30	73	58	46	43	75	69	50	66	34	50	58	49	69	80	56	75	66	66	47	53	31	38	47	79	60	37	63	80	78	67	62	31	48	43	32	76	59	77	77	53	78	76	72	36	64	59	66	67	52	46	61	43	64	59	65	46	46	0

Initial health value of each distributed equipment: 
(Where columns denote demand points: 1 to 100.)
572.22	389.07	367.03	340.26	309.54	664.11	733.32	213.84	313.95	940.50	519.88	224.64	906.02	394.32	245.85	868.80	462.95	481.85	438.44	520.07	355.30	310.31	454.15	914.43	195.84	485.94	293.70	402.50	748.20	895.52	551.44	333.06	411.95	471.28	238.40	613.50	472.29	437.25	761.60	561.15	199.39	189.23	416.40	313.20	684.80	293.46	302.40	259.26	863.95	287.57	286.35	633.39	466.10	277.14	181.78	712.78	570.07	236.90	784.32	638.82	367.16	582.32	932.40	368.28	283.75	331.09	377.46	518.32	625.95	417.90	653.13	513.52	242.87	475.86	322.00	427.80	300.30	420.00	207.90	319.20	413.13	568.35	573.00	330.12	547.56	663.05	271.18	667.80	622.80	883.28	447.72	455.91	157.94	224.99	271.44	611.55	296.73	661.25	252.84	591.25

Spare parts types of different demand points: 
(where columns denote demand points: 1 to 100.)
2	5	3	3	2	5	4	3	2	1	2	5	5	5	1	3	3	1	5	2	5	5	5	2	2	5	1	3	2	1	2	5	4	5	1	1	1	5	2	1	5	5	5	3	1	2	3	1	3	4	4	2	5	4	2	3	5	1	2	1	4	5	1	3	1	5	5	4	3	4	1	2	4	3	3	5	5	2	2	1	1	5	5	4	2	3	3	5	5	3	1	3	5	3	5	1	3	1	3	1

inventory management cost per unit time of different types of orders: 
(where columns denote types of orders: 1 to 5.)
2	3	2.4	2.8	2

Maintenance cost per unit time of different worker: 
(Where rows denote strategy: 1 to 4,and columns denote available worker of each strategy: 1 to 4.)
4.3	3.8	3.3	4
4.9	4.2	3.6	4.7
3.5	4.2	4	3.6
4.5	4.1	3.1	3.2

The weight of tardiness cost of different demand points: 
(where columns denote demand points: 1 to 100.)
3.3	4.3	5.9	5.3	4.4	4.3	4.1	3.3	4.6	3.2	4.5	5.7	5.8	4.8	5.1	3.4	3	4.8	5.3	3.4	4.7	3.7	5.3	3	3.3	4.9	3.3	4.3	4.6	4.9	5.1	4.8	5.7	5.1	5.4	3.7	5.1	4.4	4.4	4.2	5	4.5	3.7	3.6	4.2	4.9	5.5	5.4	3.1	5.5	5	3.7	3.4	4.2	3.7	4.4	5.1	5.9	3.7	3.1	4.5	4.2	4.3	4.4	3.7	4	5	5.6	4.1	4.2	4.7	5.1	5	3.3	4.7	4.8	3.7	6	3.8	4.5	5.6	4.2	3.7	4.4	3	3.5	3.7	4.3	4	3.6	4.8	3.3	3.6	3.1	4	4.7	3.2	5.2	5.4	4.6

The waste of old spare part per unit time of each distributed equipment: 
(where columns denote demand points: 1 to 100.)
6.1	6.6	5.4	5.1	6	5.3	6.6	6.4	7.2	7.2	5.2	7.9	5.3	7.7	6.4	8	7.4	7.1	6.5	5.9	7.2	5.6	6.1	5.4	5.4	7.9	5.1	8	8	6.4	6.1	7.7	6.4	6.9	5.6	6.3	6.5	6.4	7.7	6.5	6.7	6.6	5.9	5	5.1	7.4	5.6	7.9	5.8	5.4	6	7.9	7.5	6.8	6.7	6.5	6.1	7.3	6.2	7.4	6.5	5.5	7.2	6.4	5.6	6.1	6.2	7.1	6	7.4	7.7	6.4	5.9	6.3	6.2	7.4	7.6	7.1	6.2	5.6	6.5	7.2	5.6	7.6	6.7	5.8	7.9	6.5	7.4	7.6	6.8	7.3	6.2	7	6.1	6.1	5.3	6.2	7.3	6.2

shutdown cost per unit time of each distributed equipment: 
(where columns denote demand points: 1 to 100.)
23.1	21	21.9	24.9	23.7	22.8	22.4	24.9	22.4	23	21.7	21.4	24.8	22.7	23.4	22.1	22.7	24.1	24.2	21.5	22	23.3	22.8	24.5	22.1	22	22.9	24.1	24.3	23.7	24.5	23	24.6	23.9	21.5	20.8	23.9	23.2	21.4	22.2	23.7	24.8	22.5	24.5	22.3	20.7	23.2	20.2	23.2	21.8	22	24.8	24.2	23.6	20.6	24.7	21.5	20.5	23.1	21	21.2	21	24.2	20.2	24.8	23.8	21.8	24.6	23.3	21.4	21.2	20.6	24.5	21.6	24	24.1	23.3	23.9	24.6	22.5	21.8	21.7	25	21	23.8	20.5	22	24.8	20.5	21.7	23.4	20.8	23.4	20.1	20.6	24.9	24.6	21.8	22.4	22.4

Deterioration rate of each piece of equipment:
(Where columns denote distributed equipment: 1 to 100.)
1.53	1.31	1.27	1.06	1.54	1.41	1.89	1.32	1.05	1.9	1.64	1.17	1.78	1.06	1.65	1.81	1.97	1.15	1.13	1.31	1.9	1.43	1.55	1.87	1.28	1.78	1.78	1.25	1.45	1.93	1.22	1.82	1.07	1.72	1.6	1.5	1.73	1.59	1.6	1.45	1.27	1.27	1.2	1.45	1.28	1.46	1.8	1.74	1.85	1.93	1.15	1.29	1.58	1.86	1.22	1.57	1.09	1.15	1.52	1.26	1.34	1.16	1.8	1.08	1.25	1.13	1.62	1.52	1.95	1.05	1.77	1.96	1.63	1.03	1.84	1.38	1.54	1.68	1.1	1.68	1.41	1.35	1.91	1.26	1.17	1.49	1.82	1.59	1.73	1.81	1.82	1.67	1.06	1.51	1.56	1.35	1.89	1.25	1.47	1.25

The processing time of different types of spare parts: 
(Where rows denote machines: 1 to 8,and columns denote types: 1 to 5.)
29	25	12	22	23
27	19	24	21	27
16	26	14	25	24
25	29	18	20	13
11	14	26	16	24
29	13	22	11	28
22	22	24	12	13
11	18	20	25	12

The maintenance time of different workers: 
(Where rows denote strategy: 1 to 4,and columns denote available worker of each strategy: 1 to 4.)
47	49	44	32
33	35	40	31
49	42	30	36
35	44	44	48

Repair degree of different strategies: 
(Where rows denote strategy: 1 to 44.)
0.66	0.67	0.55	0.54

Quantity of spare parts of each type reserved in each warehouse: 
(where rows denote warehouses£º1 to 6,and columns denote types£º1 to 5.)
1	3	4	5
1	6	1	1
2	4	5
2	3	3
1	2	3
2	2	4

Initial due date of each order: 
(Where columns denote order: 1 to 100.)
374	297	289	321	201	471	388	162	299	495	317	192	509	372	149	480	235	419	388	397	187	217	293	489	153	273	165	322	516	464	452	183	385	274	149	409	273	275	476	387	157	149	347	216	535	201	168	149	467	149	249	491	295	149	149	454	523	206	516	507	274	502	518	341	227	293	233	341	321	398	369	262	149	462	175	310	195	250	189	190	293	421	300	262	468	445	149	420	360	488	246	273	149	149	174	453	157	529	172	473

Maintenance starting time window of each piece of equipment: 
(Where rows denote Lower and Upper bounds of Maintenance starting time window: 1 to 2,and columns denote distributed equipment: 1 to 100.)
261.8	207.9	202.3	224.7	140.7	329.7	271.6	113.4	209.3	346.5	221.9	134.4	356.3	260.4	104.3	336	164.5	293.3	271.6	277.9	130.9	151.9	205.1	342.3	107.1	191.1	115.5	225.4	361.2	324.8	316.4	128.1	269.5	191.8	104.3	286.3	191.1	192.5	333.2	270.9	109.9	104.3	242.9	151.2	374.5	140.7	117.6	104.3	326.9	104.3	174.3	343.7	206.5	104.3	104.3	317.8	366.1	144.2	361.2	354.9	191.8	351.4	362.6	238.7	158.9	205.1	163.1	238.7	224.7	278.6	258.3	183.4	104.3	323.4	122.5	217	136.5	175	132.3	133	205.1	294.7	210	183.4	327.6	311.5	104.3	294	252	341.6	172.2	191.1	104.3	104.3	121.8	317.1	109.9	370.3	120.4	331.1
336.6	267.3	260.1	288.9	180.9	423.9	349.2	145.8	269.1	445.5	285.3	172.8	458.1	334.8	134.1	432	211.5	377.1	349.2	357.3	168.3	195.3	263.7	440.1	137.7	245.7	148.5	289.8	464.4	417.6	406.8	164.7	346.5	246.6	134.1	368.1	245.7	247.5	428.4	348.3	141.3	134.1	312.3	194.4	481.5	180.9	151.2	134.1	420.3	134.1	224.1	441.9	265.5	134.1	134.1	408.6	470.7	185.4	464.4	456.3	246.6	451.8	466.2	306.9	204.3	263.7	209.7	306.9	288.9	358.2	332.1	235.8	134.1	415.8	157.5	279	175.5	225	170.1	171	263.7	378.9	270	235.8	421.2	400.5	134.1	378	324	439.2	221.4	245.7	134.1	134.1	156.6	407.7	141.3	476.1	154.8	425.7

